# Hostname: ocasrv. Config used: --obj f --timefactor 60 --dv01 3 --dv02 0 --dv03 0 --dv04 0 --dv05 0 --dv06 0 --dv07 1 --dv08 2 --dv09 3 --dv10 12 --dv11 0 --iga --dc 7 --k 1 --alpha 0.3 --verbose
ta001 14058 0 72722 33535 14033 811 0 6
ta001 14058 0 72765 32903 14033 775 0 6
ta001 14058 0 72989 33391 14033 255 0 6
ta001 14058 0 72662 33080 14033 567 0 6
ta001 14058 0 72627 33192 14033 982 0 6
ta001 14058 0 73098 33592 14033 334 0 6
ta001 14058 0 71823 32784 14033 103 0 6
ta001 14058 0 72756 32955 14033 483 0 6
ta001 14058 0 72592 33343 14033 464 0 6
ta001 14058 0 72311 33078 14033 537 0 6
ta002 15420 0 75928 22963 15151 220 0 6
ta002 15420 0 75610 23252 15151 155 0 6
ta002 15420 0 75825 23245 15151 21 0 6
ta002 15420 0 75704 23473 15151 40 0 6
ta002 15420 0 75780 23269 15151 12 0 6
ta002 15420 0 75364 22777 15151 12 0 6
ta002 15420 0 75799 23006 15151 603 0 6
ta002 15420 0 75480 23002 15151 45 0 6
ta002 15420 0 75728 23062 15151 302 0 6
ta002 15420 0 76085 23220 15151 37 0 6
ta003 13477 0 71778 22418 13301 501 0 6
ta003 13477 0 71639 22431 13301 125 0 6
ta003 13477 0 71720 22703 13301 597 0 6
ta003 13477 0 71689 22638 13301 467 0 6
ta003 13477 0 71769 22683 13301 308 0 6
ta003 13477 0 71134 22292 13301 46 0 6
ta003 13477 0 71852 22381 13301 621 0 6
ta003 13477 0 71591 22560 13301 17 0 6
ta003 13477 0 71742 22510 13301 715 0 6
ta003 13477 0 71274 22399 13301 215 0 6
ta004 15573 0 73396 27700 15447 709 0 6
ta004 15573 0 73749 27704 15447 819 0 6
ta004 15573 0 73631 27643 15447 688 0 6
ta004 15573 0 73411 27498 15447 379 0 6
ta004 15573 0 73292 27253 15447 141 0 6
ta004 15573 0 73635 27376 15447 23 0 6
ta004 15573 0 73292 27759 15447 202 0 6
ta004 15573 0 73520 27398 15447 197 0 6
ta004 15573 0 73765 27673 15447 173 0 6
ta004 15573 0 73348 27453 15447 529 0 6
ta005 13643 0 79382 42866 13529 5 0 6
ta005 13643 0 79225 42927 13529 5 0 6
ta005 13643 0 79557 43253 13529 1 0 6
ta005 13643 0 79036 42519 13529 1 0 6
ta005 13643 0 79198 42733 13529 3 0 6
ta005 13643 0 79356 42948 13529 7 0 6
ta005 13643 0 79345 43064 13529 25 0 6
ta005 13643 0 79180 42853 13529 1 0 6
ta005 13643 0 79622 43028 13529 5 0 6
ta005 13643 0 79201 42639 13529 1 0 6
ta006 13150 0 79304 38544 13123 62 0 6
ta006 13150 0 79403 38516 13123 18 0 6
ta006 13150 0 79372 38428 13123 12 0 6
ta006 13150 0 79716 39134 13123 10 0 6
ta006 13150 0 79355 38473 13123 53 0 6
ta006 13150 0 79283 38272 13123 55 0 6
ta006 13150 0 79380 38790 13123 38 0 6
ta006 13150 0 79005 38415 13123 63 0 6
ta006 13150 0 79294 38374 13123 77 0 6
ta006 13150 0 79447 38353 13123 96 0 6
ta007 13659 0 74988 27776 13548 10447 0 6
ta007 13659 0 75791 27473 13548 2465 0 6
ta007 13659 0 75813 27442 13548 98 0 6
ta007 13659 0 75687 27183 13548 2510 0 6
ta007 13659 0 75706 27552 13548 3292 0 6
ta007 13659 0 74901 27348 13548 202 0 6
ta007 13659 0 75454 27311 13548 718 0 6
ta007 13659 0 75872 27844 13548 12649 1 6
ta007 13659 0 76003 27489 13548 7704 0 6
ta007 13659 0 74832 27821 13548 2103 0 6
ta008 14022 0 74350 31565 13948 37 0 6
ta008 14022 0 74348 31932 13948 417 0 6
ta008 14022 0 74245 31722 13948 17 0 6
ta008 14022 0 73978 31548 13948 35 0 6
ta008 14022 0 74122 31648 13948 17 0 6
ta008 14022 0 73968 31722 13948 15 0 6
ta008 14022 0 73765 31021 13948 1 0 6
ta008 14022 0 73575 31400 13948 295 0 6
ta008 14022 0 73984 31350 13948 27 0 6
ta008 14022 0 73876 31443 13948 135 0 6
ta009 14414 0 73084 22952 14295 75 0 6
ta009 14414 0 73304 23242 14295 242 0 6
ta009 14414 0 73364 23242 14295 280 0 6
ta009 14414 0 73459 23301 14295 22 0 6
ta009 14414 0 73421 23365 14295 177 0 6
ta009 14414 0 73547 22961 14295 56 0 6
ta009 14414 0 73366 23244 14295 7 0 6
ta009 14414 0 73251 23211 14295 168 0 6
ta009 14414 0 73564 23510 14295 19 0 6
ta009 14414 0 73352 23572 14295 137 0 6
ta010 12971 0 72807 24931 12943 53 0 6
ta010 12971 0 73640 24711 12943 5 0 6
ta010 12971 0 73415 24732 12943 1 0 6
ta010 12971 0 72958 25144 12943 7 0 6
ta010 12971 0 73479 24851 12943 5 0 6
ta010 12971 0 73528 24848 12943 4 0 6
ta010 12971 0 73131 24853 12943 0 0 6
ta010 12971 0 73104 24485 12943 5 0 6
ta010 12971 0 73018 24793 12943 1 0 6
ta010 12971 0 73497 25075 12943 1 0 6
ta011 20967 1 87637 35626 20911 223 0 12
ta011 20967 1 87911 35328 20911 121 0 12
ta011 20967 1 87906 35359 20911 251 0 12
ta011 20967 1 87814 35305 20911 357 0 12
ta011 20967 1 88078 35456 20911 48 0 12
ta011 20967 1 87911 35669 20911 353 0 12
ta011 20967 1 87865 35733 20911 299 0 12
ta011 20967 1 87886 35197 20911 155 0 12
ta011 20967 1 87844 35310 20911 417 0 12
ta011 20967 1 87956 35304 20911 139 0 12
ta012 22591 1 87796 37044 22440 95 0 12
ta012 22591 1 86788 36175 22440 301 0 12
ta012 22591 1 88001 37141 22440 59 0 12
ta012 22591 1 87777 36997 22440 21 0 12
ta012 22591 1 87870 37160 22440 66 0 12
ta012 22591 1 87809 36862 22440 141 0 12
ta012 22591 1 87380 36820 22440 65 0 12
ta012 22591 1 87734 37094 22440 105 0 12
ta012 22591 1 87875 36796 22440 15 0 12
ta012 22591 1 87483 36509 22440 173 0 12
ta013 19833 1 86550 34411 19833 0 0 12
ta013 19833 1 87179 34326 19833 0 0 12
ta013 19833 1 87388 34326 19833 0 0 12
ta013 19833 1 87252 34307 19833 0 0 12
ta013 19833 1 87466 34608 19833 0 0 12
ta013 19833 1 87515 34471 19833 0 0 12
ta013 19833 1 87378 34870 19833 0 0 12
ta013 19833 1 87697 34585 19833 0 0 12
ta013 19833 1 87162 34456 19833 0 0 12
ta013 19833 1 87146 34433 19833 0 0 12
ta014 18792 1 90866 31342 18710 627 0 12
ta014 18792 1 90824 31429 18710 2279 0 12
ta014 18792 1 91254 31939 18710 599 0 12
ta014 18792 1 90828 31146 18710 599 0 12
ta014 18792 1 90500 31037 18710 90 0 12
ta014 18792 1 90843 31262 18710 2075 0 12
ta014 18792 1 90988 31530 18710 309 0 12
ta014 18792 1 90867 31569 18710 342 0 12
ta014 18792 1 90738 30976 18710 331 0 12
ta014 18792 1 90958 32202 18710 295 0 12
ta015 18766 1 90820 41151 18641 27 0 12
ta015 18766 1 90389 41019 18641 85 0 12
ta015 18766 1 89974 40624 18641 897 0 12
ta015 18766 1 90007 40677 18641 59 0 12
ta015 18766 1 90572 40590 18641 759 0 12
ta015 18766 1 90464 40609 18641 93 0 12
ta015 18766 1 90594 41129 18641 299 0 12
ta015 18766 1 90872 41418 18641 59 0 12
ta015 18766 1 90012 40711 18641 49 0 12
ta015 18766 1 90553 40840 18641 169 0 12
ta016 19465 1 89958 35579 19245 183 0 12
ta016 19465 1 89656 35059 19245 307 0 12
ta016 19465 1 89776 35262 19245 61 0 12
ta016 19465 1 89882 35302 19245 961 0 12
ta016 19465 1 89564 35144 19245 675 0 12
ta016 19465 1 89958 35178 19245 2031 0 12
ta016 19465 1 89133 34841 19245 631 0 12
ta016 19465 1 89956 35178 19245 2051 0 12
ta016 19465 1 89834 35220 19245 409 0 12
ta016 19465 1 89560 34781 19245 19 0 12
ta017 18531 1 88344 37603 18363 139 0 12
ta017 18531 1 88928 37511 18363 61 0 12
ta017 18531 1 88804 37605 18363 45 0 12
ta017 18531 1 88755 37566 18363 265 0 12
ta017 18531 1 88780 37678 18363 59 0 12
ta017 18531 1 88589 37377 18363 241 0 12
ta017 18531 1 88924 37840 18363 137 0 12
ta017 18531 1 88779 37571 18363 85 0 12
ta017 18531 1 88591 37528 18363 73 0 12
ta017 18531 1 88742 37772 18363 314 0 12
ta018 20362 1 88272 30457 20241 701 0 12
ta018 20362 1 88209 30440 20241 1343 0 12
ta018 20362 1 88052 30349 20241 1017 0 12
ta018 20362 1 87888 30313 20241 240 0 12
ta018 20362 1 87897 30300 20241 95 0 12
ta018 20362 1 88454 30521 20241 143 0 12
ta018 20362 1 88359 30761 20241 364 0 12
ta018 20362 1 88408 30768 20241 49 0 12
ta018 20362 1 88378 30826 20241 457 0 12
ta018 20362 1 88340 30855 20241 250 0 12
ta019 20436 1 86591 36418 20330 37 0 12
ta019 20436 1 87450 36954 20330 221 0 12
ta019 20436 1 87507 36811 20330 56 0 12
ta019 20436 1 87188 36413 20330 49 0 12
ta019 20436 1 87228 36689 20330 143 0 12
ta019 20436 1 87265 36742 20330 115 0 12
ta019 20436 1 87273 36750 20330 81 0 12
ta019 20436 1 87308 36587 20330 53 0 12
ta019 20436 1 87321 36624 20330 449 0 12
ta019 20436 1 87722 36939 20330 145 0 12
ta020 21584 1 86132 36228 21320 12 0 12
ta020 21584 1 86116 36160 21320 169 0 12
ta020 21584 1 86200 36111 21320 139 0 12
ta020 21584 1 86207 36225 21320 511 0 12
ta020 21584 1 86519 36212 21320 105 0 12
ta020 21584 1 86117 36179 21320 558 0 12
ta020 21584 1 85857 36089 21320 263 0 12
ta020 21584 1 85508 35602 21320 301 0 12
ta020 21584 1 86166 35947 21320 437 0 12
ta020 21584 1 85402 35714 21320 45 0 12
ta021 33812 1 101090 55542 33623 85 0 24
ta021 33812 1 101204 55431 33623 31 0 24
ta021 33812 1 100998 55450 33623 45 0 24
ta021 33812 1 101279 55526 33623 91 0 24
ta021 33812 1 100966 55563 33623 109 0 24
ta021 33812 1 101423 55860 33623 27 0 24
ta021 33812 1 100990 55532 33623 50 0 24
ta021 33812 1 101262 55564 33623 37 0 24
ta021 33812 1 101173 55561 33623 19 0 24
ta021 33812 1 100935 55658 33623 34 0 24
ta022 31691 1 92798 41628 31587 495 0 24
ta022 31691 1 92507 41228 31587 389 0 24
ta022 31691 1 93100 41600 31587 722 0 24
ta022 31691 1 92610 41424 31587 473 0 24
ta022 31691 1 92938 41549 31587 231 0 24
ta022 31691 1 93003 41558 31587 279 0 24
ta022 31691 1 93084 41633 31587 246 0 24
ta022 31691 1 92932 41520 31587 457 0 24
ta022 31691 1 92883 41792 31587 596 0 24
ta022 31691 1 92660 41585 31587 56 0 24
ta023 34318 1 90573 29020 33920 55 0 24
ta023 34318 1 90574 29196 33920 57 0 24
ta023 34318 1 90638 29320 33920 21 0 24
ta023 34318 1 90607 28974 33920 7 0 24
ta023 34318 1 90562 29021 33920 29 0 24
ta023 34318 1 90638 29081 33920 3 0 24
ta023 34318 1 90542 29046 33920 71 0 24
ta023 34318 1 90598 29094 33920 11 0 24
ta023 34318 1 90576 29279 33920 105 0 24
ta023 34318 1 90616 28936 33920 49 0 24
ta024 31738 1 89816 41437 31661 347 0 24
ta024 31738 1 89776 41500 31661 95 0 24
ta024 31738 1 89555 41832 31661 27 0 24
ta024 31738 1 89572 41446 31661 153 0 24
ta024 31738 1 89707 41676 31661 23 0 24
ta024 31738 1 89746 41606 31661 50 0 24
ta024 31738 1 89380 41606 31661 13 0 24
ta024 31738 1 89669 41440 31661 241 0 24
ta024 31738 1 89708 41592 31661 253 0 24
ta024 31738 1 89968 42130 31661 85 0 24
ta025 34693 1 92127 39500 34557 475 0 24
ta025 34693 1 91861 38160 34557 25 0 24
ta025 34693 1 91863 37561 34557 257 0 24
ta025 34693 1 91295 37190 34557 893 0 24
ta025 34693 1 91644 37814 34557 2881 0 24
ta025 34693 1 91740 36873 34557 756 0 24
ta025 34693 1 91742 37496 34557 277 0 24
ta025 34693 1 91458 36770 34557 2589 0 24
ta025 34693 1 91952 37472 34557 2724 0 24
ta025 34693 1 91704 37568 34557 1104 0 24
ta026 32616 1 86113 34234 32564 15 0 24
ta026 32616 1 86258 34214 32564 11 0 24
ta026 32616 1 86601 34543 32564 17 0 24
ta026 32616 1 86387 34044 32564 5 0 24
ta026 32616 1 86022 34328 32564 11 0 24
ta026 32616 1 86419 34523 32564 37 0 24
ta026 32616 1 86453 34487 32564 93 0 24
ta026 32616 1 86288 34269 32564 4 0 24
ta026 32616 1 86400 34534 32564 65 0 24
ta026 32616 1 86443 34550 32564 49 0 24
ta027 33249 1 86736 35793 32922 59 0 24
ta027 33249 1 86562 35749 32922 183 0 24
ta027 33249 1 86467 35784 32922 49 0 24
ta027 33249 1 86553 35777 32922 209 0 24
ta027 33249 1 86612 35794 32922 103 0 24
ta027 33249 1 86382 35604 32922 347 0 24
ta027 33249 1 86779 35859 32922 206 0 24
ta027 33249 1 86785 35860 32922 343 0 24
ta027 33249 1 86319 35547 32922 90 0 24
ta027 33249 1 86690 36049 32922 133 0 24
ta028 32871 1 91880 34923 32412 240 0 24
ta028 32871 1 91925 34916 32412 1337 0 24
ta028 32871 1 91899 34799 32412 2289 0 24
ta028 32871 1 91862 34564 32412 39 0 24
ta028 32871 1 91618 34543 32412 19 0 24
ta028 32871 1 92146 34936 32412 54 0 24
ta028 32871 1 91862 35057 32412 307 0 24
ta028 32871 1 91734 34602 32412 19 0 24
ta028 32871 1 92124 34859 32412 631 0 24
ta028 32871 1 92066 35066 32412 225 0 24
ta029 33857 1 87780 34870 33600 39 0 24
ta029 33857 1 87708 34269 33600 49 0 24
ta029 33857 1 87280 34618 33600 457 0 24
ta029 33857 1 87670 34430 33600 1349 0 24
ta029 33857 1 87999 34581 33600 599 0 24
ta029 33857 1 86905 34086 33600 151 0 24
ta029 33857 1 87618 34456 33600 101 0 24
ta029 33857 1 87622 34472 33600 99 0 24
ta029 33857 1 87594 35004 33600 723 0 24
ta029 33857 1 87864 34911 33600 230 0 24
ta030 32467 1 90232 39684 32262 109 0 24
ta030 32467 1 90375 39907 32262 7 0 24
ta030 32467 1 90541 40364 32262 23 0 24
ta030 32467 1 90426 39674 32262 59 0 24
ta030 32467 1 90661 40331 32262 47 0 24
ta030 32467 1 90634 40220 32262 398 0 24
ta030 32467 1 90648 40104 32262 10 0 24
ta030 32467 1 90538 40076 32262 291 0 24
ta030 32467 1 90547 39746 32262 1 0 24
ta030 32467 1 90446 40081 32262 27 0 24
ta031 65134 4 17618 6660 64897 1501 1 15
ta031 65134 4 17538 6691 64881 13563 11 15
ta031 65134 4 17413 6636 64896 3032 2 15
ta031 65134 4 17676 6717 64817 14677 12 15
ta031 65134 4 17538 6562 64853 2509 2 15
ta031 65134 4 17523 6575 64952 128 0 15
ta031 65134 4 17504 6462 64838 13015 11 15
ta031 65134 4 17452 6561 64887 12375 10 15
ta031 65134 4 17178 6518 64906 54 0 15
ta031 65134 4 17516 6778 64907 2195 1 15
ta032 68180 3 17770 6598 68169 54 0 15
ta032 68180 3 17935 6611 68117 9148 7 15
ta032 68180 3 17920 6578 68165 14140 11 15
ta032 68180 3 17760 6596 68160 9705 8 15
ta032 68180 3 17704 6447 68180 0 0 15
ta032 68180 3 17856 6566 68133 4273 3 15
ta032 68180 3 17684 6562 68164 6898 5 15
ta032 68180 3 17918 6735 68180 0 0 15
ta032 68180 3 17743 6623 68176 8649 7 15
ta032 68180 3 17772 6593 68112 106 0 15
ta033 63350 3 18066 6733 63350 0 0 15
ta033 63350 3 18182 7012 63216 14943 12 15
ta033 63350 3 18101 6957 63284 7023 5 15
ta033 63350 3 18175 6889 63283 258 0 15
ta033 63350 3 18175 6901 63162 11505 9 15
ta033 63350 3 18377 7190 63195 12413 10 15
ta033 63350 3 18083 6826 63326 351 0 15
ta033 63350 3 18145 6808 63292 5237 4 15
ta033 63350 3 18123 6849 63281 12433 10 15
ta033 63350 3 18340 7003 63262 5363 4 15
ta034 68612 3 18089 7085 68397 2835 2 15
ta034 68612 4 18012 7042 68351 10759 9 15
ta034 68612 3 17963 6967 68447 15934 13 15
ta034 68612 3 18076 7097 68293 12538 10 15
ta034 68612 3 18028 7030 68442 11043 9 15
ta034 68612 3 17928 7052 68430 2954 2 15
ta034 68612 3 18069 7123 68289 11721 9 15
ta034 68612 3 17909 7020 68439 12259 10 15
ta034 68612 3 18109 6971 68381 12341 10 15
ta034 68612 3 18038 7014 68417 7703 6 15
ta035 69573 3 16727 5398 69423 19 0 15
ta035 69573 3 16623 5419 69475 230 0 15
ta035 69573 4 16701 5451 69524 7 0 15
ta035 69573 3 16736 5670 69478 121 0 15
ta035 69573 3 16730 5391 69412 62 0 15
ta035 69573 3 16745 5433 69470 6 0 15
ta035 69573 3 16741 5497 69436 43 0 15
ta035 69573 3 16713 5633 69453 12821 11 15
ta035 69573 3 16667 5564 69415 13760 12 15
ta035 69573 3 16669 5687 69471 7 0 15
ta036 67030 3 18083 7915 66930 10289 8 15
ta036 67030 3 18334 8013 66941 4428 3 15
ta036 67030 3 18160 7984 67014 0 0 15
ta036 67030 3 18156 7937 66977 11424 9 15
ta036 67030 3 18098 7901 67003 5836 4 15
ta036 67030 3 18065 7907 66896 4964 4 15
ta036 67030 3 18053 7942 66905 10511 8 15
ta036 67030 3 18140 7851 66998 11765 9 15
ta036 67030 3 18210 8244 66908 10197 8 15
ta036 67030 3 18100 7960 66973 9184 7 15
ta037 66434 3 17504 6389 66288 1705 1 15
ta037 66434 3 17514 6129 66354 795 0 15
ta037 66434 3 17397 6306 66343 418 0 15
ta037 66434 3 17369 6135 66327 210 0 15
ta037 66434 3 17374 6073 66359 1 0 15
ta037 66434 3 17436 5968 66268 4432 3 15
ta037 66434 3 17388 6071 66286 14802 12 15
ta037 66434 3 17446 6115 66333 4268 3 15
ta037 66434 3 17419 6253 66253 12617 10 15
ta037 66434 3 17524 6269 66374 1 0 15
ta038 64499 3 18324 7612 64413 9603 7 15
ta038 64499 3 18301 7608 64431 10190 8 15
ta038 64499 3 18242 7580 64370 936 0 15
ta038 64499 3 18126 7532 64418 4420 3 15
ta038 64499 3 18198 7405 64482 0 0 15
ta038 64499 3 18236 7502 64418 15802 12 15
ta038 64499 3 18181 7528 64431 173 0 15
ta038 64499 3 18165 7413 64436 7987 6 15
ta038 64499 3 18202 7513 64381 15235 12 15
ta038 64499 3 18183 7778 64381 1163 0 15
ta039 63324 4 18382 7423 63134 6907 5 15
ta039 63324 4 18394 7585 63076 6369 5 15
ta039 63324 4 18514 7520 63105 3123 2 15
ta039 63324 4 18261 7533 63121 7911 6 15
ta039 63324 4 18430 7691 63116 9636 7 15
ta039 63324 4 18313 7501 63117 17014 13 15
ta039 63324 4 18486 7681 63107 3645 2 15
ta039 63324 4 18484 7607 63057 9399 7 15
ta039 63324 4 18458 7469 63111 6719 5 15
ta039 63324 4 18457 7622 63051 8303 6 15
ta040 69206 3 17364 5142 68946 16158 13 15
ta040 69206 3 17027 5230 69075 202 0 15
ta040 69206 3 17161 5281 69041 11 0 15
ta040 69206 3 17232 5323 69102 11839 10 15
ta040 69206 3 17259 5321 68972 330 0 15
ta040 69206 3 17222 5271 69057 68 0 15
ta040 69206 3 17197 5254 69088 153 0 15
ta040 69206 3 17234 5313 69126 10865 9 15
ta040 69206 3 17284 5290 69018 239 0 15
ta040 69206 3 17224 5346 69060 375 0 15
ta041 88312 6 20540 8599 87436 20004 29 30
ta041 88312 6 20724 8737 87307 13608 19 30
ta041 88312 6 20385 8166 87299 6789 10 30
ta041 88312 6 20567 8314 87507 6379 9 30
ta041 88312 6 20887 9357 87140 12929 18 30
ta041 88312 6 20537 8383 87367 18993 27 30
ta041 88312 6 20941 9059 87365 7409 10 30
ta041 88312 6 20845 8629 87367 15765 22 30
ta041 88312 6 20452 8072 87359 20007 29 30
ta041 88312 6 20871 9172 87143 10691 15 30
ta042 84223 6 20348 8417 82951 17473 25 30
ta042 84223 6 20568 8866 82956 7455 10 30
ta042 84223 6 20712 9267 83160 740 1 30
ta042 84223 6 20694 9405 82945 9630 14 30
ta042 84223 6 20455 8717 82820 8789 12 30
ta042 84223 6 20389 8454 83087 16333 23 30
ta042 84223 6 20592 9000 82820 18861 27 30
ta042 84223 6 20463 8888 82954 14271 20 30
ta042 84223 6 20544 8917 83438 10581 15 30
ta042 84223 6 20561 9194 83095 11849 17 30
ta043 80653 6 21240 9593 80180 20455 28 30
ta043 80653 6 21381 9487 80189 8533 11 30
ta043 80653 6 21368 9903 80024 19833 27 30
ta043 80653 6 21348 9470 79987 18001 25 30
ta043 80653 6 21708 9998 80277 21603 29 30
ta043 80653 6 21460 9827 80060 19969 28 30
ta043 80653 6 21295 9611 80094 20159 28 30
ta043 80653 6 21366 9725 80134 19389 27 30
ta043 80653 6 21414 9596 80179 16021 22 30
ta043 80653 6 21822 10428 80162 17449 23 30
ta044 87085 6 20698 9174 86728 8134 11 30
ta044 87085 6 20838 9547 86641 19088 27 30
ta044 87085 6 20808 9354 86732 8145 11 30
ta044 87085 6 20613 9275 86516 9416 13 30
ta044 87085 6 20828 9372 86706 20545 29 30
ta044 87085 6 20599 9323 86737 13900 20 30
ta044 87085 6 20676 9043 86645 6470 9 30
ta044 87085 6 20955 9392 86774 2479 3 30
ta044 87085 6 20715 8745 86777 9799 14 30
ta044 87085 6 20920 9793 86627 17918 25 30
ta045 87523 6 20858 8724 86496 18746 26 30
ta045 87523 6 20849 8516 86576 11939 17 30
ta045 87523 6 20464 7940 86609 20174 29 30
ta045 87523 6 20903 8931 86427 2803 4 30
ta045 87523 6 20732 8625 86514 10571 15 30
ta045 87523 6 20468 8024 86566 14107 20 30
ta045 87523 6 21162 9025 86447 15791 22 30
ta045 87523 6 20793 8535 86646 3943 5 30
ta045 87523 6 20470 7602 86424 17105 25 30
ta045 87523 6 20311 7570 86614 1189 1 30
ta046 87175 6 20320 8101 86759 8972 13 30
ta046 87175 6 20170 8076 86643 15235 22 30
ta046 87175 6 20438 8530 86643 10863 15 30
ta046 87175 6 20390 8406 86757 19299 28 30
ta046 87175 6 20432 8221 86748 13823 20 30
ta046 87175 6 20306 8445 86721 5329 7 30
ta046 87175 6 20485 8709 86831 7092 10 30
ta046 87175 6 20424 8156 86804 1705 2 30
ta046 87175 6 20384 8475 86695 19729 29 30
ta046 87175 6 20320 8218 86741 14621 21 30
ta047 90131 6 20310 9074 89032 11754 17 30
ta047 90131 6 20458 9100 89005 18429 27 30
ta047 90131 6 20292 8967 89027 11039 16 30
ta047 90131 6 20659 9589 88807 6033 8 30
ta047 90131 6 20255 8623 89097 10077 14 30
ta047 90131 6 20437 9351 88973 7721 11 30
ta047 90131 6 20472 9236 88909 7777 11 30
ta047 90131 6 20547 9169 88996 8867 12 30
ta047 90131 6 20530 9401 89140 10126 14 30
ta047 90131 6 20393 9294 88930 10759 15 30
ta048 87463 6 20401 8085 87086 20050 29 30
ta048 87463 6 20516 8582 86893 19685 28 30
ta048 87463 6 20386 8506 86976 10037 14 30
ta048 87463 6 20328 8311 87071 8641 12 30
ta048 87463 6 20647 8467 86838 13279 19 30
ta048 87463 6 20542 8375 86852 18561 27 30
ta048 87463 6 20577 8615 86918 7773 11 30
ta048 87463 6 20692 8688 87034 19668 28 30
ta048 87463 6 20468 8394 86925 19774 29 30
ta048 87463 6 20407 8224 87039 6055 8 30
ta049 86180 6 20500 8798 85618 18922 27 30
ta049 86180 6 20450 8534 85577 2343 3 30
ta049 86180 6 20372 8594 85616 8411 12 30
ta049 86180 6 20967 9583 85441 14649 21 30
ta049 86180 6 20617 8312 85628 8883 12 30
ta049 86180 6 20543 8705 85577 13575 19 30
ta049 86180 6 20469 8789 85585 19127 28 30
ta049 86180 6 20542 8846 85645 19341 28 30
ta049 86180 6 20379 8263 85668 13095 19 30
ta049 86180 6 20554 8778 85577 4583 6 30
ta050 88839 6 20294 9548 88331 203 0 30
ta050 88839 6 20039 8930 88186 19963 29 30
ta050 88839 6 20181 9134 88097 19385 28 30
ta050 88839 6 20075 9075 88246 3975 5 30
ta050 88839 6 20116 9310 88202 7292 10 30
ta050 88839 6 19984 8938 88141 19961 29 30
ta050 88839 6 20057 9292 87998 711 1 30
ta050 88839 6 19982 8739 88204 6613 9 30
ta050 88839 6 20408 9699 87998 9829 14 30
ta050 88839 6 20203 9238 87998 2185 3 30
ta051 126260 10 20067 11209 125835 8129 24 60
ta051 126260 10 19602 10420 125850 4059 12 60
ta051 126260 10 19676 10487 125852 9399 28 60
ta051 126260 10 19673 10656 125935 6123 18 60
ta051 126260 10 20386 12129 125835 2319 7 60
ta051 126260 10 19562 10290 125852 16363 50 60
ta051 126260 10 19438 10174 125861 8595 26 60
ta051 126260 10 20086 11157 125848 18537 55 60
ta051 126260 10 19569 10221 125861 16775 51 60
ta051 126260 10 19521 10094 125866 17691 54 60
ta052 120935 10 19235 9373 119924 13345 41 60
ta052 120935 10 19361 9830 119533 9285 29 60
ta052 120935 10 19147 9417 120119 5545 17 60
ta052 120935 10 19162 9398 119284 18583 58 60
ta052 120935 10 19220 9273 120009 10788 33 60
ta052 120935 10 19501 10025 119540 15677 48 60
ta052 120935 10 18929 8685 119970 4755 15 60
ta052 120935 10 19264 9485 119967 7313 23 60
ta052 120935 10 19252 9339 119653 16206 50 60
ta052 120935 10 19253 9229 119959 10633 33 60
ta053 117927 10 19714 9983 116844 11549 35 60
ta053 117927 10 19994 10291 116768 6169 19 60
ta053 117927 10 19880 10269 116890 11653 35 60
ta053 117927 10 19678 10410 116878 3475 10 60
ta053 117927 10 19928 10174 116821 11409 34 60
ta053 117927 10 19436 9981 116792 10471 32 60
ta053 117927 10 19700 9692 117062 11303 34 60
ta053 117927 10 19641 9880 116895 8219 25 60
ta053 117927 10 19883 10293 116947 15554 47 60
ta053 117927 10 19596 10149 117144 13133 40 60
ta054 121442 10 19502 9782 120975 15359 47 60
ta054 121442 10 19752 9925 121136 18399 55 60
ta054 121442 10 19738 10297 120887 16739 50 60
ta054 121442 10 20130 10737 121161 16885 50 60
ta054 121442 10 19643 10263 120908 6848 21 60
ta054 121442 10 19818 10407 120813 9721 30 60
ta054 121442 10 19240 9249 121156 2067 6 60
ta054 121442 10 19734 10193 121186 5491 16 60
ta054 121442 10 19666 10703 120985 9979 30 60
ta054 121442 10 19618 10157 121177 14069 43 60
ta055 120028 11 19658 10300 118711 2059 6 60
ta055 120028 11 18783 8444 118951 5059 16 60
ta055 120028 11 19323 10044 118678 14083 44 60
ta055 120028 11 19360 9877 118415 10227 32 60
ta055 120028 11 19538 10122 118451 12009 37 60
ta055 120028 11 19584 10701 118405 15487 47 60
ta055 120028 11 18948 9526 118787 12603 40 60
ta055 120028 11 19108 9826 118630 14663 45 60
ta055 120028 11 19423 10521 118771 505 1 60
ta055 120028 11 19031 9512 118820 13567 42 60
ta056 122373 10 19901 10813 120975 3295 10 60
ta056 122373 10 19376 9144 120851 12575 38 60
ta056 122373 10 19963 10533 120975 8773 26 60
ta056 122373 10 19366 9184 120851 7387 23 60
ta056 122373 11 19108 8867 121060 1313 4 60
ta056 122373 10 19511 9992 120873 13859 42 60
ta056 122373 10 19557 9594 120752 5144 15 60
ta056 122373 10 19774 10134 120850 17775 53 60
ta056 122373 10 19385 8927 120947 7417 23 60
ta056 122373 10 19122 8830 121060 2051 6 60
ta057 124887 10 19608 10289 123256 1331 4 60
ta057 124887 10 19631 10343 123256 3783 11 60
ta057 124887 10 19611 10410 123256 8979 27 60
ta057 124887 10 19038 9227 123406 17209 54 60
ta057 124887 10 19332 9653 123256 2099 6 60
ta057 124887 10 19488 10082 123256 5599 17 60
ta057 124887 10 19173 9190 123208 17509 54 60
ta057 124887 10 19488 9722 123312 2750 8 60
ta057 124887 10 19424 10212 123256 8795 27 60
ta057 124887 10 19529 10215 123256 1883 5 60
ta058 123607 10 19316 9676 122550 15999 49 60
ta058 123607 10 19460 9987 122546 4661 14 60
ta058 123607 10 19182 9756 122550 13162 41 60
ta058 123607 10 19477 9845 122795 16759 51 60
ta058 123607 10 19343 9346 122659 15495 48 60
ta058 123607 10 19368 9811 122579 17303 53 60
ta058 123607 10 19588 10019 122783 1745 5 60
ta058 123607 10 19556 10031 122615 19493 59 60
ta058 123607 10 19300 9580 122782 3863 11 60
ta058 123607 10 19402 9866 122659 7793 24 60
ta059 122493 11 19393 10138 122221 85 0 60
ta059 122493 11 19133 9385 122047 17916 56 60
ta059 122493 11 19263 9913 122005 17095 53 60
ta059 122493 11 19452 10125 122009 4469 13 60
ta059 122493 11 19400 9659 122005 4487 13 60
ta059 122493 11 19326 9682 122009 2807 8 60
ta059 122493 11 19338 9746 122009 12257 38 60
ta059 122493 11 19392 9928 122129 18489 57 60
ta059 122493 11 19132 9425 121872 2831 8 60
ta059 122493 11 19103 9568 122109 15095 47 60
ta060 125141 11 19048 8846 124300 5457 17 60
ta060 125141 11 19138 9244 124441 7595 24 60
ta060 125141 11 19166 9283 124425 6169 19 60
ta060 125141 11 19224 9209 124343 16911 52 60
ta060 125141 11 19050 9109 124343 14079 44 60
ta060 125141 11 18870 8207 124534 13497 43 60
ta060 125141 11 18898 8403 124228 17551 55 60
ta060 125141 11 19120 8890 124325 10135 31 60
ta060 125141 11 19186 9583 124380 7231 22 60
ta060 125141 11 19074 8823 124484 9495 30 60
ta061 253202 23 5047 1890 253202 0 0 30
ta061 253202 23 5088 1958 253202 0 0 30
ta061 253202 23 5041 1782 253202 0 0 30
ta061 253202 23 5060 1942 253202 0 0 30
ta061 253202 23 5105 1984 253202 0 0 30
ta061 253202 23 5042 1928 253202 0 0 30
ta061 253202 23 5036 1940 253202 0 0 30
ta061 253202 23 5080 1908 253202 0 0 30
ta061 253202 23 5114 1992 253202 0 0 30
ta061 253202 23 5064 1839 253202 0 0 30
ta062 242093 22 5150 1886 242031 101 0 30
ta062 242093 22 5179 1902 242092 0 0 30
ta062 242093 22 5152 1862 242092 0 0 30
ta062 242093 22 5210 1956 242090 1 0 30
ta062 242093 22 5166 1921 242032 33 0 30
ta062 242093 22 5108 1786 242087 47 0 30
ta062 242093 22 5210 1964 242085 25 0 30
ta062 242093 22 5107 1827 242090 3 0 30
ta062 242093 22 5190 1899 242090 3 0 30
ta062 242093 22 5108 1902 242014 37 0 30
ta063 237886 22 5189 2105 237886 0 0 30
ta063 237886 22 5213 2171 237886 0 0 30
ta063 237886 22 5222 2163 237886 0 0 30
ta063 237886 22 5190 2243 237886 0 0 30
ta063 237886 22 5186 2185 237886 0 0 30
ta063 237886 22 5170 2134 237886 0 0 30
ta063 237886 22 5231 2140 237886 0 0 30
ta063 237886 22 5216 2143 237886 0 0 30
ta063 237886 22 5270 2232 237886 0 0 30
ta063 237886 22 5185 2123 237886 0 0 30
ta064 227756 24 5235 2239 227749 0 0 30
ta064 227756 24 5228 2259 227749 0 0 30
ta064 227756 24 5313 2244 227749 0 0 30
ta064 227756 24 5279 2152 227749 0 0 30
ta064 227756 24 5206 2174 227744 11 0 30
ta064 227756 24 5244 2233 227727 51 0 30
ta064 227756 24 5284 2237 227749 0 0 30
ta064 227756 24 5247 2253 227749 0 0 30
ta064 227756 24 5266 2233 227749 0 0 30
ta064 227756 24 5353 2307 227749 0 0 30
ta065 240826 23 5161 2072 240826 0 0 30
ta065 240826 23 5156 2048 240826 0 0 30
ta065 240826 23 5142 2043 240826 0 0 30
ta065 240826 23 5164 2021 240815 35 0 30
ta065 240826 23 5159 1985 240826 0 0 30
ta065 240826 23 5250 2068 240826 0 0 30
ta065 240826 23 5213 2030 240826 0 0 30
ta065 240826 23 5140 2002 240826 0 0 30
ta065 240826 23 5162 2062 240826 0 0 30
ta065 240826 23 5111 1909 240826 0 0 30
ta066 232405 23 5290 2013 232399 0 0 30
ta066 232405 23 5259 2033 232399 0 0 30
ta066 232405 23 5257 2085 232399 0 0 30
ta066 232405 23 5238 2024 232399 0 0 30
ta066 232405 23 5330 2067 232399 0 0 30
ta066 232405 23 5271 2098 232399 0 0 30
ta066 232405 23 5264 2090 232399 0 0 30
ta066 232405 23 5179 1975 232399 0 0 30
ta066 232405 23 5278 2133 232399 0 0 30
ta066 232405 24 5217 1942 232399 0 0 30
ta067 240876 23 4979 1888 240867 1 0 30
ta067 240876 23 4860 1837 240876 0 0 30
ta067 240876 23 4939 1923 240876 0 0 30
ta067 240876 23 4978 1870 240867 1 0 30
ta067 240876 23 4982 1870 240852 72 0 30
ta067 240876 23 4976 1903 240760 25 0 30
ta067 240876 23 4925 1910 240812 53 0 30
ta067 240876 23 4998 1894 240876 0 0 30
ta067 240876 23 4904 1846 240829 36 0 30
ta067 240876 23 4953 1881 240704 115 0 30
ta068 231184 23 5204 1830 231179 248 1 30
ta068 231184 23 5152 1798 231184 0 0 30
ta068 231184 23 5198 1803 231160 202 1 30
ta068 231184 23 5130 1802 231184 0 0 30
ta068 231184 23 5182 1819 231184 0 0 30
ta068 231184 23 5180 1815 231184 0 0 30
ta068 231184 23 5271 1825 231184 0 0 30
ta068 231184 23 5215 1823 231184 0 0 30
ta068 231184 23 5144 1791 231184 0 0 30
ta068 231184 23 5150 1764 231184 0 0 30
ta069 248254 22 5196 1889 248151 60 0 30
ta069 248254 23 5156 1739 248152 5 0 30
ta069 248254 22 5162 1872 248152 3 0 30
ta069 248254 23 5180 1862 248138 15 0 30
ta069 248254 23 5168 1817 248152 3 0 30
ta069 248254 22 5182 1850 248152 5 0 30
ta069 248254 23 5180 1746 248241 1 0 30
ta069 248254 22 5134 1807 248152 9 0 30
ta069 248254 23 5180 1832 248193 17 0 30
ta069 248254 22 5184 1791 248242 1 0 30
ta070 244275 23 5065 1887 244137 69 0 30
ta070 244275 23 5028 1919 244174 5 0 30
ta070 244275 23 5029 1912 244155 2 0 30
ta070 244275 23 5053 1916 244114 1782 10 30
ta070 244275 23 5073 1983 244149 25 0 30
ta070 244275 23 5025 1980 244155 8 0 30
ta070 244275 23 5068 1958 244120 729 4 30
ta070 244275 23 5065 1966 244154 1 0 30
ta070 244275 23 4989 1928 244225 0 0 30
ta070 244275 23 5086 1994 244089 4114 24 30
ta071 300361 38 5549 2362 300180 1 0 60
ta071 300361 38 5661 2427 300111 177 1 60
ta071 300361 39 5664 2470 300071 741 7 60
ta071 300361 38 5567 2402 300097 219 2 60
ta071 300361 38 5643 2434 300081 1871 19 60
ta071 300361 38 5520 2300 300248 269 2 60
ta071 300361 38 5584 2414 300068 211 2 60
ta071 300361 38 5630 2482 299992 5137 54 60
ta071 300361 38 5590 2346 300258 5 0 60
ta071 300361 38 5596 2407 300044 1713 17 60
ta072 274637 36 5916 2827 274491 5878 59 60
ta072 274637 36 5956 2761 274622 1 0 60
ta072 274637 36 6140 3245 274151 3969 38 60
ta072 274637 36 5970 2900 274100 5726 57 60
ta072 274637 36 5998 2935 274622 3 0 60
ta072 274637 36 6124 3116 274346 2193 21 60
ta072 274637 36 5974 3001 274560 3540 35 60
ta072 274637 36 5950 2847 274622 3 0 60
ta072 274637 36 6002 2805 274622 5 0 60
ta072 274637 36 5906 2830 274582 2041 20 60
ta073 289139 38 5516 2375 288844 3215 35 60
ta073 289139 38 5576 2439 289084 5 0 60
ta073 289139 38 5614 2344 289030 67 0 60
ta073 289139 38 5554 2381 288204 5306 57 60
ta073 289139 38 5620 2324 288996 455 4 60
ta073 289139 38 5605 2310 289082 57 0 60
ta073 289139 38 5581 2397 288866 1471 15 60
ta073 289139 38 5532 2323 289035 226 2 60
ta073 289139 38 5640 2521 288990 5343 56 60
ta073 289139 38 5581 2407 289082 88 0 60
ta074 302056 36 5866 2831 301973 5 0 60
ta074 302056 36 5781 2649 302004 92 0 60
ta074 302056 36 6004 2989 301981 115 1 60
ta074 302056 36 5846 2797 301972 31 0 60
ta074 302056 36 5622 2477 301972 170 1 60
ta074 302056 36 5973 2978 301949 548 5 60
ta074 302056 36 5988 2954 301973 11 0 60
ta074 302056 36 5853 2894 302056 0 0 60
ta074 302056 36 5686 2516 301973 1 0 60
ta074 302056 36 5773 2655 301973 17 0 60
ta075 284256 39 5994 2936 284235 125 1 60
ta075 284256 39 6014 3024 284256 0 0 60
ta075 284256 39 5957 2923 284256 0 0 60
ta075 284256 39 6020 3002 284189 2807 27 60
ta075 284256 39 6007 2958 284256 0 0 60
ta075 284256 39 5958 2917 284256 0 0 60
ta075 284256 39 6098 3102 284190 313 3 60
ta075 284256 39 6013 2959 284256 0 0 60
ta075 284256 39 5974 2972 284256 0 0 60
ta075 284256 39 6131 3104 284256 0 0 60
ta076 271602 38 5900 2727 271142 3135 31 60
ta076 271602 38 5940 2828 271423 1599 16 60
ta076 271602 38 5947 2864 271160 5801 58 60
ta076 271602 38 6047 2944 270964 2736 26 60
ta076 271602 38 5872 2701 271423 1811 18 60
ta076 271602 38 6041 2894 271047 1051 10 60
ta076 271602 38 5908 2742 271108 1386 13 60
ta076 271602 38 5902 2686 271012 1247 12 60
ta076 271602 38 5842 2683 271271 5648 57 60
ta076 271602 38 5993 2903 270709 1539 15 60
ta077 280756 39 6164 3537 279926 1769 17 60
ta077 280756 38 6221 3517 279927 5333 51 60
ta077 280756 38 6008 3281 279936 223 2 60
ta077 280756 38 6221 3476 279834 449 4 60
ta077 280756 39 6214 3450 279533 3391 32 60
ta077 280756 39 6137 3369 279958 2628 25 60
ta077 280756 38 6138 3367 279960 46 0 60
ta077 280756 39 6166 3439 279991 560 5 60
ta077 280756 39 6091 3332 280018 305 3 60
ta077 280756 38 6204 3478 279605 2181 21 60
ta078 291032 37 5540 2309 290994 69 0 60
ta078 291032 37 5536 2283 290960 575 6 60
ta078 291032 37 5548 2267 290994 351 3 60
ta078 291032 37 5622 2319 290986 2115 22 60
ta078 291032 37 5566 2318 291032 0 0 60
ta078 291032 37 5658 2368 291032 0 0 60
ta078 291032 37 5562 2293 290997 287 3 60
ta078 291032 37 5578 2216 291032 0 0 60
ta078 291032 37 5586 2268 290829 583 5 60
ta078 291032 37 5636 2308 290964 1049 10 60
ta079 303529 37 5556 2244 302895 967 10 60
ta079 303529 37 5459 2158 303011 1215 13 60
ta079 303529 37 5523 2219 303019 2152 23 60
ta079 303529 37 5447 2098 303265 2089 23 60
ta079 303529 37 5455 2120 303166 667 7 60
ta079 303529 37 5442 2204 302960 789 8 60
ta079 303529 37 5535 2253 303098 3697 40 60
ta079 303529 37 5530 2114 303425 0 0 60
ta079 303529 37 5568 2152 303057 1853 19 60
ta079 303529 37 5520 2230 303247 2632 28 60
ta080 291997 38 5720 2457 291743 3071 32 60
ta080 291997 38 5608 2228 291920 5117 54 60
ta080 291997 38 5634 2324 291741 456 4 60
ta080 291997 38 5586 2213 291924 329 3 60
ta080 291997 38 5489 2051 291997 0 0 60
ta080 291997 38 5507 2216 291997 0 0 60
ta080 291997 38 5563 2202 291997 0 0 60
ta080 291997 38 5572 2223 291804 445 4 60
ta080 291997 38 5498 2218 291853 5167 56 60
ta080 291997 38 5536 2106 291943 87 0 60
ta081 368077 73 5428 3123 367677 4914 108 120
ta081 368077 73 5472 3182 367394 960 21 120
ta081 368077 73 5323 2778 367848 1018 23 120
ta081 368077 73 5329 2885 367565 4933 110 120
ta081 368077 73 5387 3011 367479 2775 61 120
ta081 368077 73 5388 2956 367852 2523 55 120
ta081 368077 73 5338 2974 367456 1979 43 120
ta081 368077 74 5256 2836 367879 107 2 120
ta081 368077 73 5320 2818 367810 136 3 120
ta081 368077 73 5405 3039 367362 211 4 120
ta082 372488 71 5424 3050 372055 625 14 120
ta082 372488 71 5428 3029 371959 3231 71 120
ta082 372488 71 5490 3101 371783 3461 76 120
ta082 372488 72 5267 2791 372143 4128 94 120
ta082 372488 71 5302 2824 372228 381 8 120
ta082 372488 71 5399 2969 371767 4574 101 120
ta082 372488 71 5334 2857 371958 5225 117 120
ta082 372488 71 5509 3131 371930 5435 118 120
ta082 372488 71 5373 2953 372199 1361 29 120
ta082 372488 71 5425 2889 372147 1029 22 120
ta083 374460 70 4982 2435 372475 2663 65 120
ta083 374460 70 5033 2476 372761 4881 116 120
ta083 374460 70 4997 2519 372728 459 11 120
ta083 374460 70 5023 2540 372011 4541 109 120
ta083 374460 70 4992 2462 372870 3017 71 120
ta083 374460 70 5036 2505 372592 4846 115 120
ta083 374460 70 4965 2381 372343 4822 116 120
ta083 374460 70 4908 2298 373161 4125 100 120
ta083 374460 70 5020 2522 373051 881 21 120
ta083 374460 70 5012 2413 372938 2093 50 120
ta084 376118 70 5380 2974 375010 2820 62 120
ta084 376118 70 5279 2858 375108 4448 101 120
ta084 376118 70 5312 2951 375423 1383 31 120
ta084 376118 70 5542 3302 374491 3993 87 120
ta084 376118 70 5348 2937 374948 1488 33 120
ta084 376118 70 5319 2977 375289 3141 69 120
ta084 376118 70 5257 2718 375490 2141 48 120
ta084 376118 70 5416 3045 375246 1581 34 120
ta084 376118 70 5363 2898 375073 1659 37 120
ta084 376118 70 5300 2828 375246 5023 113 120
ta085 370795 72 5453 3143 369522 1605 35 120
ta085 370795 72 5408 3098 369425 4635 102 120
ta085 370795 72 5438 3180 369084 2416 53 120
ta085 370795 72 5374 3043 369597 4219 94 120
ta085 370795 72 5386 3082 369661 3459 77 120
ta085 370795 72 5381 3041 369221 4373 98 120
ta085 370795 72 5390 3060 369630 4187 93 120
ta085 370795 72 5456 3185 369343 3977 88 120
ta085 370795 72 5344 2971 369448 1161 25 120
ta085 370795 72 5410 3019 369485 2145 47 120
ta086 377505 71 5248 2775 373789 1611 37 120
ta086 377505 71 5298 2881 373501 2181 50 120
ta086 377505 71 5190 2548 373899 3087 70 120
ta086 377505 71 5204 2652 373938 3771 86 120
ta086 377505 71 5262 2745 373479 3765 85 120
ta086 377505 71 5339 2959 373200 5029 113 120
ta086 377505 71 5300 2811 373967 1573 36 120
ta086 377505 71 5204 2743 373828 3817 88 120
ta086 377505 71 5208 2789 374182 4775 110 120
ta086 377505 71 5261 2812 373493 3341 76 120
ta087 375360 70 5505 3216 374935 83 1 120
ta087 375360 70 5468 3229 374888 4581 100 120
ta087 375360 70 5571 3363 374861 1048 23 120
ta087 375360 70 5488 3196 375146 4937 108 120
ta087 375360 70 5481 3208 375020 1039 22 120
ta087 375360 70 5539 3317 374917 4194 91 120
ta087 375360 70 5609 3378 374736 2533 54 120
ta087 375360 70 5457 3229 374780 4979 109 120
ta087 375360 70 5480 3259 374889 447 9 120
ta087 375360 70 5540 3226 374901 317 6 120
ta088 386686 73 5400 2724 385710 4027 89 120
ta088 386686 73 5146 2577 386607 195 4 120
ta088 386686 73 5260 2727 385676 2307 52 120
ta088 386686 73 5289 2756 385707 3807 87 120
ta088 386686 73 5180 2567 385824 2571 58 120
ta088 386686 73 5366 2819 385513 3643 81 120
ta088 386686 73 5328 2835 385688 4085 92 120
ta088 386686 73 5207 2670 384778 4363 101 120
ta088 386686 73 5233 2691 385768 5029 115 120
ta088 386686 73 5214 2704 386282 2749 63 120
ta089 376874 71 5296 2919 375545 4281 96 120
ta089 376874 71 5386 3093 376023 2845 63 120
ta089 376874 71 5211 2774 375955 4345 100 120
ta089 376874 71 5354 3083 374919 1916 42 120
ta089 376874 71 5352 3071 375930 5341 119 120
ta089 376874 71 5336 2959 375170 5330 119 120
ta089 376874 71 5291 2874 375597 3301 74 120
ta089 376874 71 5366 3055 376045 4021 89 120
ta089 376874 71 5274 2851 375860 5181 117 120
ta089 376874 71 5226 2714 376212 2591 58 120
ta090 381056 73 5320 2911 379847 1907 42 120
ta090 381056 73 5288 2817 380338 1617 35 120
ta090 381056 73 5434 3174 379634 4829 106 120
ta090 381056 73 5288 2864 379626 2615 59 120
ta090 381056 73 5396 3062 379597 5279 117 120
ta090 381056 73 5303 2929 380035 811 17 120
ta090 381056 73 5367 2999 380210 2150 48 120
ta090 381056 73 5355 2963 379800 2429 54 120
ta090 381056 73 5327 2944 379890 2671 59 120
ta090 381056 73 5392 2951 379717 3605 79 120
ta091 1043371 279 1636 986 1042644 1479 107 120
ta091 1043371 278 1556 863 1042734 1 0 120
ta091 1043371 278 1580 886 1042633 83 6 120
ta091 1043371 278 1562 864 1042534 41 3 120
ta091 1043371 278 1572 898 1042647 40 3 120
ta091 1043371 278 1594 894 1042564 403 28 120
ta091 1043371 306 1592 916 1043011 3 0 120
ta091 1043371 277 1609 919 1042503 358 25 120
ta091 1043371 278 1532 807 1042731 40 3 120
ta091 1043371 294 1550 888 1042512 57 4 120
ta092 1028957 271 1624 909 1028880 7 0 120
ta092 1028957 271 1570 856 1028880 3 0 120
ta092 1028957 271 1638 924 1028880 1 0 120
ta092 1028957 271 1716 983 1028880 3 0 120
ta092 1028957 272 1664 976 1028880 1 0 120
ta092 1028957 271 1675 949 1028879 127 8 120
ta092 1028957 271 1622 909 1028880 1 0 120
ta092 1028957 271 1651 967 1028880 1 0 120
ta092 1028957 272 1594 897 1028880 3 0 120
ta092 1028957 271 1659 944 1028880 1 0 120
ta093 1044579 277 1514 806 1043433 417 34 120
ta093 1044579 277 1482 744 1043497 1445 117 120
ta093 1044579 277 1523 790 1043339 1043 82 120
ta093 1044579 277 1498 795 1043507 619 48 120
ta093 1044579 277 1485 760 1043097 872 70 120
ta093 1044579 277 1480 786 1043428 803 65 120
ta093 1044579 277 1522 768 1042622 1153 90 120
ta093 1044579 276 1518 773 1042950 643 51 120
ta093 1044579 277 1520 768 1043958 1341 105 120
ta093 1044579 277 1500 786 1043259 1262 100 120
ta094 1026323 265 1439 686 1023315 707 59 120
ta094 1026323 265 1464 717 1024039 1246 102 120
ta094 1026323 265 1436 668 1024047 83 6 120
ta094 1026323 265 1495 690 1024599 5 0 120
ta094 1026323 266 1487 670 1023299 455 36 120
ta094 1026323 266 1470 710 1023864 366 29 120
ta094 1026323 265 1467 690 1023670 649 53 120
ta094 1026323 265 1518 735 1023565 1217 95 120
ta094 1026323 266 1472 730 1024880 43 3 120
ta094 1026323 266 1512 747 1023574 543 43 120
ta095 1029470 280 1702 1055 1028673 325 24 120
ta095 1029470 279 1707 1030 1028786 287 18 120
ta095 1029470 280 1720 1106 1028902 819 57 120
ta095 1029470 280 1718 1080 1028874 235 16 120
ta095 1029470 280 1733 1089 1028274 1373 94 120
ta095 1029470 280 1664 961 1029187 1117 80 120
ta095 1029470 280 1716 1053 1029114 1089 74 120
ta095 1029470 279 1712 1066 1029128 846 58 120
ta095 1029470 279 1670 1005 1028864 594 40 120
ta095 1029470 279 1744 1123 1028149 1543 106 120
ta096 999971 278 1809 1170 999601 44 3 120
ta096 999971 278 1812 1179 999663 25 1 120
ta096 999971 278 1691 1044 999769 69 4 120
ta096 999971 278 1742 1109 999506 249 16 120
ta096 999971 278 1760 1134 999698 87 5 120
ta096 999971 278 1687 1056 999608 181 12 120
ta096 999971 278 1760 1121 999746 57 4 120
ta096 999971 278 1814 1185 999952 0 0 120
ta096 999971 278 1746 1136 999558 99 6 120
ta096 999971 278 1729 1119 999799 18 1 120
ta097 1042653 274 1690 1048 1042570 150 10 120
ta097 1042653 274 1686 1005 1042583 1 0 120
ta097 1042653 274 1712 1064 1042583 1 0 120
ta097 1042653 274 1618 969 1042570 7 1 120
ta097 1042653 274 1699 1048 1042583 1 0 120
ta097 1042653 274 1708 1022 1042570 45 3 120
ta097 1042653 274 1684 1008 1042583 1 0 120
ta097 1042653 274 1725 1105 1042583 3 0 120
ta097 1042653 274 1635 988 1042583 1 0 120
ta097 1042653 274 1736 1076 1042495 577 40 120
ta098 1035936 271 1654 1001 1035571 231 17 120
ta098 1035936 271 1612 907 1035915 0 0 120
ta098 1035936 271 1671 1036 1035915 0 0 120
ta098 1035936 271 1671 1036 1035915 0 0 120
ta098 1035936 271 1658 1026 1035900 67 5 120
ta098 1035936 271 1705 1093 1035873 403 28 120
ta098 1035936 271 1700 1037 1035915 0 0 120
ta098 1035936 271 1651 999 1035915 0 0 120
ta098 1035936 271 1662 1001 1035915 0 0 120
ta098 1035936 271 1684 1040 1035915 0 0 120
ta099 1015776 278 1811 1225 1015503 206 13 120
ta099 1015776 279 1901 1302 1015258 1189 74 120
ta099 1015776 278 1805 1172 1015610 67 4 120
ta099 1015776 279 1800 1211 1015774 5 0 120
ta099 1015776 278 1858 1244 1015728 57 3 120
ta099 1015776 279 1820 1248 1015715 79 5 120
ta099 1015776 278 1747 1129 1015651 9 0 120
ta099 1015776 279 1864 1269 1015683 884 55 120
ta099 1015776 278 1830 1193 1015746 17 1 120
ta099 1015776 278 1748 1159 1015610 65 4 120
ta100 1021903 276 1668 982 1021667 5 0 120
ta100 1021903 275 1628 942 1021892 17 1 120
ta100 1021903 276 1672 1047 1021699 27 2 120
ta100 1021903 276 1614 891 1021722 143 10 120
ta100 1021903 276 1566 867 1021859 15 1 120
ta100 1021903 276 1630 935 1021681 51 3 120
ta100 1021903 276 1614 908 1021722 41 3 120
ta100 1021903 276 1685 963 1021697 33 2 120
ta100 1021903 276 1701 1013 1021791 13 1 120
ta100 1021903 276 1607 923 1021828 5 0 120
ta101 1231636 489 1274 677 1223893 823 154 240
ta101 1231636 489 1288 725 1222272 1053 198 240
ta101 1231636 489 1284 723 1222633 836 157 240
ta101 1231636 489 1277 679 1224236 558 108 240
ta101 1231636 489 1308 733 1222657 825 153 240
ta101 1231636 489 1308 719 1223501 1173 218 240
ta101 1231636 489 1299 721 1220439 1175 217 240
ta101 1231636 489 1288 719 1223790 920 173 240
ta101 1231636 489 1306 782 1222706 1168 215 240
ta101 1231636 489 1307 741 1223063 1023 188 240
ta102 1234084 509 1517 1060 1232574 1151 182 240
ta102 1234084 508 1545 1067 1233238 795 122 240
ta102 1234084 508 1531 1083 1232040 1343 209 240
ta102 1234084 508 1487 1027 1232099 899 148 240
ta102 1234084 508 1541 1096 1232703 1447 225 240
ta102 1234084 509 1476 1023 1232707 859 141 240
ta102 1234084 508 1516 1084 1232211 321 54 240
ta102 1234084 508 1534 1092 1231934 1435 225 240
ta102 1234084 509 1526 1105 1232769 829 132 240
ta102 1234084 508 1520 1101 1232514 1251 200 240
ta103 1257278 476 1468 1024 1254532 825 133 240
ta103 1257278 476 1437 1016 1255039 313 51 240
ta103 1257278 476 1479 1015 1254781 711 116 240
ta103 1257278 476 1474 990 1254919 1233 201 240
ta103 1257278 476 1436 984 1254569 821 135 240
ta103 1257278 476 1431 1004 1254335 1182 198 240
ta103 1257278 475 1462 1017 1254427 887 144 240
ta103 1257278 476 1424 984 1254689 727 121 240
ta103 1257278 476 1444 997 1254708 781 130 240
ta103 1257278 476 1443 1000 1254585 431 70 240
ta104 1227732 497 1493 990 1227297 159 24 240
ta104 1227732 496 1520 1097 1227732 0 0 240
ta104 1227732 496 1498 1051 1227355 191 31 240
ta104 1227732 496 1540 1164 1227172 391 59 240
ta104 1227732 496 1530 1119 1227167 1254 196 240
ta104 1227732 496 1543 1108 1226999 645 102 240
ta104 1227732 496 1557 1126 1227059 477 75 240
ta104 1227732 496 1580 1145 1226870 398 60 240
ta104 1227732 496 1534 1087 1227276 1015 161 240
ta104 1227732 496 1510 1063 1227461 895 142 240
ta105 1219361 489 1330 782 1216038 467 87 240
ta105 1219361 489 1369 805 1215748 403 71 240
ta105 1219361 489 1343 786 1216998 779 142 240
ta105 1219361 489 1358 841 1216209 1019 181 240
ta105 1219361 489 1321 813 1216147 445 83 240
ta105 1219361 489 1344 850 1215792 272 50 240
ta105 1219361 489 1307 794 1216286 1271 233 240
ta105 1219361 489 1356 861 1216372 899 160 240
ta105 1219361 489 1340 793 1216339 327 57 240
ta105 1219361 489 1341 815 1216280 1303 234 240
ta106 1220161 503 1428 957 1219871 127 20 240
ta106 1220161 503 1470 991 1219708 605 101 240
ta106 1220161 504 1479 1029 1220104 1 0 240
ta106 1220161 503 1436 947 1219950 83 14 240
ta106 1220161 504 1450 963 1219819 969 158 240
ta106 1220161 504 1448 994 1219700 573 93 240
ta106 1220161 503 1451 984 1219910 1035 172 240
ta106 1220161 503 1468 999 1219403 807 130 240
ta106 1220161 503 1454 976 1219645 1111 182 240
ta106 1220161 503 1474 998 1219570 660 107 240
ta107 1237427 487 1456 1002 1237358 0 0 240
ta107 1237427 487 1430 954 1237279 665 106 240
ta107 1237427 487 1442 958 1237358 0 0 240
ta107 1237427 486 1448 967 1237283 296 48 240
ta107 1237427 487 1478 1005 1237358 0 0 240
ta107 1237427 487 1428 927 1237258 559 92 240
ta107 1237427 487 1472 993 1237275 867 145 240
ta107 1237427 487 1452 919 1237358 0 0 240
ta107 1237427 487 1438 936 1237358 0 0 240
ta107 1237427 487 1404 916 1237295 1151 194 240
ta108 1234760 507 1428 934 1233625 1045 177 240
ta108 1234760 507 1444 965 1233704 929 151 240
ta108 1234760 506 1440 961 1234410 953 160 240
ta108 1234760 506 1462 968 1234305 1025 169 240
ta108 1234760 507 1445 957 1233725 1433 238 240
ta108 1234760 507 1462 967 1233736 107 19 240
ta108 1234760 506 1486 984 1233482 935 151 240
ta108 1234760 507 1473 997 1233711 815 128 240
ta108 1234760 507 1405 911 1233605 889 151 240
ta108 1234760 507 1416 919 1234126 571 95 240
ta109 1222689 511 1552 1148 1222674 1 0 240
ta109 1222689 511 1494 1064 1222655 111 18 240
ta109 1222689 511 1598 1186 1222430 683 99 240
ta109 1222689 512 1582 1185 1222504 123 19 240
ta109 1222689 511 1516 1091 1222023 1002 159 240
ta109 1222689 511 1542 1118 1222657 186 29 240
ta109 1222689 511 1512 1071 1222541 239 38 240
ta109 1222689 511 1509 1091 1222525 263 40 240
ta109 1222689 511 1582 1197 1222659 1 0 240
ta109 1222689 511 1506 1114 1222517 185 31 240
ta110 1235567 487 1587 1179 1235157 1397 213 240
ta110 1235567 487 1536 1094 1235342 573 85 240
ta110 1235567 487 1583 1171 1235496 59 9 240
ta110 1235567 487 1521 1086 1235464 123 19 240
ta110 1235567 487 1518 1094 1235511 0 0 240
ta110 1235567 487 1557 1138 1235511 1 0 240
ta110 1235567 487 1582 1142 1235314 1291 195 240
ta110 1235567 487 1596 1174 1235511 1 0 240
ta110 1235567 487 1496 1032 1235379 229 35 240
ta110 1235567 487 1582 1164 1235253 714 108 240
ta111 6562851 6854 282 239 6562803 0 8 600
ta111 6562851 6855 262 224 6562803 0 8 600
ta111 6562851 6858 286 262 6562801 95 214 600
ta111 6562851 6867 292 249 6562683 119 240 600
ta111 6562851 6860 254 216 6562803 0 8 600
ta111 6562851 6864 273 237 6562566 201 461 600
ta111 6562851 6859 294 264 6562770 16 40 600
ta111 6562851 6861 279 247 6562803 0 8 600
ta111 6562851 6856 289 255 6562803 0 8 600
ta111 6562851 6859 275 235 6562618 177 389 600
ta112 6680646 6657 235 208 6677463 33 109 600
ta112 6680646 6652 239 197 6678190 40 123 600
ta112 6680646 6652 242 198 6677327 163 422 600
ta112 6680646 6656 257 206 6677338 125 310 600
ta112 6680646 6668 233 195 6678247 3 21 600
ta112 6680646 6657 214 170 6677369 109 338 600
ta112 6680646 6658 239 189 6679063 225 572 600
ta112 6680646 6659 228 183 6678169 59 169 600
ta112 6680646 6653 238 188 6677811 88 229 600
ta112 6680646 6656 242 193 6678395 151 392 600
ta113 6632778 6861 266 227 6632212 191 426 600
ta113 6632778 6870 257 205 6632657 217 515 600
ta113 6632778 6864 264 216 6632778 0 8 600
ta113 6632778 6867 256 218 6632597 109 272 600
ta113 6632778 6864 264 211 6632778 0 8 600
ta113 6632778 6869 244 194 6632778 0 8 600
ta113 6632778 6863 282 242 6632734 35 95 600
ta113 6632778 6863 254 207 6632778 0 8 600
ta113 6632778 6870 252 214 6632778 0 8 600
ta113 6632778 6868 267 225 6632778 0 8 600
ta114 6634413 6721 273 235 6633657 47 122 600
ta114 6634413 6716 290 254 6634044 273 567 600
ta114 6634413 6721 281 249 6633981 139 318 600
ta114 6634413 6722 292 255 6633902 241 508 600
ta114 6634413 6717 253 212 6634028 33 84 600
ta114 6634413 6737 276 238 6633694 153 358 600
ta114 6634413 6723 292 260 6634062 283 583 600
ta114 6634413 6721 280 244 6633898 75 177 600
ta114 6634413 6721 282 247 6633782 85 195 600
ta114 6634413 6727 291 248 6634272 285 589 600
ta115 6614569 6598 250 200 6610064 173 413 600
ta115 6614569 6595 248 219 6610092 139 360 600
ta115 6614569 6591 248 204 6611169 55 139 600
ta115 6614569 6596 254 224 6610909 246 580 600
ta115 6614569 6599 244 197 6610559 43 122 600
ta115 6614569 6600 241 195 6610583 56 154 600
ta115 6614569 6594 243 197 6610881 17 60 600
ta115 6614569 6593 265 226 6610263 227 534 600
ta115 6614569 6593 248 205 6610759 235 571 600
ta115 6614569 6595 242 183 6611168 175 451 600
ta116 6606300 6733 285 254 6606143 21 53 600
ta116 6606300 6736 263 236 6606123 79 194 600
ta116 6606300 6733 273 233 6606177 35 87 600
ta116 6606300 6733 293 263 6606189 1 15 600
ta116 6606300 6730 282 247 6606189 1 13 600
ta116 6606300 6731 286 248 6606189 1 13 600
ta116 6606300 6739 264 227 6606107 5 25 600
ta116 6606300 6733 269 238 6606189 1 13 600
ta116 6606300 6737 268 246 6606082 253 571 600
ta116 6606300 6735 258 224 6606107 37 105 600
ta117 6576738 6870 259 217 6576737 0 8 600
ta117 6576738 6879 242 202 6576737 0 8 600
ta117 6576738 6874 254 214 6576737 0 8 600
ta117 6576738 6877 244 205 6576737 0 8 600
ta117 6576738 6874 264 226 6576737 0 8 600
ta117 6576738 6875 262 216 6576737 0 8 600
ta117 6576738 6872 259 214 6576737 0 8 600
ta117 6576738 6877 238 195 6576737 0 8 600
ta117 6576738 6869 250 203 6576503 74 177 600
ta117 6576738 6876 235 189 6576701 219 560 600
ta118 6629449 6757 264 223 6629074 107 251 600
ta118 6629449 6750 282 244 6629424 141 293 600
ta118 6629449 6751 280 242 6629449 0 8 600
ta118 6629449 6751 282 242 6629360 9 33 600
ta118 6629449 6755 269 227 6629443 21 63 600
ta118 6629449 6754 255 221 6629431 11 42 600
ta118 6629449 6755 269 235 6629449 0 8 600
ta118 6629449 6751 282 242 6629210 89 206 600
ta118 6629449 6754 286 252 6629360 3 18 600
ta118 6629449 6754 249 212 6629350 31 84 600
ta119 6569309 6850 296 263 6569130 65 144 600
ta119 6569309 6847 294 262 6569276 189 378 600
ta119 6569309 6845 282 250 6569281 259 556 600
ta119 6569309 6848 294 269 6569309 0 8 600
ta119 6569309 6847 302 269 6569309 0 8 600
ta119 6569309 6855 294 259 6569309 0 8 600
ta119 6569309 6855 282 254 6569309 0 8 600
ta119 6569309 6844 292 258 6569309 0 8 600
ta119 6569309 6846 294 262 6569309 0 8 600
ta119 6569309 6850 305 275 6569309 0 8 600
ta120 6618726 6824 278 235 6615844 85 200 600
ta120 6618726 6826 274 231 6615851 273 600 600
ta120 6618726 6824 254 205 6617575 23 75 600
ta120 6618726 6821 289 249 6617458 37 90 600
ta120 6618726 6824 274 230 6615122 20 69 600
ta120 6618726 6824 277 246 6616040 115 269 600
ta120 6618726 6824 279 238 6615923 243 539 600
ta120 6618726 6826 262 219 6617409 31 87 600
ta120 6618726 6822 270 217 6617476 15 48 600
ta120 6618726 6828 275 231 6616566 261 570 600
