ta001 14033 3000 25482 21369 14002 207 3 6
ta001 14033 3000 25874 21412 14002 442 3 6
ta001 14033 3000 25615 21466 14002 586 3 6
ta001 14033 3000 25552 21688 14002 2468 3 6
ta001 14033 3000 25615 21841 14002 479 3 6
ta001 14033 3000 25640 21836 14000 11424 4 6
ta001 14033 3000 25561 21476 14002 511 3 6
ta001 14033 3000 25698 21934 14002 424 3 6
ta001 14033 3000 25617 21640 13990 1192 3 6
ta001 14033 3000 25401 21436 14000 8958 4 6
ta002 15151 3000 31746 24448 15151 0 3 6
ta002 15151 3000 31449 24276 15151 0 3 6
ta002 15151 3000 32111 24479 15091 30168 5 6
ta002 15151 3000 32339 24807 15151 0 3 6
ta002 15151 3000 32031 24494 15151 0 3 6
ta002 15151 3000 30835 24055 15151 0 3 6
ta002 15151 3000 32149 24794 15151 0 3 6
ta002 15151 3000 32139 24775 15151 0 3 6
ta002 15151 3000 31876 24529 15151 0 3 6
ta002 15151 3000 31976 24634 15151 0 3 6
ta003 13301 3000 24932 18671 12956 11130 4 6
ta003 13301 3000 24720 18184 13014 43 3 6
ta003 13301 3000 25117 18793 12956 5825 3 6
ta003 13301 3000 24437 17298 13051 9364 4 6
ta003 13301 3000 26235 17550 13000 26187 5 6
ta003 13301 3000 24846 18344 13000 8929 4 6
ta003 13301 3000 25145 18779 12956 5189 3 6
ta003 13301 3000 25062 19090 13000 19815 5 6
ta003 13301 3000 25023 18757 12956 3360 3 6
ta003 13301 3000 25740 18461 13002 16443 4 6
ta004 15447 3000 27655 24082 15412 3 3 6
ta004 15447 3000 27766 24238 15412 11 3 6
ta004 15447 3000 27500 23992 15412 32 3 6
ta004 15447 3000 28029 24295 15391 6471 3 6
ta004 15447 3000 28123 24260 15407 23442 5 6
ta004 15447 3000 27820 24123 15391 3572 3 6
ta004 15447 3000 27984 24382 15412 4 3 6
ta004 15447 3000 27967 24366 15412 7 3 6
ta004 15447 3000 27781 24169 15396 22811 5 6
ta004 15447 3000 27727 24165 15412 13 3 6
ta005 13529 3000 25295 23099 13472 113 3 6
ta005 13529 3000 25615 23422 13472 111 3 6
ta005 13529 3000 25461 23233 13472 713 3 6
ta005 13529 3000 25271 23070 13472 564 3 6
ta005 13529 3000 25518 23292 13472 452 3 6
ta005 13529 3000 25043 22914 13472 1347 3 6
ta005 13529 3000 25684 23577 13472 380 3 6
ta005 13529 3000 25636 23572 13472 52 3 6
ta005 13529 3000 25448 23187 13472 11 3 6
ta005 13529 3000 25373 23202 13472 1097 3 6
ta006 13123 3000 27520 21378 13058 11512 4 6
ta006 13123 3000 27519 21386 13063 8930 3 6
ta006 13123 3000 27675 22295 13072 152 3 6
ta006 13123 3000 27503 20980 13072 11 3 6
ta006 13123 3000 27271 22120 13072 115 3 6
ta006 13123 3000 27974 22621 13072 20 3 6
ta006 13123 3000 27329 21259 13058 14348 4 6
ta006 13123 3000 27101 21171 13063 13863 4 6
ta006 13123 3000 27571 21581 13072 40 3 6
ta006 13123 3000 27984 23148 13072 38 3 6
ta007 13548 3000 29387 24249 13479 1312 3 6
ta007 13548 3000 29294 24169 13479 994 3 6
ta007 13548 3000 29372 24267 13479 891 3 6
ta007 13548 3000 29392 24228 13479 646 3 6
ta007 13548 3000 28609 23883 13479 941 3 6
ta007 13548 3000 29360 24171 13479 1025 3 6
ta007 13548 3000 29228 23949 13479 1173 3 6
ta007 13548 3000 29176 24069 13479 213 3 6
ta007 13548 3000 28961 23813 13479 1214 3 6
ta007 13548 3000 29428 24097 13479 545 3 6
ta008 13948 3000 25776 20325 13882 58 3 6
ta008 13948 3000 26107 20794 13882 35 3 6
ta008 13948 3000 25966 20360 13882 124 3 6
ta008 13948 3000 26242 20438 13882 1075 3 6
ta008 13948 3000 26303 20795 13882 7110 3 6
ta008 13948 3000 26093 20829 13882 4836 3 6
ta008 13948 3000 26137 20422 13882 780 3 6
ta008 13948 3000 26157 20650 13882 221 3 6
ta008 13948 3000 25809 20152 13882 1111 3 6
ta008 13948 3000 25708 20072 13882 169 3 6
ta009 14295 3000 27467 23561 14047 1028 3 6
ta009 14295 3000 26909 22458 14047 914 3 6
ta009 14295 3000 26930 22285 14047 2888 3 6
ta009 14295 3000 27451 23435 14047 6318 3 6
ta009 14295 3000 27181 22590 14047 6013 3 6
ta009 14295 3000 27388 23402 14047 7010 3 6
ta009 14295 3000 27474 23073 14123 6814 3 6
ta009 14295 3000 26771 22391 14047 1150 3 6
ta009 14295 3000 26838 22316 14047 614 3 6
ta009 14295 3000 27450 23719 14047 879 3 6
ta010 12943 3000 26484 21837 12907 1377 3 6
ta010 12943 3000 26652 22015 12907 7405 3 6
ta010 12943 3000 26844 22154 12907 50 3 6
ta010 12943 3000 26925 22295 12907 783 3 6
ta010 12943 3000 26753 22431 12907 5086 3 6
ta010 12943 3000 26608 21940 12907 7882 3 6
ta010 12943 3000 26748 22314 12907 3687 3 6
ta010 12943 3000 26504 21955 12907 96 3 6
ta010 12943 3000 27015 22445 12907 4226 3 6
ta010 12943 3000 26870 22341 12907 3044 3 6
ta011 20911 6000 16826 12640 20650 158 6 12
ta011 20911 6000 16956 12833 20650 1463 6 12
ta011 20911 6000 16765 12815 20620 15043 11 12
ta011 20911 6000 17195 12972 20650 262 6 12
ta011 20911 6000 17839 14938 20697 12255 10 12
ta011 20911 6000 16858 12589 20650 741 6 12
ta011 20911 6000 16806 12523 20662 29 6 12
ta011 20911 6000 17816 13676 20650 85 6 12
ta011 20911 6000 16732 12495 20650 93 6 12
ta011 20911 6000 17541 13416 20650 338 6 12
ta012 22440 6000 14925 12498 22374 2430 7 12
ta012 22440 6000 14600 12808 22411 264 6 12
ta012 22440 6000 14836 12787 22374 9705 9 12
ta012 22440 6000 14661 12775 22411 381 6 12
ta012 22440 6000 15202 12742 22374 1388 6 12
ta012 22440 6000 14953 12839 22374 7515 9 12
ta012 22440 6000 15220 12820 22374 2829 7 12
ta012 22440 6000 15198 12832 22374 4124 7 12
ta012 22440 6000 15007 12735 22374 5157 8 12
ta012 22440 6000 14825 12876 22374 10683 10 12
ta013 19833 6000 15935 11366 19548 313 6 12
ta013 19833 6000 16134 11878 19548 2328 6 12
ta013 19833 6000 16177 11922 19548 877 6 12
ta013 19833 6000 16202 11910 19548 2840 7 12
ta013 19833 6000 15978 11639 19493 1407 6 12
ta013 19833 6000 16433 12143 19548 1768 6 12
ta013 19833 6000 16449 12291 19560 51 6 12
ta013 19833 6000 16419 12128 19560 31 6 12
ta013 19833 6000 16331 12015 19548 1646 6 12
ta013 19833 6000 16337 12008 19548 433 6 12
ta014 18710 6000 16638 11475 18483 32 6 12
ta014 18710 6000 16631 11410 18483 183 6 12
ta014 18710 6000 16672 11484 18483 236 6 12
ta014 18710 6000 16641 11551 18483 721 6 12
ta014 18710 6000 15674 10404 18493 1138 6 12
ta014 18710 6000 16653 11507 18483 155 6 12
ta014 18710 6000 16570 11355 18483 689 6 12
ta014 18710 6000 16396 11363 18483 237 6 12
ta014 18710 6000 16339 11335 18483 1319 6 12
ta014 18710 6000 16570 11375 18483 137 6 12
ta015 18641 6000 16381 11028 18343 1980 6 12
ta015 18641 6000 16019 10704 18343 317 6 12
ta015 18641 6000 16344 10943 18343 1514 6 12
ta015 18641 6000 16325 10875 18343 220 6 12
ta015 18641 6000 16287 11002 18343 1053 6 12
ta015 18641 6000 16378 10901 18343 403 6 12
ta015 18641 6000 16329 10917 18343 512 6 12
ta015 18641 6000 16311 10772 18343 108 6 12
ta015 18641 6000 16354 10869 18343 139 6 12
ta015 18641 6000 16309 10762 18343 169 6 12
ta016 19245 6000 15098 11538 18998 733 6 12
ta016 19245 6000 15232 10969 18928 1404 6 12
ta016 19245 6000 15248 11022 18928 778 6 12
ta016 19245 6000 15308 11160 18928 319 6 12
ta016 19245 6000 15309 11046 18928 342 6 12
ta016 19245 6000 14959 10902 18928 1085 6 12
ta016 19245 6000 15975 12610 18843 1160 6 12
ta016 19245 6000 15302 11013 18928 1913 6 12
ta016 19245 6000 15301 10949 18928 933 6 12
ta016 19245 6000 15087 11230 18928 11481 10 12
ta017 18363 6000 18529 15645 18073 949 6 12
ta017 18363 6000 18570 15790 18073 296 6 12
ta017 18363 6000 18645 15820 18073 1505 6 12
ta017 18363 6000 18651 15740 18073 2784 6 12
ta017 18363 6000 18532 15683 18073 341 6 12
ta017 18363 6000 18324 14365 18089 237 6 12
ta017 18363 6000 18660 15768 18073 960 6 12
ta017 18363 6000 18038 15349 18073 429 6 12
ta017 18363 6000 18604 15828 18073 318 6 12
ta017 18363 6000 18502 15687 18073 1405 6 12
ta018 20241 6000 15571 10873 20034 3015 7 12
ta018 20241 6000 15805 11283 20041 4429 7 12
ta018 20241 6000 14962 10996 19996 8112 9 12
ta018 20241 6000 15814 12157 20006 1618 6 12
ta018 20241 6000 15409 11561 19996 12537 10 12
ta018 20241 6000 15803 13623 20018 145 6 12
ta018 20241 6000 15800 13729 20018 419 6 12
ta018 20241 6000 15841 13559 20018 599 6 12
ta018 20241 6000 15682 13332 20018 664 6 12
ta018 20241 6000 15086 11541 20111 365 6 12
ta019 20330 6000 18371 14474 20106 88 6 12
ta019 20330 6000 17793 14135 20106 349 6 12
ta019 20330 6000 18187 14529 20106 530 6 12
ta019 20330 6000 18391 14462 20106 131 6 12
ta019 20330 6000 18540 15301 20106 618 6 12
ta019 20330 6000 18394 14580 20106 78 6 12
ta019 20330 6000 18316 14355 20106 308 6 12
ta019 20330 6000 18314 14502 20106 71 6 12
ta019 20330 6000 18382 14470 20106 369 6 12
ta019 20330 6000 18385 14487 20106 206 6 12
ta020 21320 6000 14529 12743 20954 6175 8 12
ta020 21320 6000 14797 12229 20872 5413 8 12
ta020 21320 6000 14675 12277 20872 8625 9 12
ta020 21320 6000 14791 12091 20993 1093 6 12
ta020 21320 6000 14827 11904 21015 4852 7 12
ta020 21320 6000 14849 11792 20993 612 6 12
ta020 21320 6000 14709 12057 20872 1887 6 12
ta020 21320 6000 14931 11822 21030 744 6 12
ta020 21320 6000 15062 12163 21031 4140 7 12
ta020 21320 6000 14768 11991 20872 5739 8 12
ta021 33623 12000 9899 7909 33485 9018 22 24
ta021 33623 12000 9985 8132 33540 39 12 24
ta021 33623 12000 9874 8089 33540 39 12 24
ta021 33623 12000 9909 8068 33540 54 12 24
ta021 33623 12000 9885 8024 33540 15 12 24
ta021 33623 12000 9868 7154 33308 5279 18 24
ta021 33623 12000 9881 8015 33540 46 12 24
ta021 33623 12000 9885 7932 33540 72 12 24
ta021 33623 12000 9969 8094 33540 50 12 24
ta021 33623 12000 9843 7905 33524 9528 23 24
ta022 31587 12000 10413 8420 31130 1460 13 24
ta022 31587 12000 9750 7260 31211 1583 13 24
ta022 31587 12000 10015 6791 31128 5799 18 24
ta022 31587 12000 9807 6410 31137 522 12 24
ta022 31587 12000 9528 6378 31165 6546 20 24
ta022 31587 12000 9892 6579 31110 6661 20 24
ta022 31587 12000 9838 6650 31137 625 12 24
ta022 31587 12000 9584 5452 31068 2899 15 24
ta022 31587 12000 9772 6526 31110 6515 19 24
ta022 31587 12000 10181 6383 31224 344 12 24
ta023 33920 12000 8355 5078 33369 339 12 24
ta023 33920 12000 8785 6491 33472 313 12 24
ta023 33920 12000 9259 6810 33257 5330 18 24
ta023 33920 12000 9005 5819 33251 1405 13 24
ta023 33920 12000 8776 6712 33351 1570 14 24
ta023 33920 12000 9429 6997 33369 423 12 24
ta023 33920 12000 9005 5720 33150 7762 22 24
ta023 33920 12000 9010 6789 33364 7030 21 24
ta023 33920 12000 9398 7164 33257 3886 17 24
ta023 33920 12000 9076 5421 33369 899 13 24
ta024 31661 12000 8812 6627 31182 1373 13 24
ta024 31661 12000 9734 7023 31316 7122 20 24
ta024 31661 12000 8759 6612 31182 224 12 24
ta024 31661 12000 9708 7095 31316 7831 21 24
ta024 31661 12000 9710 7162 31316 466 12 24
ta024 31661 12000 8862 6558 31029 8818 23 24
ta024 31661 12000 8895 6685 31182 1874 14 24
ta024 31661 12000 8775 6569 31182 747 13 24
ta024 31661 12000 9634 7067 31316 3155 15 24
ta024 31661 12000 9727 6389 31029 502 12 24
ta025 34557 12000 9011 7236 34133 2849 15 24
ta025 34557 12000 8784 6691 34291 4149 17 24
ta025 34557 12000 8805 5922 34188 2901 15 24
ta025 34557 12000 8927 6437 34213 8586 23 24
ta025 34557 12000 8911 6898 34283 6315 20 24
ta025 34557 12000 8820 7097 34284 742 12 24
ta025 34557 12000 8846 7099 34291 8765 23 24
ta025 34557 12000 8758 6905 34261 722 12 24
ta025 34557 12000 9030 6316 34213 3615 16 24
ta025 34557 12000 8702 6262 34199 8118 23 24
ta026 32564 12000 10653 7248 32085 649 12 24
ta026 32564 12000 9811 6623 32261 7150 20 24
ta026 32564 12000 10098 7835 32087 89 12 24
ta026 32564 12000 9407 6470 32035 71 12 24
ta026 32564 12000 9511 6306 32035 49 12 24
ta026 32564 12000 9675 6553 32049 7243 20 24
ta026 32564 12000 9419 6499 32223 600 12 24
ta026 32564 12000 10654 7211 32048 272 12 24
ta026 32564 12000 10594 7085 32085 197 12 24
ta026 32564 12000 9592 6504 32035 3314 16 24
ta027 32922 12000 9184 6502 32768 3699 16 24
ta027 32922 12000 9166 7596 32815 7117 21 24
ta027 32922 12000 9706 7726 32815 7516 21 24
ta027 32922 12000 9510 7879 32815 8107 22 24
ta027 32922 12000 9326 6877 32549 5144 18 24
ta027 32922 12000 9204 7611 32858 223 12 24
ta027 32922 12000 9309 7742 32858 9 12 24
ta027 32922 12000 9671 7820 32809 9586 23 24
ta027 32922 12000 9089 7575 32815 1274 13 24
ta027 32922 12000 9114 6651 32796 2451 15 24
ta028 32412 12000 9381 7499 32141 4225 17 24
ta028 32412 12000 9258 7359 32141 4098 17 24
ta028 32412 12000 9454 7482 32201 6001 19 24
ta028 32412 12000 9387 7487 32201 8170 22 24
ta028 32412 12000 9405 7367 32201 5108 18 24
ta028 32412 12000 9159 7309 32141 1564 13 24
ta028 32412 12000 9543 7508 32180 5548 18 24
ta028 32412 12000 9208 7291 32141 4363 17 24
ta028 32412 12000 9273 7390 32141 3286 16 24
ta028 32412 12000 9020 7158 32141 438 12 24
ta029 33600 12000 9374 7720 33266 3545 16 24
ta029 33600 12000 9209 7066 33078 6276 20 24
ta029 33600 12000 9143 6521 33219 3830 16 24
ta029 33600 12000 9409 7849 33266 2541 15 24
ta029 33600 12000 9174 6549 33219 2390 15 24
ta029 33600 12000 9269 5981 33023 5913 19 24
ta029 33600 12000 9463 7075 33226 1945 14 24
ta029 33600 12000 9195 7316 33266 8048 22 24
ta029 33600 12000 9097 6149 33219 1629 14 24
ta029 33600 12000 9294 5971 33051 4751 18 24
ta030 32262 12000 9350 7001 31776 1322 13 24
ta030 32262 12000 9335 7105 31776 342 12 24
ta030 32262 12000 9332 7077 31776 863 13 24
ta030 32262 12000 9242 7052 31776 1315 13 24
ta030 32262 12000 10454 6499 31614 3749 16 24
ta030 32262 12000 9203 6929 31776 55 12 24
ta030 32262 12000 9307 7139 31776 131 12 24
ta030 32262 12000 9202 6967 31776 453 12 24
ta030 32262 12000 9186 7052 31776 147 12 24
ta030 32262 12000 9164 7008 31776 70 12 24
ta031 64939 8000 14562 11929 64904 12908 14 15
ta031 64899 8000 14753 12511 64881 2940 9 15
ta031 64975 8000 14233 12356 64929 7048 11 15
ta031 64889 8000 13620 11528 64769 13466 14 15
ta031 64902 8000 14720 12464 64875 13399 14 15
ta031 64921 8000 14711 12378 64821 14028 14 15
ta031 64913 8000 14311 12175 64873 7269 11 15
ta031 64903 8000 14550 12522 64818 13178 14 15
ta031 64906 8000 14513 12294 64826 404 8 15
ta031 64907 8000 14859 12832 64903 3 8 15
ta032 68145 8000 16568 14735 68026 5373 10 15
ta032 68218 8000 16249 14110 68161 2532 9 15
ta032 68113 8000 15664 13647 67969 21 8 15
ta032 68178 8000 15776 13610 67992 12778 13 15
ta032 68120 8000 16306 14497 68063 254 8 15
ta032 68107 8000 15932 14010 68007 15857 14 15
ta032 68175 8000 16434 14320 68046 15855 14 15
ta032 68195 8000 16928 14837 68124 2734 9 15
ta032 68187 8000 15947 14005 68113 1150 8 15
ta032 68180 8000 16617 14860 67947 14282 14 15
ta033 63327 8000 14909 12817 63198 9290 12 15
ta033 63287 8000 15003 13289 63124 8687 12 15
ta033 63405 8000 15062 13361 63339 1779 8 15
ta033 63195 8000 15299 13634 63099 46 8 15
ta033 63287 8000 15099 13552 63269 14296 14 15
ta033 63318 8000 15327 13590 63246 21 8 15
ta033 63435 8000 15060 12637 63396 579 8 15
ta033 63202 8000 15185 13329 63149 2 8 15
ta033 63435 8000 15174 13078 63322 2660 9 15
ta033 63305 8000 15103 13156 63246 1853 8 15
ta034 68469 8000 14651 12918 68292 2499 9 15
ta034 68293 8000 14587 12858 68269 1035 8 15
ta034 68312 8000 15107 13438 68228 14108 14 15
ta034 68316 8000 14641 12765 68272 36 8 15
ta034 68338 8000 14597 12726 68223 513 8 15
ta034 68299 8000 14671 12854 68243 2185 9 15
ta034 68336 8000 14714 13129 68318 4936 10 15
ta034 68361 8000 13860 12093 68317 173 8 15
ta034 68284 8000 14642 13056 68269 2 8 15
ta034 68476 8000 14641 12717 68409 12861 14 15
ta035 69505 8000 14011 12033 69389 5259 10 15
ta035 69550 8000 13992 11678 69354 10141 13 15
ta035 69382 8000 14038 11666 69318 83 8 15
ta035 69570 8000 14097 12187 69471 298 8 15
ta035 69632 8000 13876 11872 69471 524 8 15
ta035 69509 8000 13966 11454 69446 7198 11 15
ta035 69475 8000 13934 11727 69392 453 8 15
ta035 69584 8000 14039 11845 69437 2548 9 15
ta035 69649 8000 14185 12319 69450 13769 14 15
ta035 69537 8000 13907 11839 69447 265 8 15
ta036 66852 8000 15120 12962 66772 4619 10 15
ta036 67052 8000 14929 12764 66879 9757 12 15
ta036 66970 8000 15148 13327 66796 4752 10 15
ta036 66902 8000 15122 12807 66854 13461 14 15
ta036 66928 8000 14761 12808 66905 1825 8 15
ta036 67006 8000 14885 13059 66969 13660 14 15
ta036 67026 8000 15054 13298 66969 10328 12 15
ta036 67013 8000 15037 12849 66995 2275 9 15
ta036 66989 8000 15060 13215 66946 16 8 15
ta036 67076 8000 15127 13229 67019 570 8 15
ta037 66363 8000 14025 11752 66300 1932 8 15
ta037 66414 8000 14814 12279 66311 13335 14 15
ta037 66295 8000 13984 12062 66142 10535 13 15
ta037 66313 8000 15868 13154 66246 2580 9 15
ta037 66412 8000 15600 13080 66376 4772 10 15
ta037 66274 8000 15159 12800 66266 134 8 15
ta037 66319 8000 15344 12945 66268 1813 8 15
ta037 66271 8000 14436 11839 66207 7387 11 15
ta037 66374 8000 15503 13133 66165 12929 13 15
ta037 66271 8000 14432 12008 66066 14121 14 15
ta038 64499 8000 15048 13395 64428 2366 9 15
ta038 64422 8000 15075 13194 64332 1057 8 15
ta038 64412 8000 14974 13028 64355 7 8 15
ta038 64394 8000 15116 13525 64316 10464 12 15
ta038 64585 8000 14807 12853 64493 9687 12 15
ta038 64435 8000 15102 13321 64254 10716 12 15
ta038 64427 8000 15129 13294 64373 8602 12 15
ta038 64473 8000 14806 13106 64357 2967 9 15
ta038 64423 8000 15075 13354 64342 14178 14 15
ta038 64467 8000 14920 13070 64311 14498 14 15
ta039 63150 8000 14458 12895 63145 0 8 15
ta039 63183 8000 14471 12780 63139 6088 10 15
ta039 63110 8000 14224 12321 63011 3735 9 15
ta039 63119 8000 14555 13029 63091 985 8 15
ta039 63075 8000 14610 12835 62974 4527 10 15
ta039 63103 8000 14419 12573 62974 4273 10 15
ta039 63133 8000 14644 13144 63070 30 8 15
ta039 63147 8000 14452 12858 62954 5491 10 15
ta039 63098 8000 14396 12805 63008 72 8 15
ta039 63128 8000 14542 12706 63019 6676 11 15
ta040 69072 8000 16314 13582 68824 955 8 15
ta040 69058 8000 16319 13535 68973 637 8 15
ta040 69124 8000 16381 13694 69103 17 8 15
ta040 69141 8000 16275 13337 69071 16 8 15
ta040 69068 8000 16380 13631 68898 3075 9 15
ta040 69104 8000 16034 12888 68912 548 8 15
ta040 68940 8000 16410 14192 68787 5891 10 15
ta040 69015 8000 16053 13236 68876 51 8 15
ta040 69006 8000 16013 13428 68856 45 8 15
ta040 69164 8000 16102 13035 68956 14411 14 15
ta041 87728 15000 9498 8082 87579 4001 21 30
ta041 87650 15000 9749 8572 87299 7325 26 30
ta041 87656 15000 9705 8472 87237 1444 17 30
ta041 87454 15000 9457 8001 86767 6929 26 30
ta041 87282 15000 9387 7861 86806 5773 24 30
ta041 87774 15000 9514 8010 87411 5616 23 30
ta041 87523 15000 9505 7825 87170 2060 18 30
ta041 87716 15000 9734 8181 87470 7565 26 30
ta041 87783 15000 9274 8043 87380 4213 21 30
ta041 87383 15000 9217 7931 87009 6473 25 30
ta042 83001 15000 9162 7358 82723 6714 25 30
ta042 83353 15000 9284 7590 82784 2741 19 30
ta042 83160 15000 8961 7463 82665 8816 29 30
ta042 83372 15000 8739 7053 83000 5238 23 30
ta042 83132 15000 9332 8070 82680 9038 29 30
ta042 83064 15000 9255 7759 82717 8542 28 30
ta042 83059 15000 8938 7469 82644 7769 28 30
ta042 83009 15000 9405 8133 82837 147 15 30
ta042 83379 15000 8556 6839 82813 7239 27 30
ta042 83028 15000 8849 7408 82641 7252 27 30
ta043 80006 15000 9496 8049 79780 4657 22 30
ta043 80343 15000 9984 8292 79782 2441 18 30
ta043 80043 15000 9073 7569 79963 866 16 30
ta043 80148 15000 9895 7953 79818 4052 21 30
ta043 80021 15000 9883 8418 79626 1912 17 30
ta043 80313 15000 9339 7974 80009 2230 18 30
ta043 80262 15000 9234 7872 79987 7384 26 30
ta043 80133 15000 10283 8772 79800 784 16 30
ta043 80092 15000 9724 8332 79890 9476 29 30
ta043 80255 15001 9266 7314 79905 264 15 30
ta044 86829 15000 8981 7768 86586 8781 29 30
ta044 86704 15000 9084 7831 86539 8016 28 30
ta044 86843 15000 8745 7236 86440 7627 28 30
ta044 86658 15000 8805 7905 86483 184 15 30
ta044 86631 15000 8551 7436 86446 4286 22 30
ta044 86729 15000 8664 7569 86498 6257 25 30
ta044 86865 15000 9057 7683 86678 592 16 30
ta044 86713 15000 8844 7562 86654 51 15 30
ta044 86623 15000 8611 7157 86243 1689 17 30
ta044 86921 15000 8868 7543 86646 8618 29 30
ta045 86797 15000 9781 8171 86345 8221 27 30
ta045 86477 15000 9903 8574 85959 7986 27 30
ta045 86693 15000 9828 8193 85596 9292 29 30
ta045 86556 15000 10070 8582 86152 6133 24 30
ta045 86925 15000 9963 7991 86279 9734 29 30
ta045 86669 15000 10540 8560 86221 9302 28 30
ta045 86598 15000 10163 8289 86283 3963 20 30
ta045 86811 15000 10264 8440 86664 4073 21 30
ta045 86627 15000 9670 7898 86399 2249 18 30
ta045 86557 15000 9642 8241 86383 7920 27 30
ta046 86780 15000 9340 7738 86258 8115 28 30
ta046 86740 15000 10294 8707 86428 745 16 30
ta046 86914 15000 9840 7778 86494 835 16 30
ta046 86923 15000 9504 7503 86611 306 15 30
ta046 86808 15000 10233 8320 86494 8313 27 30
ta046 86907 15000 9923 7949 86342 9324 29 30
ta046 86643 15000 8618 7308 86108 5574 24 30
ta046 86832 15000 9171 7645 86502 2574 19 30
ta046 86724 15000 9445 7788 86346 339 15 30
ta046 86821 15000 10645 8509 86633 37 15 30
ta047 89232 15000 8043 6953 88956 4874 24 30
ta047 88936 15000 7977 7210 88543 4150 22 30
ta047 89155 15000 7948 6861 88832 4819 24 30
ta047 89207 15000 7775 6937 89034 1630 18 30
ta047 89001 15000 7733 6372 88443 6390 27 30
ta047 88962 15000 7746 6690 88650 4809 24 30
ta047 88890 15000 7858 6701 88334 4564 23 30
ta047 89254 15001 7786 6663 88823 1841 18 30
ta047 88750 15000 7822 6811 88376 6236 26 30
ta047 88946 15000 7756 6482 88711 3350 21 30
ta048 87193 15000 8603 6983 86741 689 16 30
ta048 87151 15000 8742 7702 86322 5651 24 30
ta048 87159 15000 8802 7475 86815 8607 29 30
ta048 86905 15001 8534 7372 86649 2299 19 30
ta048 86952 15000 8578 6987 86550 5790 25 30
ta048 87148 15000 8734 7290 86587 5436 24 30
ta048 87183 15000 8705 7370 86828 2711 19 30
ta048 87387 15000 8667 6933 86955 6205 25 30
ta048 87150 15000 8865 7713 86710 975 16 30
ta048 87253 15000 8719 7442 87080 159 15 30
ta049 86030 15000 9255 7694 85359 9252 29 30
ta049 85884 15000 9312 7816 85659 2863 19 30
ta049 85913 15001 8554 7470 85701 5320 24 30
ta049 86009 15000 8782 7126 85699 8620 29 30
ta049 85797 15000 8503 7185 85465 5336 24 30
ta049 86005 15000 9072 7593 85646 8968 29 30
ta049 85776 15000 8891 7443 85377 3043 20 30
ta049 85889 15000 9039 7353 85672 5474 24 30
ta049 85574 15000 8480 7087 85433 3057 20 30
ta049 85960 15000 8039 7100 85815 68 15 30
ta050 88239 15000 7831 6594 88051 50 15 30
ta050 88173 15000 7813 6494 87929 1963 18 30
ta050 88374 15000 7999 6772 88086 6736 27 30
ta050 88234 15000 7813 6649 87668 5890 26 30
ta050 88265 15000 8023 7022 87963 7417 28 30
ta050 88210 15001 7800 6561 88010 249 15 30
ta050 88232 15000 7693 6283 87953 1697 18 30
ta050 88250 15000 7958 6718 88074 5344 25 30
ta050 88708 15000 7879 6513 88295 6765 27 30
ta050 88239 15000 7767 6320 87597 7349 29 30
ta051 126312 30000 5066 4161 125474 4309 55 60
ta051 126217 30000 5904 4947 125414 4969 55 60
ta051 126434 30000 5799 4735 125280 1403 37 60
ta051 125831 30000 5777 4436 124449 3877 50 60
ta051 125831 30000 5599 4286 124463 3523 49 60
ta051 125835 30001 4943 4270 125166 962 35 60
ta051 126336 30000 5254 4243 125370 4227 54 60
ta051 126217 30001 5151 4329 125207 1024 36 60
ta051 126218 30000 5160 4343 125668 4472 55 60
ta051 126441 30000 5160 4213 124837 4419 55 60
ta052 119643 30000 5530 4384 118261 2960 46 60
ta052 119431 30000 5080 3984 118177 3100 48 60
ta052 119483 30000 4823 3817 118296 2542 45 60
ta052 119301 30001 4989 4152 117701 3870 53 60
ta052 119369 30001 4981 4182 118441 1755 40 60
ta052 119349 30000 5087 4292 118319 966 35 60
ta052 119395 30002 4884 4098 118234 968 35 60
ta052 119274 30000 4932 3605 117604 4371 56 60
ta052 119465 30001 5029 3919 117762 3932 53 60
ta052 119259 30000 5185 4103 117748 4590 56 60
ta053 117226 30001 5301 4217 116109 3482 49 60
ta053 116971 30001 5119 4054 116301 1933 41 60
ta053 117018 30001 5145 4128 116390 3719 51 60
ta053 117118 30000 5394 4579 116133 4474 54 60
ta053 117021 30000 5465 4375 115426 5133 58 60
ta053 116459 30002 5091 4049 115661 1853 40 60
ta053 116732 30000 5335 4256 115574 4233 53 60
ta053 117179 30000 5113 4321 115973 5081 59 60
ta053 116792 30001 5045 4075 115691 4857 58 60
ta053 117056 30001 5205 4233 116055 4171 54 60
ta054 121177 30000 5691 4731 120357 541 32 60
ta054 121247 30000 5170 4181 120298 5094 59 60
ta054 121227 30000 5080 4146 120008 1289 37 60
ta054 121058 30001 5001 4255 119940 4672 58 60
ta054 121249 30000 5224 4009 120097 2678 45 60
ta054 121372 30001 5432 4709 120353 1787 39 60
ta054 121077 30002 5155 4306 119940 4837 58 60
ta054 121331 30000 5565 4564 120586 548 32 60
ta054 121000 30000 5276 4633 120004 3449 49 60
ta054 121063 30000 5138 4394 120481 3053 47 60
ta055 118184 30000 5338 4096 117078 4846 57 60
ta055 118905 30000 5696 4410 117970 2427 42 60
ta055 119011 30001 5050 3715 117581 4972 59 60
ta055 119169 30000 5609 4121 117766 4506 54 60
ta055 118710 30000 5962 4016 117358 2104 40 60
ta055 118730 30000 5565 4611 117884 5402 59 60
ta055 118368 30002 5383 4084 116705 4002 52 60
ta055 118744 30000 5651 4619 117789 2615 43 60
ta055 118681 30001 5363 4244 117624 5327 59 60
ta055 118837 30002 5355 4051 117513 4782 56 60
ta056 120982 30000 5163 4231 120209 4065 53 60
ta056 121135 30001 5303 3935 120390 580 33 60
ta056 121009 30002 4935 4082 120171 4453 57 60
ta056 121057 30000 5161 4155 120323 1074 36 60
ta056 121162 30000 5128 4158 120368 4470 56 60
ta056 120989 30000 5322 4562 120508 3582 50 60
ta056 120981 30000 5402 3837 120200 4823 56 60
ta056 120626 30001 4928 4314 120166 3049 48 60
ta056 121047 30001 5072 4134 120330 5018 59 60
ta056 120786 30001 4993 4017 119671 4132 54 60
ta057 123678 30000 5482 4179 122828 3198 47 60
ta057 123309 30000 5505 4299 122553 4833 56 60
ta057 123570 30001 5476 4520 123030 4943 57 60
ta057 123767 30000 5877 4732 122554 4635 53 60
ta057 123596 30001 5563 4759 122799 5027 57 60
ta057 123602 30002 5665 4761 123035 1761 39 60
ta057 123685 30001 5581 4594 122771 4522 54 60
ta057 123238 30000 5692 4700 122676 4614 54 60
ta057 123222 30000 5627 4450 122404 3843 50 60
ta057 123237 30000 5600 4362 122583 5273 58 60
ta058 122730 30001 5435 4237 121886 5362 59 60
ta058 123061 30001 5652 4301 121981 2671 44 60
ta058 123059 30000 4909 4138 122142 4768 59 60
ta058 122489 30000 5403 4218 121578 3455 49 60
ta058 122780 30001 5554 4534 122157 868 34 60
ta058 123100 30000 5284 3700 121288 2557 44 60
ta058 123113 30000 5205 3845 121775 3075 47 60
ta058 123451 30001 5153 4062 122273 1454 38 60
ta058 123174 30000 5279 3992 121969 4296 54 60
ta058 122826 30000 5191 4376 121812 4282 54 60
ta059 122173 30001 4950 4168 121598 162 30 60
ta059 122073 30002 5250 4183 121328 5159 59 60
ta059 122183 30001 5332 4308 121161 3234 48 60
ta059 122298 30000 5332 4145 121424 4804 57 60
ta059 122320 30002 5482 4460 121688 379 32 60
ta059 122452 30000 6008 4412 121679 5204 55 60
ta059 122279 30000 5626 4484 121197 244 31 60
ta059 122593 30001 5699 4017 121873 4839 55 60
ta059 122478 30000 5634 4304 121758 78 30 60
ta059 122111 30001 4929 3895 121294 4874 59 60
ta060 124665 30001 5572 4424 123621 2484 43 60
ta060 124515 30000 5544 4296 123767 3368 48 60
ta060 124285 30000 5182 4130 123927 3358 49 60
ta060 124575 30000 5189 3916 123595 2627 45 60
ta060 124303 30000 4679 3881 123819 2889 48 60
ta060 124336 30000 5268 4358 123500 4674 56 60
ta060 124706 30000 5071 4110 123997 896 35 60
ta060 124490 30000 4638 3867 123628 347 32 60
ta060 124578 30000 5021 4078 123806 1011 36 60
ta060 124715 30000 5060 4020 124035 3651 51 60
ta061 254848 15000 9200 7942 254585 1936 18 30
ta061 254887 15001 9338 8086 254186 4465 22 30
ta061 254994 15000 9249 8065 254902 50 15 30
ta061 254369 15002 9371 8131 254154 8724 28 30
ta061 254764 15001 9492 8287 254419 3768 21 30
ta061 255100 15003 9313 7989 254740 2588 19 30
ta061 254913 15000 9299 8003 254613 349 15 30
ta061 255051 15001 9311 8044 254761 5248 23 30
ta061 254774 15002 9298 7930 254406 2927 19 30
ta061 254744 15000 9339 8267 254386 3907 21 30
ta062 244380 15000 10652 9079 244009 9824 28 30
ta062 244383 15000 10943 9472 244061 1128 16 30
ta062 243689 15000 11179 9813 243632 595 15 30
ta062 244263 15000 10751 9249 243920 3797 20 30
ta062 244518 15002 10666 8972 244237 1618 17 30
ta062 244151 15000 10873 9301 243983 260 15 30
ta062 244143 15000 11466 9824 243949 1806 17 30
ta062 243691 15000 10696 9315 243439 400 15 30
ta062 244214 15000 11034 9583 243976 7445 25 30
ta062 244788 15000 10957 9353 244447 861 16 30
ta063 239076 15001 10608 9280 239016 361 15 30
ta063 238970 15001 10416 9014 238779 2577 18 30
ta063 239190 15002 10454 9161 239155 138 15 30
ta063 239243 15000 10394 9147 238983 4669 21 30
ta063 239215 15001 10466 9053 238974 3051 19 30
ta063 239020 15002 10277 8823 238978 124 15 30
ta063 238970 15003 10468 9080 238690 747 16 30
ta063 239046 15001 10512 9156 238946 560 15 30
ta063 239335 15000 10584 9200 239112 491 15 30
ta063 239112 15000 10529 9305 238963 5004 22 30
ta064 229007 15001 9524 8417 228942 135 15 30
ta064 228758 15000 9590 8553 228588 91 15 30
ta064 228697 15000 9531 8379 228623 50 15 30
ta064 229091 15000 9607 8621 228673 1040 16 30
ta064 228949 15000 9541 8521 228657 6165 24 30
ta064 229048 15000 9673 8617 228865 347 15 30
ta064 229042 15002 9543 8492 228851 2930 19 30
ta064 228987 15002 9578 8587 228788 2829 19 30
ta064 228937 15002 9486 8393 228709 4458 22 30
ta064 229044 15000 9590 8489 228842 3594 20 30
ta065 241696 15001 10227 8822 241555 6388 24 30
ta065 241626 15002 10282 9019 241137 9568 28 30
ta065 241612 15000 10271 8718 241371 1384 17 30
ta065 241672 15002 10486 9224 241474 896 16 30
ta065 241713 15000 9915 8440 241321 9110 28 30
ta065 241377 15000 10435 9013 241249 237 15 30
ta065 241809 15002 10232 8856 241575 10230 29 30
ta065 241382 15001 10044 8747 241187 466 15 30
ta065 241809 15000 10080 8683 241560 121 15 30
ta065 241739 15002 10603 9129 241570 9198 27 30
ta066 233579 15002 10383 8846 233338 1313 16 30
ta066 234342 15000 10351 8996 233802 9705 29 30
ta066 233942 15002 10292 9029 233496 8037 26 30
ta066 233846 15000 10152 8758 233754 13 15 30
ta066 233590 15000 10331 9032 233250 586 15 30
ta066 233416 15002 10673 9317 233085 373 15 30
ta066 233706 15000 10224 8957 233393 1130 16 30
ta066 233881 15000 9855 8662 233546 1856 17 30
ta066 233901 15000 10335 9062 233501 4342 21 30
ta066 233781 15000 10543 9081 233701 31 15 30
ta067 241660 15000 9487 8086 241299 1623 17 30
ta067 241603 15000 9275 7806 241535 48 15 30
ta067 241553 15003 9397 8113 241355 277 15 30
ta067 242234 15002 9392 7750 241845 819 16 30
ta067 241715 15000 9336 7967 241348 8183 28 30
ta067 241852 15000 9315 7829 241576 654 16 30
ta067 241772 15000 9325 7919 241518 541 15 30
ta067 241886 15000 9360 7835 241686 1609 17 30
ta067 241782 15002 9307 7861 241692 99 15 30
ta067 241779 15001 9316 7792 241555 591 15 30
ta068 232681 15000 11628 10130 232037 10156 28 30
ta068 232416 15002 12101 10571 231939 136 15 30
ta068 232513 15002 11546 10194 232225 5199 21 30
ta068 232019 15001 11887 10286 231650 838 16 30
ta068 232670 15000 12176 10379 232377 4416 20 30
ta068 232412 15000 11964 10325 232030 1123 16 30
ta068 232903 15000 12236 10630 232487 3742 19 30
ta068 231989 15002 11582 10239 231667 1314 16 30
ta068 232816 15000 11845 10412 232170 10620 28 30
ta068 232220 15000 11771 9840 231987 7984 25 30
ta069 249603 15002 12956 11096 249253 366 15 30
ta069 248979 15000 12925 10834 248626 92 15 30
ta069 249842 15002 13044 11150 249204 3356 18 30
ta069 249583 15000 13209 11236 249104 66 15 30
ta069 249406 15001 13366 11441 249142 2950 18 30
ta069 249854 15000 13411 11244 249115 1596 16 30
ta069 250035 15000 13079 10994 249459 131 15 30
ta069 249318 15001 13066 10960 248595 322 15 30
ta069 249237 15002 13262 11433 248789 70 15 30
ta069 249598 15002 12962 11199 249135 834 15 30
ta070 245265 15000 9538 8334 245072 1103 16 30
ta070 245279 15000 9481 8260 244908 6911 26 30
ta070 245324 15000 9482 8408 245093 100 15 30
ta070 245166 15000 9433 8102 244586 2214 18 30
ta070 244351 15002 9424 8260 243838 9052 29 30
ta070 245469 15000 9729 8540 244801 6095 24 30
ta070 244861 15000 9549 8370 244032 1956 18 30
ta070 245228 15002 9489 8449 245061 1598 17 30
ta070 244704 15000 9584 8425 244588 140 15 30
ta070 244962 15000 9511 8325 244742 141 15 30
ta071 300801 30000 5951 4956 299569 5238 56 60
ta071 300719 30001 5988 4985 299697 3635 48 60
ta071 301378 30000 5896 4844 300522 5503 58 60
ta071 300344 30000 6041 5078 299585 663 33 60
ta071 300660 30000 5986 5025 299607 3334 46 60
ta071 300884 30001 5812 4895 300211 5545 58 60
ta071 300996 30003 6118 5118 300125 895 34 60
ta071 300372 30002 5933 5002 299361 4794 54 60
ta071 300778 30000 6096 4992 299773 2835 44 60
ta071 300237 30002 6088 5083 299562 4795 53 60
ta072 277346 30001 6316 5229 276405 6134 59 60
ta072 276872 30005 6236 5506 276129 5674 57 60
ta072 276889 30005 6208 5436 276192 2229 40 60
ta072 277239 30001 6153 5334 276583 5829 58 60
ta072 277550 30000 6144 5252 276160 6120 59 60
ta072 277225 30000 6177 5182 276360 3997 49 60
ta072 277235 30000 6375 5311 276099 2644 42 60
ta072 276697 30000 6196 5411 276369 3891 48 60
ta072 276797 30002 6341 5517 275848 1714 38 60
ta072 276612 30000 6056 5156 275625 3674 48 60
ta073 289740 30006 5782 5045 288328 5039 56 60
ta073 289769 30004 5875 5043 288610 5120 56 60
ta073 290693 30005 5799 4893 289725 5791 59 60
ta073 290956 30004 5819 4888 289265 978 35 60
ta073 289449 30002 5900 5107 288083 5529 58 60
ta073 289776 30002 5994 5285 288491 4652 52 60
ta073 291053 30000 5974 5134 289448 5436 57 60
ta073 289550 30000 5550 4843 288550 3029 46 60
ta073 290982 30000 5706 4921 289857 969 35 60
ta073 289815 30003 5725 4885 288338 4576 53 60
ta074 304862 30003 5198 4478 304179 695 33 60
ta074 305042 30000 5387 4640 303610 5300 59 60
ta074 303034 30000 5223 4680 301977 1054 36 60
ta074 304275 30003 5228 4536 303028 4367 55 60
ta074 303610 30000 5269 4618 302969 4884 57 60
ta074 303977 30003 5207 4506 303315 4455 55 60
ta074 306231 30003 5218 4554 305434 562 33 60
ta074 304425 30006 5176 4537 303704 2475 44 60
ta074 305966 30003 5220 4437 304779 1370 37 60
ta074 304682 30000 5249 4713 303928 5009 58 60
ta075 286666 30001 6082 5216 286124 3761 48 60
ta075 286594 30002 5676 4890 285752 3047 46 60
ta075 286119 30000 5846 5030 284856 1545 38 60
ta075 286104 30000 5573 4808 284809 1120 36 60
ta075 285111 30000 5389 4703 283932 2819 45 60
ta075 286485 30005 5204 4556 285509 4599 56 60
ta075 286718 30000 5991 5250 285534 2960 44 60
ta075 285771 30002 5941 5081 283578 4308 51 60
ta075 286375 30004 5617 4821 284493 4803 55 60
ta075 286119 30004 5897 5062 285157 4303 51 60
ta076 272627 30000 5470 4419 271066 5078 57 60
ta076 272838 30000 5863 4911 271826 3657 48 60
ta076 272343 30003 5474 4738 271734 3888 51 60
ta076 271921 30000 5809 5025 271327 1888 39 60
ta076 272360 30003 5491 4754 271232 3154 47 60
ta076 272166 30001 5575 4700 271148 1971 40 60
ta076 272631 30000 5512 4732 271601 661 33 60
ta076 272224 30000 5577 4774 271209 4611 54 60
ta076 272241 30002 5605 4790 271217 948 35 60
ta076 272760 30005 5732 4938 271676 4790 55 60
ta077 281817 30000 5118 4528 281174 212 31 60
ta077 282118 30001 5104 4486 281154 3710 51 60
ta077 281833 30005 5150 4382 279919 4033 53 60
ta077 282509 30004 5163 4571 281852 4575 56 60
ta077 282406 30000 5111 4446 281645 2775 46 60
ta077 281482 30006 5056 4404 280319 4008 53 60
ta077 281994 30000 5146 4585 281216 4251 54 60
ta077 282164 30004 5104 4562 281110 4804 58 60
ta077 282338 30000 5212 4562 281152 4262 54 60
ta077 281166 30001 5150 4541 279983 655 33 60
ta078 293727 30000 5865 5057 292953 3583 48 60
ta078 292948 30001 6226 5382 292429 3870 48 60
ta078 293637 30000 5554 4823 293170 1417 37 60
ta078 293390 30000 5590 4614 292067 3094 46 60
ta078 294007 30000 5956 5045 293259 1484 37 60
ta078 293994 30003 5612 4868 293670 309 31 60
ta078 293333 30000 6250 5420 292394 2778 42 60
ta078 293020 30003 6187 5204 292186 4895 53 60
ta078 293183 30003 5663 4517 291910 2297 41 60
ta078 293265 30002 5835 5057 292776 5821 59 60
ta079 305520 30001 6086 5042 304617 773 33 60
ta079 304174 30001 5332 4422 302787 4336 54 60
ta079 305169 30001 5976 5166 304625 3215 46 60
ta079 304423 30000 6011 5058 303803 2209 40 60
ta079 304033 30000 5148 4349 302680 1454 38 60
ta079 304984 30000 6175 5305 303526 4887 53 60
ta079 305387 30001 5273 4445 304214 3748 51 60
ta079 304427 30002 5385 4477 303831 981 35 60
ta079 304252 30003 5754 4854 303364 3242 46 60
ta079 303928 30000 5396 4436 302684 3949 52 60
ta080 293873 30006 7937 6566 293318 6414 54 60
ta080 293417 30000 8120 6774 292629 7857 59 60
ta080 293337 30005 7657 6399 292144 1410 35 60
ta080 293942 30004 8312 7067 292748 6674 54 60
ta080 294144 30003 7892 6394 293462 3877 44 60
ta080 294482 30000 7679 5989 293414 2597 39 60
ta080 294797 30001 8241 6717 294147 6139 52 60
ta080 293792 30003 7735 6392 293278 7325 58 60
ta080 293205 30000 7887 6365 292250 756 32 60
ta080 292414 30006 7964 6367 291706 1181 34 60
ta081 368846 60016 2734 2239 366947 2504 115 120
ta081 369612 60000 2521 2067 367118 2364 116 120
ta081 370855 60000 2880 2460 368677 2070 103 120
ta081 369909 60003 2764 2191 367350 2525 115 120
ta081 368669 60005 2624 2059 365478 1995 105 120
ta081 370314 60014 2792 2412 367894 2581 115 120
ta081 369342 60000 3014 2409 366131 2678 113 120
ta081 370920 60014 2844 2364 369042 1687 95 120
ta081 370038 60008 2686 2280 367629 696 75 120
ta081 369329 60011 2764 2205 366831 1689 96 120
ta082 376031 60011 3238 2629 373818 2771 110 120
ta082 375175 60006 3290 2734 372574 2616 106 120
ta082 376092 60005 3395 2727 373307 3111 115 120
ta082 376343 60004 3298 2805 374076 559 70 120
ta082 375901 60000 3091 2579 373900 1047 80 120
ta082 376226 60001 3501 2967 374225 2150 97 120
ta082 376200 60008 3233 2670 373071 2405 104 120
ta082 375910 60009 3448 2975 373508 926 76 120
ta082 375688 60009 3069 2615 373753 3005 118 120
ta082 375604 60005 3256 2666 373713 1580 89 120
ta083 373510 60005 2889 2249 371786 939 80 120
ta083 372034 60002 2514 2039 369906 2422 117 120
ta083 373590 60002 3215 2524 371662 2135 102 120
ta083 373573 60010 3577 2944 372250 3492 118 120
ta083 372386 60000 2571 2171 370606 1602 98 120
ta083 374723 60001 2645 2226 372395 1647 97 120
ta083 373444 60000 2663 2211 371635 2607 118 120
ta083 373107 60009 2858 2319 371001 1274 87 120
ta083 372712 60000 2742 2252 370640 2679 118 120
ta083 372978 60003 2577 2132 370600 2476 117 120
ta084 377278 60013 3018 2479 374355 2661 113 120
ta084 376598 60009 3042 2721 374694 1926 98 120
ta084 375587 60007 2818 2386 372857 2681 117 120
ta084 376407 60001 2659 2229 374035 1564 95 120
ta084 375924 60007 2955 2397 373151 1228 85 120
ta084 377028 60001 2974 2463 374406 1983 100 120
ta084 375276 60000 2785 2433 373568 2276 109 120
ta084 377126 60000 2876 2489 375046 2492 111 120
ta084 375778 60006 2735 2399 373625 1994 104 120
ta084 377091 60006 2808 2273 374563 833 77 120
ta085 371845 60000 3075 2556 369628 2476 108 120
ta085 374616 60008 3104 2514 372370 2282 104 120
ta085 372500 60000 3060 2575 370347 1890 96 120
ta085 372267 60000 2739 2298 369652 2618 117 120
ta085 373148 60011 3018 2524 371425 822 76 120
ta085 373483 60006 3114 2491 370648 658 72 120
ta085 372209 60016 3287 2625 369386 3227 119 120
ta085 372605 60000 3163 2569 369816 3137 119 120
ta085 371616 60002 2855 2479 369971 1562 92 120
ta085 372140 60000 3230 2734 369905 560 70 120
ta086 375821 60000 3178 2575 373879 1999 97 120
ta086 377374 60011 2791 2318 374785 2256 108 120
ta086 375436 60006 3348 2698 372111 1447 85 120
ta086 378123 60001 3252 2659 375343 2404 104 120
ta086 376755 60009 2923 2412 374282 1952 100 120
ta086 375863 60001 3170 2725 373516 1879 95 120
ta086 378323 60008 2950 2386 375376 2939 119 120
ta086 375816 60008 2847 2460 373644 1643 95 120
ta086 377692 60000 3204 2670 375077 1549 88 120
ta086 376762 60000 2922 2375 374941 626 72 120
ta087 377387 60011 3151 2541 374987 711 73 120
ta087 376912 60014 3169 2721 374980 3079 118 120
ta087 377391 60004 3070 2513 374132 2008 99 120
ta087 377026 60000 3141 2538 374070 801 75 120
ta087 377130 60003 2959 2530 373481 699 74 120
ta087 375917 60009 3285 2739 373148 3219 118 120
ta087 377087 60000 3069 2678 374762 2603 110 120
ta087 376163 60013 3351 2866 374727 447 68 120
ta087 377057 60013 3404 2807 374594 2738 108 120
ta087 377126 60000 3035 2413 374248 868 77 120
ta088 386199 60000 2725 2280 383596 1849 101 120
ta088 386361 60016 2744 2320 384239 1865 100 120
ta088 387268 60007 3006 2392 384379 2710 114 120
ta088 387637 60000 2600 2129 384574 1828 103 120
ta088 387788 60005 2862 2367 385299 1404 89 120
ta088 386722 60014 2777 2352 383270 2738 119 120
ta088 386526 60013 2717 2276 384673 290 66 120
ta088 386622 60009 2915 2456 384158 302 66 120
ta088 387350 60001 2830 2405 384881 2714 117 120
ta088 387937 60004 2727 2392 386609 476 70 120
ta089 378446 60013 2781 2290 377218 1080 83 120
ta089 378113 60007 2798 2375 375457 1525 92 120
ta089 378832 60001 3213 2698 376824 2372 104 120
ta089 377711 60007 3032 2630 375436 2863 116 120
ta089 378048 60002 2747 2337 376070 2269 109 120
ta089 377956 60002 2788 2412 375955 2636 116 120
ta089 378012 60006 2905 2475 374773 1290 86 120
ta089 377847 60006 3041 2451 375424 1407 87 120
ta089 376401 60000 2944 2466 374982 1367 87 120
ta089 377246 60011 2954 2529 375347 2379 108 120
ta090 381780 60000 2714 2249 378395 694 75 120
ta090 382810 60000 2858 2381 380740 2309 108 120
ta090 384108 60000 2695 2267 381952 2385 113 120
ta090 383297 60017 2688 2316 381149 2493 115 120
ta090 383336 60004 2771 2294 381384 2162 106 120
ta090 382873 60000 2579 2196 381315 1647 98 120
ta090 383821 60001 2607 2117 380350 1987 105 120
ta090 382944 60000 2706 2282 380250 2230 109 120
ta090 381889 60000 2769 2450 380128 302 66 120
ta090 384107 60008 2790 2378 382833 2603 115 120
ta091 1051543 60038 2645 2297 1049252 2583 118 120
ta091 1049375 60038 2649 2385 1046964 2160 108 120
ta091 1052121 60000 2651 2409 1050464 451 70 120
ta091 1050749 60010 2650 2389 1048039 2214 110 120
ta091 1051176 60021 2649 2372 1048629 2470 115 120
ta091 1051994 60006 2642 2323 1049595 1547 95 120
ta091 1052622 60002 2657 2351 1049375 1979 104 120
ta091 1050057 60013 2634 2366 1047133 922 81 120
ta091 1049643 60000 2648 2371 1047537 2268 111 120
ta091 1052126 60029 2648 2403 1050207 2644 119 120
ta092 1046062 60001 3271 2913 1044731 3103 116 120
ta092 1043362 60000 3543 3098 1041429 2077 94 120
ta092 1044741 60051 3388 3040 1042824 3332 118 120
ta092 1045615 60021 3231 2816 1043014 2441 106 120
ta092 1042058 60019 3135 2766 1038301 2240 102 120
ta092 1045804 60047 3395 2992 1044302 1851 92 120
ta092 1046789 60022 3076 2738 1045311 2477 108 120
ta092 1045183 60000 3151 2767 1042930 1213 82 120
ta092 1045198 60000 3331 2971 1043536 1188 80 120
ta092 1045398 60029 3231 2896 1043780 3225 119 120
ta093 1053481 60041 2738 2442 1051847 2079 105 120
ta093 1054026 60033 2700 2404 1052210 2185 108 120
ta093 1052561 60037 2792 2491 1050602 2782 119 120
ta093 1053561 60000 2777 2479 1051399 1386 90 120
ta093 1053439 60027 2728 2378 1051585 2473 114 120
ta093 1054606 60025 2706 2397 1051358 1458 92 120
ta093 1054130 60011 2691 2320 1049992 2528 116 120
ta093 1051854 60012 2688 2440 1050164 419 69 120
ta093 1052107 60017 2717 2405 1050551 1087 84 120
ta093 1050178 60020 2845 2434 1048503 346 66 120
ta094 1035925 60029 5011 4108 1034210 2061 84 120
ta094 1034647 60035 4703 3931 1033476 766 69 120
ta094 1038691 60000 5073 4143 1035627 4618 114 120
ta094 1035381 60034 4912 3970 1033675 2138 86 120
ta094 1036590 60000 4966 4119 1035438 1138 73 120
ta094 1034572 60024 5042 4080 1033414 338 64 120
ta094 1037026 60000 4626 3884 1035070 4211 114 120
ta094 1037543 60025 4837 4050 1036599 3365 101 120
ta094 1038717 60000 5341 4201 1036334 1102 72 120
ta094 1036763 60000 5037 4093 1035852 575 66 120
ta095 1039866 60000 2774 2425 1034493 1586 94 120
ta095 1039961 60022 2832 2551 1038088 2099 104 120
ta095 1040414 60000 2891 2605 1037271 2646 115 120
ta095 1041377 60023 2923 2649 1039535 2799 117 120
ta095 1042463 60011 2830 2507 1039063 2667 116 120
ta095 1044348 60000 2779 2471 1039629 2540 114 120
ta095 1041757 60000 2809 2478 1039693 2459 112 120
ta095 1040784 60000 2829 2511 1037720 2733 118 120
ta095 1040497 60000 2840 2559 1038361 1854 99 120
ta095 1042634 60021 2781 2473 1040503 1922 102 120
ta096 1014684 60022 2805 2520 1011575 1614 94 120
ta096 1013792 60000 2921 2647 1010508 2656 114 120
ta096 1014868 60000 2806 2480 1013005 2632 116 120
ta096 1018153 60029 2828 2537 1015705 2024 102 120
ta096 1015249 60037 2807 2474 1012079 2235 107 120
ta096 1016763 60041 2800 2505 1014764 1753 97 120
ta096 1011572 60021 2810 2447 1009347 1094 83 120
ta096 1012674 60000 3318 2897 1009849 702 73 120
ta096 1012658 60000 2760 2515 1010267 2251 108 120
ta096 1013980 60040 2743 2403 1011971 2627 117 120
ta097 1060771 60000 3279 2904 1057622 3242 119 120
ta097 1059540 60015 3509 3060 1056756 1089 78 120
ta097 1062296 60023 3540 3140 1059744 2262 97 120
ta097 1061746 60021 3469 3081 1060063 1027 78 120
ta097 1060344 60033 3753 3324 1056815 3031 107 120
ta097 1061619 60000 3758 3366 1059331 2199 95 120
ta097 1062053 60013 3662 3186 1058220 880 74 120
ta097 1065415 60023 3209 2814 1062817 1940 96 120
ta097 1061893 60040 3402 3007 1059445 2171 97 120
ta097 1062668 60019 3654 3243 1060270 470 67 120
ta098 1048226 60034 2767 2497 1045974 1536 92 120
ta098 1048600 60005 2802 2480 1046766 1452 91 120
ta098 1048785 60044 2768 2496 1047027 1984 103 120
ta098 1047370 60000 2836 2526 1045320 1413 90 120
ta098 1047988 60010 2834 2529 1045895 2010 102 120
ta098 1047404 60041 2791 2442 1045062 435 69 120
ta098 1047650 60046 2734 2409 1046212 474 70 120
ta098 1048696 60017 2748 2431 1046760 1988 103 120
ta098 1048242 60000 2897 2598 1046893 258 65 120
ta098 1048202 60000 2802 2483 1046317 2368 110 120
ta099 1029645 60011 2983 2616 1027625 2622 112 120
ta099 1027356 60015 3005 2692 1024928 1406 87 120
ta099 1029207 60000 3015 2707 1027257 659 73 120
ta099 1028891 60000 2974 2700 1027029 876 77 120
ta099 1028662 60003 2980 2671 1027132 2461 109 120
ta099 1028563 60038 2949 2701 1026779 2692 114 120
ta099 1028880 60021 3140 2765 1027018 1676 91 120
ta099 1028603 60000 2935 2575 1025161 1936 99 120
ta099 1029303 60016 2958 2655 1027468 1589 92 120
ta099 1031346 60015 3012 2746 1029520 2485 109 120
ta100 1038411 60015 4213 3600 1035983 2573 97 120
ta100 1036876 60015 3852 3380 1034977 2057 91 120
ta100 1036759 60021 3497 2992 1035160 898 76 120
ta100 1038618 60047 3592 3068 1036362 1729 88 120
ta100 1039587 60000 4221 3694 1037637 2438 94 120
ta100 1039717 60002 3697 3245 1037998 1233 78 120
ta100 1037530 60014 3998 3394 1033652 1958 90 120
ta100 1037985 60007 3785 3278 1035371 1462 84 120
ta100 1037934 60046 3493 3094 1034874 3259 115 120
ta100 1039690 60000 3713 3239 1036907 3526 116 120
ta101 1231472 120036 2092 1805 1226079 1727 218 240
ta101 1230937 120000 2537 2190 1224107 2206 225 240
ta101 1234204 120066 2137 1851 1228211 1418 199 240
ta101 1234162 120000 2032 1759 1226784 1673 218 240
ta101 1233570 120038 2277 1902 1225407 1537 200 240
ta101 1234453 120000 2207 1798 1226873 1952 226 240
ta101 1231824 120073 1991 1709 1224150 1984 239 240
ta101 1233659 120056 2228 1852 1226327 1339 190 240
ta101 1233207 120081 2056 1805 1225122 1997 236 240
ta101 1232398 120044 1999 1673 1225824 1802 228 240
ta102 1250412 120012 1433 1233 1242625 996 203 240
ta102 1247034 120041 1665 1465 1242024 1374 218 240
ta102 1253467 120000 1533 1277 1245865 946 195 240
ta102 1253146 120066 1505 1311 1246593 1106 207 240
ta102 1257523 120000 1523 1325 1248189 1508 239 240
ta102 1254477 120000 1501 1287 1245657 925 193 240
ta102 1251159 120122 1393 1207 1242344 1194 223 240
ta102 1256358 120000 1524 1324 1248056 902 192 240
ta102 1256760 120046 1594 1380 1249424 1133 205 240
ta102 1253053 120000 1527 1363 1248060 1041 202 240
ta103 1277688 120126 1744 1526 1272183 1721 238 240
ta103 1276393 120000 1810 1586 1271235 326 142 240
ta103 1276981 120082 1678 1470 1268875 1641 237 240
ta103 1273356 120001 1740 1514 1265888 1686 236 240
ta103 1274691 120062 1679 1427 1268674 1137 201 240
ta103 1275307 120002 1694 1479 1269729 1639 236 240
ta103 1272705 120032 2053 1804 1266468 1658 216 240
ta103 1274265 120000 1794 1557 1267101 1587 225 240
ta103 1276103 120125 1763 1481 1268712 1621 231 240
ta103 1274080 120100 1760 1558 1267372 513 156 240
ta104 1245706 120122 1648 1433 1237779 1256 212 240
ta104 1247392 120093 1570 1404 1241127 1477 232 240
ta104 1248167 120000 1630 1438 1242817 1589 237 240
ta104 1246302 120057 1592 1402 1239639 1319 219 240
ta104 1247788 120084 1515 1339 1239072 1472 236 240
ta104 1252901 120000 1741 1503 1246633 880 181 240
ta104 1250814 120017 1603 1421 1243744 1219 209 240
ta104 1249785 120058 1533 1331 1244276 1488 236 240
ta104 1250467 120028 1611 1445 1244551 891 186 240
ta104 1249247 120112 1626 1382 1243566 1408 224 240
ta105 1230113 120094 1772 1518 1222944 1462 218 240
ta105 1234669 120078 1686 1437 1226566 1393 220 240
ta105 1235670 120112 1589 1389 1230126 1055 199 240
ta105 1231491 120041 1661 1369 1226035 1160 201 240
ta105 1228903 120025 1888 1606 1223670 1607 222 240
ta105 1231621 120000 1933 1660 1225002 1932 240 240
ta105 1233848 120120 1793 1529 1227972 1791 239 240
ta105 1231209 120054 1746 1501 1226316 1179 201 240
ta105 1236791 120000 1993 1723 1228445 1776 227 240
ta105 1240115 120083 1724 1476 1233690 1430 219 240
ta106 1231413 120045 1520 1356 1226750 1221 216 240
ta106 1235199 120000 1588 1352 1229381 1490 232 240
ta106 1231591 120076 1567 1367 1225885 1424 229 240
ta106 1232911 120000 1642 1407 1226780 1320 217 240
ta106 1233543 120030 1589 1381 1226077 1579 239 240
ta106 1229449 120026 1445 1245 1220560 1414 237 240
ta106 1234647 120048 1520 1327 1228776 1209 215 240
ta106 1229153 120039 1433 1289 1222982 839 190 240
ta106 1236306 120064 1527 1304 1229401 1442 233 240
ta106 1235451 120028 1520 1339 1228788 1469 236 240
ta107 1248124 120046 1655 1445 1242093 1387 220 240
ta107 1250262 120000 1591 1375 1242886 1491 232 240
ta107 1253087 120000 1565 1317 1243600 1265 216 240
ta107 1251744 120099 1633 1340 1246145 1346 217 240
ta107 1251881 120039 1742 1477 1243854 790 172 240
ta107 1249683 120005 1637 1437 1243547 1211 208 240
ta107 1250261 120041 1430 1223 1243446 1228 224 240
ta107 1252965 120041 1683 1488 1248147 1353 216 240
ta107 1256742 120025 1509 1285 1249234 1054 203 240
ta107 1253329 120000 1805 1500 1247915 1804 240 240
ta108 1254064 120117 1759 1515 1248618 1047 192 240
ta108 1255409 120009 1696 1446 1248934 1498 227 240
ta108 1254125 120000 1801 1519 1249199 684 165 240
ta108 1256728 120036 1728 1458 1250823 1478 221 240
ta108 1256478 120000 1902 1568 1250752 1675 225 240
ta108 1253086 120100 1687 1419 1246878 1629 236 240
ta108 1254079 120031 1775 1536 1251113 1326 210 240
ta108 1253883 120050 1861 1584 1249716 1587 222 240
ta108 1256224 120067 1827 1579 1250945 1682 230 240
ta108 1254638 120108 1696 1413 1250279 1281 210 240
ta109 1241513 120000 1795 1539 1232794 1693 233 240
ta109 1243135 120070 1790 1560 1237387 1355 211 240
ta109 1242894 120092 1844 1567 1234852 1088 191 240
ta109 1239644 120081 1798 1565 1232271 1785 239 240
ta109 1240172 120082 1646 1435 1233957 1108 201 240
ta109 1240620 120005 1609 1316 1230033 1545 235 240
ta109 1240755 120092 1581 1358 1234623 1297 217 240
ta109 1242885 120022 1597 1351 1236761 1592 239 240
ta109 1243399 120118 1657 1404 1235482 1611 236 240
ta109 1237881 120047 1908 1640 1230966 1712 227 240
ta110 1256889 120043 1713 1484 1250686 1209 204 240
ta110 1257913 120000 1980 1728 1250147 1717 224 240
ta110 1256214 120075 1651 1422 1250133 1638 239 240
ta110 1258080 120068 1729 1543 1252377 1322 212 240
ta110 1255607 120078 1823 1577 1249182 1800 238 240
ta110 1258451 120088 1758 1554 1252273 1367 212 240
ta110 1265722 120049 1652 1425 1260448 1082 196 240
ta110 1258360 120117 1500 1293 1252720 1252 220 240
ta110 1256453 120105 1589 1392 1247976 1543 236 240
ta110 1255313 120083 1727 1532 1249059 1394 216 240
ta111 6720660 300897 612 570 6704801 610 599 600
ta111 6718578 300000 616 563 6702345 607 596 600
ta111 6716685 300433 603 556 6707165 578 588 600
ta111 6716227 300381 664 618 6703019 618 577 600
ta111 6724869 300869 590 545 6710317 525 567 600
ta111 6717140 301922 651 601 6702556 650 600 600
ta111 6715966 301187 649 597 6703377 618 586 600
ta111 6712680 300000 628 587 6696128 627 600 600
ta111 6727742 300081 645 601 6712766 606 582 600
ta111 6720700 300148 640 601 6706910 630 596 600
ta112 6848883 300752 709 640 6831748 703 598 600
ta112 6855320 300000 570 516 6844551 563 597 600
ta112 6847208 300000 615 565 6833463 607 596 600
ta112 6844879 300003 604 573 6831352 592 594 600
ta112 6849605 301225 584 535 6832726 582 599 600
ta112 6846355 301427 619 578 6829811 612 597 600
ta112 6848070 300000 653 585 6834780 623 587 600
ta112 6849455 300000 623 565 6835403 614 596 600
ta112 6855861 301312 636 579 6837856 568 567 600
ta112 6848207 301095 588 538 6831863 476 543 600
ta113 6769210 301385 617 552 6751085 596 590 600
ta113 6754339 301590 596 539 6741139 587 596 600
ta113 6760382 300001 639 571 6745096 637 599 600
ta113 6766294 300649 699 631 6748989 688 596 600
ta113 6763159 300767 603 543 6743578 601 599 600
ta113 6758879 300317 606 562 6745338 589 592 600
ta113 6769467 301281 634 587 6756181 557 563 600
ta113 6747426 300002 674 622 6729589 672 599 600
ta113 6749440 300002 598 568 6731153 533 567 600
ta113 6767200 300466 617 576 6750719 616 600 600
ta114 6809518 301804 606 547 6792618 605 600 600
ta114 6817152 301753 598 542 6801663 597 600 600
ta114 6791615 300003 615 574 6773832 555 571 600
ta114 6812463 301089 662 614 6799002 621 583 600
ta114 6812105 300506 603 558 6800457 602 600 600
ta114 6821610 300002 595 533 6803029 517 561 600
ta114 6809474 300719 623 572 6799535 621 599 600
ta114 6793522 300317 619 560 6777563 482 534 600
ta114 6799002 300000 652 600 6782378 576 565 600
ta114 6799692 300538 601 541 6781614 587 593 600
ta115 6757260 301926 670 620 6744404 655 593 600
ta115 6763655 301099 596 541 6748334 534 569 600
ta115 6771372 301642 631 579 6755784 605 588 600
ta115 6766013 301369 723 654 6745974 718 598 600
ta115 6759172 300065 608 551 6735597 606 599 600
ta115 6757306 301689 618 555 6741525 616 599 600
ta115 6773880 300176 613 552 6757838 610 599 600
ta115 6763087 300172 595 530 6751364 571 588 600
ta115 6754815 300001 608 557 6736032 604 598 600
ta115 6767094 300236 607 544 6752034 578 586 600
ta116 6737115 300000 641 603 6721052 623 592 600
ta116 6752819 301605 660 598 6738078 656 598 600
ta116 6747952 300002 673 629 6733600 628 580 600
ta116 6750249 300001 622 569 6737862 508 546 600
ta116 6755773 301103 738 677 6736935 736 599 600
ta116 6750746 300002 594 526 6737042 445 525 600
ta116 6744896 300000 653 593 6730777 647 598 600
ta116 6757601 301851 663 625 6740388 661 599 600
ta116 6747845 301048 613 557 6731233 603 595 600
ta116 6741253 300776 622 571 6725604 572 575 600
ta117 6699815 300373 597 558 6686661 593 598 600
ta117 6700222 300909 638 595 6685946 633 598 600
ta117 6701952 300000 693 645 6688618 689 598 600
ta117 6698762 300002 619 576 6685762 511 544 600
ta117 6704740 300449 667 597 6688588 623 580 600
ta117 6699054 301630 607 553 6683783 603 598 600
ta117 6701908 301126 599 549 6683471 511 556 600
ta117 6694786 300002 625 575 6679314 546 563 600
ta117 6705391 300200 668 621 6693609 661 597 600
ta117 6694126 301508 667 605 6680012 656 595 600
ta118 6788438 301670 652 591 6769567 622 586 600
ta118 6794765 301911 640 605 6776391 629 595 600
ta118 6782048 301759 632 590 6766508 628 598 600
ta118 6789393 301245 612 563 6774354 572 581 600
ta118 6781146 300314 619 562 6763859 594 588 600
ta118 6793569 300130 721 644 6779214 471 494 600
ta118 6788429 301034 602 551 6765379 601 600 600
ta118 6787212 301915 652 576 6775647 645 597 600
ta118 6796774 300421 621 557 6781674 594 587 600
ta118 6793156 300605 608 548 6777055 596 594 600
ta119 6718763 301272 635 588 6703175 633 599 600
ta119 6735262 301315 591 554 6722377 566 587 600
ta119 6717768 300000 608 553 6701527 495 544 600
ta119 6721259 300227 584 546 6703786 582 599 600
ta119 6728651 300192 614 563 6714422 605 596 600
ta119 6734339 301560 577 517 6717643 512 567 600
ta119 6721074 300129 630 565 6706364 629 600 600
ta119 6729269 300831 603 563 6711491 547 574 600
ta119 6722489 301696 669 604 6708082 666 599 600
ta119 6721602 300002 633 582 6705664 570 571 600
ta120 6777601 300379 708 651 6760162 698 596 600
ta120 6770956 300918 717 659 6755358 708 596 600
ta120 6766463 300000 709 663 6750930 707 599 600
ta120 6763291 301425 720 667 6749033 699 591 600
ta120 6772220 300003 733 663 6756471 559 530 600
ta120 6760701 300981 704 662 6744181 672 587 600
ta120 6766015 301801 632 587 6752953 565 570 600
ta120 6773385 300001 709 654 6757433 681 589 600
ta120 6758064 300186 695 646 6743349 623 571 600
ta120 6765307 300943 684 632 6748617 676 597 600
