# Hostname: ocasrv. Config used: --obj f --timefactor 60 --verbose --verbose_np --npf 0.5 --dv01 3 --dv02 0 --dv03 0 --dv04 2 --dv05 0 --dv06 0 --dv07 1 --dv08 2 --dv09 9 --dv10 3 --dv11 0 --dv12 2 --dv13 0 --dv14 0 --dv15 0 --dv16 0 --dv17 0 --dv18 0 --iga --np --dc 8 --alpha 0.2353 --n_ls 3 --dc_np 2 --alpha_np 0.146
ta001 14033 3000 25719 21851 14000 24859 5 6
ta001 14033 3000 25635 21734 14002 4475 3 6
ta001 14033 3000 25697 22058 14000 7403 3 6
ta001 14033 3000 25208 21520 14002 7528 3 6
ta001 14033 3000 25403 21617 14002 1377 3 6
ta001 14033 3000 25568 21724 14002 2352 3 6
ta001 14033 3000 25409 21515 13990 15984 4 6
ta001 14033 3000 25560 21844 14002 750 3 6
ta001 14033 3000 25229 21201 14002 76 3 6
ta001 14033 3000 25672 22127 14002 896 3 6
ta002 15151 3000 32071 24766 15151 0 3 6
ta002 15151 3000 32343 24679 15151 0 3 6
ta002 15151 3000 32107 24685 15151 0 3 6
ta002 15151 3000 31754 24265 15151 0 3 6
ta002 15151 3000 31138 23684 15151 0 3 6
ta002 15151 3000 31934 23507 15140 12742 4 6
ta002 15151 3000 30918 23698 15151 0 3 6
ta002 15151 3000 32036 24638 15140 25481 5 6
ta002 15151 3000 31607 24421 15151 0 3 6
ta002 15151 3000 32040 24606 15151 0 3 6
ta003 13301 3000 25109 19170 12956 3376 3 6
ta003 13301 3000 24294 18108 12956 17426 5 6
ta003 13301 3000 24898 18884 12956 989 3 6
ta003 13301 3000 24995 18629 12956 12075 4 6
ta003 13301 3000 24690 17256 13014 362 3 6
ta003 13301 3000 24614 18418 13014 741 3 6
ta003 13301 3000 23972 16541 13017 377 3 6
ta003 13301 3000 25201 17713 12956 3781 3 6
ta003 13301 3000 24847 18882 12956 3567 3 6
ta003 13301 3000 24727 16897 13021 644 3 6
ta004 15447 3000 27689 24182 15412 0 3 6
ta004 15447 3000 27738 23933 15391 13398 4 6
ta004 15447 3000 28083 24319 15412 3 3 6
ta004 15447 3000 27935 24269 15412 0 3 6
ta004 15447 3000 27499 23830 15412 26 3 6
ta004 15447 3000 27756 24241 15412 1 3 6
ta004 15447 3000 27573 23721 15407 9819 4 6
ta004 15447 3000 27469 23833 15391 5111 3 6
ta004 15447 3000 27871 24322 15412 0 3 6
ta004 15447 3000 27670 23984 15412 9 3 6
ta005 13529 3000 25495 23313 13472 121 3 6
ta005 13529 3000 25547 23409 13472 34 3 6
ta005 13529 3000 25754 23504 13472 91 3 6
ta005 13529 3000 25579 23448 13472 221 3 6
ta005 13529 3000 25699 23457 13472 2429 3 6
ta005 13529 3000 25404 23325 13472 754 3 6
ta005 13529 3000 25666 23597 13472 26 3 6
ta005 13529 3000 25388 23225 13472 707 3 6
ta005 13529 3000 25580 23380 13472 95 3 6
ta005 13529 3000 25468 23325 13472 76 3 6
ta006 13123 3000 27735 21193 13063 23965 5 6
ta006 13123 3000 27501 21601 13072 26 3 6
ta006 13123 3000 27397 21116 13058 16886 4 6
ta006 13123 3000 27061 20744 13072 16 3 6
ta006 13123 3000 27997 23011 13072 70 3 6
ta006 13123 3000 27710 22542 13072 46 3 6
ta006 13123 3000 26352 20623 13058 4426 3 6
ta006 13123 3000 27449 22263 13072 58 3 6
ta006 13123 3000 26731 20726 13072 29 3 6
ta006 13123 3000 27750 21971 13072 115 3 6
ta007 13548 3000 29334 24220 13479 3316 3 6
ta007 13548 3000 28605 23514 13479 371 3 6
ta007 13548 3000 29082 23988 13479 1509 3 6
ta007 13548 3000 29107 23896 13479 375 3 6
ta007 13548 3000 29333 24185 13479 339 3 6
ta007 13548 3000 29232 24152 13479 247 3 6
ta007 13548 3000 29244 24081 13479 1540 3 6
ta007 13548 3000 29198 24062 13479 381 3 6
ta007 13548 3000 28856 23957 13479 535 3 6
ta007 13548 3000 29348 24245 13479 1053 3 6
ta008 13948 3000 25871 20320 13882 459 3 6
ta008 13948 3000 26073 20381 13882 12296 4 6
ta008 13948 3000 26009 20940 13882 1451 3 6
ta008 13948 3000 25265 20003 13882 5117 3 6
ta008 13948 3000 26309 20921 13882 13777 4 6
ta008 13948 3000 26264 20559 13882 3606 3 6
ta008 13948 3000 25886 20682 13882 1951 3 6
ta008 13948 3000 26315 20593 13882 192 3 6
ta008 13948 3000 26220 20344 13882 863 3 6
ta008 13948 3000 26246 20904 13882 3601 3 6
ta009 14295 3000 26772 22351 14047 1066 3 6
ta009 14295 3000 27562 22612 14047 17082 4 6
ta009 14295 3000 27228 22471 14047 4407 3 6
ta009 14295 3000 27609 23677 14047 3148 3 6
ta009 14295 3000 27067 22640 14047 1727 3 6
ta009 14295 3000 27157 22608 14047 6237 3 6
ta009 14295 3000 27131 21637 14153 13959 4 6
ta009 14295 3000 27293 22567 14047 11760 4 6
ta009 14295 3000 27119 22478 14047 2474 3 6
ta009 14295 3000 27567 23005 14123 2118 3 6
ta010 12943 3000 26972 22436 12907 184 3 6
ta010 12943 3000 26675 22130 12907 4746 3 6
ta010 12943 3000 27055 22503 12907 7106 3 6
ta010 12943 3000 27023 22519 12907 3764 3 6
ta010 12943 3000 26651 20936 12910 122 3 6
ta010 12943 3000 26924 22230 12907 5850 3 6
ta010 12943 3000 26612 22033 12907 208 3 6
ta010 12943 3000 26715 22293 12907 151 3 6
ta010 12943 3000 27186 22583 12907 2311 3 6
ta010 12943 3000 26870 22396 12907 408 3 6
ta011 20911 6000 17215 12984 20650 438 6 12
ta011 20911 6000 17044 12927 20650 172 6 12
ta011 20911 6000 17444 13501 20620 5785 8 12
ta011 20911 6000 17907 13685 20650 220 6 12
ta011 20911 6000 16879 12661 20650 1025 6 12
ta011 20911 6000 17233 13137 20650 82 6 12
ta011 20911 6000 16587 12454 20650 1170 6 12
ta011 20911 6000 16542 12461 20683 489 6 12
ta011 20911 6000 17023 12997 20650 811 6 12
ta011 20911 6000 17901 14393 20650 770 6 12
ta012 22440 6000 14860 12563 22374 6545 8 12
ta012 22440 6000 14945 12820 22374 9089 9 12
ta012 22440 6000 15033 12691 22374 2947 7 12
ta012 22440 6000 15166 12810 22374 2805 7 12
ta012 22440 6000 14838 12606 22374 7020 8 12
ta012 22440 6000 15307 12777 22374 661 6 12
ta012 22440 6000 14892 12843 22374 9961 10 12
ta012 22440 6000 14907 12670 22374 7049 8 12
ta012 22440 6000 15212 12741 22374 1635 6 12
ta012 22440 6000 15050 12619 22374 5407 8 12
ta013 19833 6000 16078 11792 19548 615 6 12
ta013 19833 6000 16259 11964 19548 598 6 12
ta013 19833 6000 16400 12098 19548 889 6 12
ta013 19833 6000 16143 11860 19548 595 6 12
ta013 19833 6000 16334 12084 19548 231 6 12
ta013 19833 6000 15799 11376 19493 3985 7 12
ta013 19833 6000 16380 12086 19548 921 6 12
ta013 19833 6000 15903 11576 19548 425 6 12
ta013 19833 6000 16330 12029 19548 348 6 12
ta013 19833 6000 16179 11694 19548 636 6 12
ta014 18710 6000 16621 11667 18483 116 6 12
ta014 18710 6000 16590 11454 18483 199 6 12
ta014 18710 6000 16693 11697 18483 1908 6 12
ta014 18710 6000 16559 11523 18483 252 6 12
ta014 18710 6000 16617 11486 18483 76 6 12
ta014 18710 6000 16583 11425 18483 71 6 12
ta014 18710 6000 16555 11568 18483 136 6 12
ta014 18710 6000 16245 11386 18483 73 6 12
ta014 18710 6000 16678 11650 18483 162 6 12
ta014 18710 6000 16526 11467 18483 860 6 12
ta015 18641 6000 16329 10987 18343 857 6 12
ta015 18641 6000 16124 10726 18343 148 6 12
ta015 18641 6000 16405 11060 18343 1461 6 12
ta015 18641 6000 16328 10829 18343 220 6 12
ta015 18641 6000 16410 10848 18343 44 6 12
ta015 18641 6000 16334 10876 18343 399 6 12
ta015 18641 6000 16269 10810 18343 133 6 12
ta015 18641 6000 16268 10888 18343 365 6 12
ta015 18641 6000 16278 10782 18343 367 6 12
ta015 18641 6000 16289 10773 18343 155 6 12
ta016 19245 6000 15274 11281 18998 664 6 12
ta016 19245 6000 15341 11172 18928 725 6 12
ta016 19245 6000 15148 11141 18928 1102 6 12
ta016 19245 6000 15267 11179 18928 1911 6 12
ta016 19245 6000 15359 11052 18928 583 6 12
ta016 19245 6000 15253 11695 18998 950 6 12
ta016 19245 6000 15297 11009 18928 259 6 12
ta016 19245 6000 15321 11295 18928 1217 6 12
ta016 19245 6000 15336 11046 18928 697 6 12
ta016 19245 6000 15076 10746 18928 888 6 12
ta017 18363 6000 18472 15501 18073 91 6 12
ta017 18363 6000 18630 15345 18073 2781 6 12
ta017 18363 6000 17151 13392 18089 372 6 12
ta017 18363 6000 16760 12709 18073 13156 10 12
ta017 18363 6000 18676 15679 18073 1673 6 12
ta017 18363 6000 18740 15822 18073 360 6 12
ta017 18363 6000 18578 15765 18073 723 6 12
ta017 18363 6000 18644 15720 18073 1155 6 12
ta017 18363 6000 18470 15521 18073 1164 6 12
ta017 18363 6000 18667 15780 18073 391 6 12
ta018 20241 6000 15319 10860 19996 11282 10 12
ta018 20241 6000 15810 12024 19970 1762 6 12
ta018 20241 6000 15462 10507 19996 9626 9 12
ta018 20241 6000 15453 11739 19970 920 6 12
ta018 20241 6000 15760 12204 20006 1265 6 12
ta018 20241 6000 15449 10785 19996 6514 8 12
ta018 20241 6000 15086 9635 19948 13285 11 12
ta018 20241 6000 15493 10347 19996 8012 9 12
ta018 20241 6000 15758 12133 20006 2832 7 12
ta018 20241 6000 15094 10871 20091 351 6 12
ta019 20330 6000 18268 14486 20106 634 6 12
ta019 20330 6000 18395 14492 20106 248 6 12
ta019 20330 6000 18351 14413 20106 114 6 12
ta019 20330 6000 18506 15171 20106 7502 8 12
ta019 20330 6000 17853 14084 20106 343 6 12
ta019 20330 6000 17924 14174 20106 359 6 12
ta019 20330 6000 18304 14347 20106 616 6 12
ta019 20330 6000 18297 14397 20106 255 6 12
ta019 20330 6000 18357 14454 20106 435 6 12
ta019 20330 6000 18387 14463 20106 108 6 12
ta020 21320 6000 14617 11668 21015 825 6 12
ta020 21320 6000 14817 12384 21066 66 6 12
ta020 21320 6000 14770 12158 21015 7500 9 12
ta020 21320 6000 14799 12060 20872 11794 10 12
ta020 21320 6000 14808 11975 21015 3655 7 12
ta020 21320 6000 15602 11968 20955 551 6 12
ta020 21320 6000 14743 12273 21015 11777 10 12
ta020 21320 6000 14288 11740 20872 7273 9 12
ta020 21320 6000 14951 12196 21015 4614 7 12
ta020 21320 6000 14641 11970 20872 2824 7 12
ta021 33623 12000 9854 7941 33540 20 12 24
ta021 33623 12000 9794 7927 33540 41 12 24
ta021 33623 12000 9472 7268 33372 4131 17 24
ta021 33623 12000 9975 7191 33295 7147 20 24
ta021 33623 12000 9760 6480 33485 1765 14 24
ta021 33623 12000 9612 7862 33540 99 12 24
ta021 33623 12000 9851 7945 33540 33 12 24
ta021 33623 12000 9778 7974 33540 74 12 24
ta021 33623 12000 9337 6776 33391 3763 16 24
ta021 33623 12000 9938 8125 33540 93 12 24
ta022 31587 12000 10048 7707 31199 4612 17 24
ta022 31587 12000 9674 5491 31131 4662 17 24
ta022 31587 12000 9969 6424 31137 441 12 24
ta022 31587 12000 10409 8345 31130 279 12 24
ta022 31587 12000 10173 6476 31224 1146 13 24
ta022 31587 12000 9623 6451 31128 3444 16 24
ta022 31587 12000 9810 6430 31110 666 12 24
ta022 31587 12000 9860 6693 31110 2566 15 24
ta022 31587 12000 10024 6456 31060 3380 15 24
ta022 31587 12000 9814 6336 31062 4584 17 24
ta023 33920 12000 9034 7250 33246 378 12 24
ta023 33920 12000 9368 6867 33369 362 12 24
ta023 33920 12000 8993 6888 33362 2700 15 24
ta023 33920 12000 9067 6876 33362 2410 15 24
ta023 33920 12000 9097 5429 33369 471 12 24
ta023 33920 12000 8886 5021 33167 535 12 24
ta023 33920 12000 8956 6409 33107 1821 14 24
ta023 33920 12000 9015 6771 33251 7394 21 24
ta023 33920 12000 9403 6868 33323 452 12 24
ta023 33920 12000 8814 6787 33351 2993 16 24
ta024 31661 12000 8947 6475 31029 6898 21 24
ta024 31661 12000 9512 7001 31322 307 12 24
ta024 31661 12000 8801 6366 31029 8592 23 24
ta024 31661 12000 9641 7126 31316 5991 19 24
ta024 31661 12000 9215 6482 31029 5566 19 24
ta024 31661 12000 8960 6509 31029 5616 19 24
ta024 31661 12000 8564 5592 31197 2462 15 24
ta024 31661 12000 9083 6589 31029 6400 20 24
ta024 31661 12000 8754 6585 31182 271 12 24
ta024 31661 12000 8817 6359 31031 7471 22 24
ta025 34557 12000 8728 7308 34199 4198 17 24
ta025 34557 12000 8569 6500 34199 1382 13 24
ta025 34557 12000 8744 6895 34261 2490 15 24
ta025 34557 12000 8987 6541 34213 1227 13 24
ta025 34557 12000 8829 6585 34199 4221 17 24
ta025 34557 12000 9341 7405 34133 8739 23 24
ta025 34557 12000 8476 7438 34199 5316 19 24
ta025 34557 12000 8720 7525 34295 229 12 24
ta025 34557 12000 8619 6083 34199 1809 14 24
ta025 34557 12000 8755 7028 34199 3601 16 24
ta026 32564 12000 9851 7274 32055 278 12 24
ta026 32564 12000 10621 7171 32085 81 12 24
ta026 32564 12000 10215 6839 32085 1217 13 24
ta026 32564 12000 10067 7726 32087 386 12 24
ta026 32564 12000 10482 7102 32085 422 12 24
ta026 32564 12000 10611 7274 32085 471 12 24
ta026 32564 12000 10069 7740 32087 316 12 24
ta026 32564 12000 9201 6285 32035 68 12 24
ta026 32564 12000 9380 6429 32035 90 12 24
ta026 32564 12000 10609 7234 32085 295 12 24
ta027 32922 12000 9202 6495 32768 921 13 24
ta027 32922 12000 9012 7567 32815 2345 15 24
ta027 32922 12000 9433 7808 32858 28 12 24
ta027 32922 12000 9768 7875 32734 7823 21 24
ta027 32922 12000 9913 7037 32608 3046 15 24
ta027 32922 12000 9388 7797 32731 6554 20 24
ta027 32922 12000 9521 7944 32858 1369 13 24
ta027 32922 12000 9301 7812 32858 227 12 24
ta027 32922 12000 9353 7198 32555 5783 19 24
ta027 32922 12000 9195 7656 32815 3518 16 24
ta028 32412 12000 9366 7422 32141 7452 21 24
ta028 32412 12000 9474 7418 32180 177 12 24
ta028 32412 12000 8920 6913 32184 5171 18 24
ta028 32412 12000 9588 7543 32180 2877 15 24
ta028 32412 12000 9183 7350 32141 4253 17 24
ta028 32412 12000 9527 7533 32189 6555 20 24
ta028 32412 12000 9615 7151 32149 6370 19 24
ta028 32412 12000 9329 7306 32141 6882 20 24
ta028 32412 12000 9340 7241 32141 4744 17 24
ta028 32412 12000 9369 7489 32141 8716 23 24
ta029 33600 12000 9402 7515 33219 7106 20 24
ta029 33600 12000 9356 6866 33301 1165 13 24
ta029 33600 12000 9075 6406 33078 2357 15 24
ta029 33600 12000 9037 6311 33078 746 12 24
ta029 33600 12000 9289 6770 33219 4930 18 24
ta029 33600 12000 9243 6959 33219 5888 19 24
ta029 33600 12000 9262 7492 33266 8324 22 24
ta029 33600 12000 9155 6561 33078 3506 16 24
ta029 33600 12000 9448 6818 33101 8595 22 24
ta029 33600 12000 9116 7217 33219 7330 21 24
ta030 32262 12000 9626 7285 31736 824 13 24
ta030 32262 12000 10425 6766 31614 1310 13 24
ta030 32262 12000 9279 7089 31776 530 12 24
ta030 32262 12000 9317 6995 31776 899 13 24
ta030 32262 12000 9548 7375 31736 222 12 24
ta030 32262 12000 9989 6214 31817 1245 13 24
ta030 32262 12000 9562 7349 31614 9251 23 24
ta030 32262 12000 9321 7085 31776 146 12 24
ta030 32262 12000 9353 7001 31776 304 12 24
ta030 32262 12000 9260 7028 31776 722 12 24
ta031 64956 8000 14565 12357 64866 721 8 15
ta031 64884 8000 14476 12317 64810 29 8 15
ta031 64947 8000 14668 12570 64772 9885 12 15
ta031 64963 8000 14425 12283 64911 2 8 15
ta031 65018 8000 14375 12098 64926 7068 11 15
ta031 64843 8000 14646 12317 64786 899 8 15
ta031 64927 8000 14470 12324 64722 14111 14 15
ta031 64908 8000 13148 10951 64823 2359 9 15
ta031 64885 8000 14568 12360 64845 9040 12 15
ta031 64842 8000 14434 11920 64810 9 8 15
ta032 68157 8000 16422 14267 68072 3442 9 15
ta032 68079 8000 16152 14408 68015 563 8 15
ta032 68180 8000 16624 14368 68080 42 8 15
ta032 68115 8000 15783 13641 67927 8204 11 15
ta032 68180 8000 16876 14726 68064 712 8 15
ta032 68180 8000 17146 14777 68067 28 8 15
ta032 68090 8000 15550 13350 67941 6145 10 15
ta032 68180 8000 16931 14591 68067 21 8 15
ta032 68130 8000 17151 15199 67970 7076 10 15
ta032 68147 8000 15833 13907 68040 308 8 15
ta033 63336 8000 15039 13308 63286 2859 9 15
ta033 63251 8000 15154 13539 63243 24 8 15
ta033 63305 8000 15192 13293 63262 13611 14 15
ta033 63332 8000 15136 13354 63161 5616 10 15
ta033 63275 8000 15024 13124 63238 29 8 15
ta033 63233 8000 15196 13616 63122 509 8 15
ta033 63295 8000 15175 13273 63265 9971 12 15
ta033 63328 8000 15040 13184 63236 9777 12 15
ta033 63254 8000 15189 13406 63246 18 8 15
ta033 63321 8000 15023 13174 63291 823 8 15
ta034 68407 8000 14799 12769 68363 66 8 15
ta034 68534 8000 15398 13564 68459 546 8 15
ta034 68346 8000 14473 12890 68314 5 8 15
ta034 68445 8000 14679 13093 68397 76 8 15
ta034 68445 8000 14615 13096 68397 80 8 15
ta034 68499 8000 14691 12977 68471 13 8 15
ta034 68471 8000 14684 13250 68409 2165 9 15
ta034 68392 8000 14609 12831 68374 12431 13 15
ta034 68487 8000 14551 13050 68396 2464 9 15
ta034 68354 8000 15242 13345 68337 8 8 15
ta035 69412 8000 14093 12136 69221 4513 10 15
ta035 69456 8000 14118 12208 69240 10099 13 15
ta035 69412 8000 14206 12158 69237 4608 10 15
ta035 69412 8000 13945 11774 69266 106 8 15
ta035 69524 8000 14175 11927 69207 1260 8 15
ta035 69515 8000 14043 11964 69376 5011 10 15
ta035 69426 8000 14020 11789 69415 20 8 15
ta035 69412 8000 14134 12183 69266 46 8 15
ta035 69470 8000 14061 12050 69295 5837 10 15
ta035 69522 8000 14207 12171 69270 2436 9 15
ta036 67014 8000 14816 12952 66958 227 8 15
ta036 66935 8000 14787 12807 66782 1617 8 15
ta036 66891 8000 14973 12969 66765 6427 10 15
ta036 66926 8000 14918 13007 66765 5646 10 15
ta036 67014 8000 14848 13052 66970 4923 10 15
ta036 67014 8000 14981 13059 67000 721 8 15
ta036 66998 8000 14981 12706 66830 4913 10 15
ta036 66880 8000 15006 12947 66772 403 8 15
ta036 67014 8000 14882 12967 66958 410 8 15
ta036 67005 8000 14699 12912 66971 11 8 15
ta037 66328 8000 15387 13082 66323 9 8 15
ta037 66275 8000 15314 12959 66250 5630 10 15
ta037 66279 8000 15096 12844 66269 10035 12 15
ta037 66343 8000 14304 12117 66191 5175 10 15
ta037 66343 8000 15136 12704 66267 15070 14 15
ta037 66358 8000 13924 11974 66216 28 8 15
ta037 66323 8000 16730 14088 66243 6067 10 15
ta037 66300 8000 15183 12481 66138 13656 14 15
ta037 66343 8000 14587 12168 66192 12209 13 15
ta037 66265 8000 14876 12592 66257 17 8 15
ta038 64414 8000 14988 13280 64360 20 8 15
ta038 64398 8000 14962 13020 64342 11701 13 15
ta038 64425 8000 14831 12512 64298 12665 13 15
ta038 64407 8000 14874 12986 64301 2182 9 15
ta038 64381 8000 14673 12956 64300 6 8 15
ta038 64456 8000 14916 12924 64384 2640 9 15
ta038 64425 8000 14957 13348 64394 6 8 15
ta038 64399 8000 14971 13100 64368 8 8 15
ta038 64381 8000 14884 13028 64300 10 8 15
ta038 64406 8000 14857 12991 64323 1038 8 15
ta039 63148 8000 14377 12648 62838 11165 13 15
ta039 63141 8000 14450 12921 63097 15 8 15
ta039 63099 8000 14451 12723 62996 13673 14 15
ta039 63142 8000 14507 12754 63058 20 8 15
ta039 63048 8000 14478 12912 62963 7140 11 15
ta039 63135 8000 14276 12656 63031 10434 13 15
ta039 63117 8000 14534 13162 63006 9634 12 15
ta039 63089 8000 14443 12707 62995 5297 10 15
ta039 63153 8000 14276 12299 63142 38 8 15
ta039 63059 8000 14478 12990 63020 3 8 15
ta040 69046 8000 16261 13520 68847 65 8 15
ta040 68940 8000 16337 13578 68796 13671 13 15
ta040 68987 8000 16302 13502 68753 1055 8 15
ta040 69018 8000 16260 13575 68816 3403 9 15
ta040 69072 8000 16220 13768 68902 13189 13 15
ta040 68915 8000 16400 13964 68750 4682 10 15
ta040 69013 8000 16156 13361 68758 3377 9 15
ta040 68994 8000 16297 13041 68779 56 8 15
ta040 69050 8000 16495 13977 68879 47 8 15
ta040 69006 8000 15938 13241 68778 3275 9 15
ta041 87494 15000 9334 7987 87124 2922 19 30
ta041 87814 15000 10429 8626 87425 1864 17 30
ta041 87743 15000 9116 6993 87037 1522 17 30
ta041 87908 15000 10499 8577 87545 3337 19 30
ta041 87401 15000 9958 8729 87127 255 15 30
ta041 87288 15000 9850 8532 86943 9643 29 30
ta041 87617 15000 9300 7930 87206 383 15 30
ta041 87448 15000 9368 7606 86856 8731 28 30
ta041 87452 15000 9683 8140 86784 8138 27 30
ta041 87411 15000 9280 7795 86950 6576 25 30
ta042 83239 15000 9174 8060 82880 8192 28 30
ta042 83153 15000 9141 7560 82625 8750 29 30
ta042 83354 15000 8945 7130 82743 7293 27 30
ta042 83219 15000 8975 7258 82988 4331 22 30
ta042 82949 15000 9879 8010 82541 3607 20 30
ta042 83185 15000 9242 7602 82837 5979 24 30
ta042 83325 15000 9910 8203 82816 243 15 30
ta042 83442 15000 10277 8316 83133 203 15 30
ta042 83255 15000 9406 7833 82845 7835 27 30
ta042 83446 15000 9795 8348 83166 2673 19 30
ta043 80207 15000 9259 7908 79749 6018 24 30
ta043 80602 15000 9344 7878 80083 4642 22 30
ta043 80256 15000 9209 7609 79618 1632 17 30
ta043 80352 15000 9325 7740 79975 5685 24 30
ta043 80380 15000 9100 7664 79674 7715 27 30
ta043 80265 15000 9146 7618 79649 6404 25 30
ta043 80315 15000 9174 7654 79788 9027 29 30
ta043 80355 15000 9553 7973 79964 9237 29 30
ta043 80566 15000 9281 7833 80192 9101 29 30
ta043 79931 15000 9446 7922 79601 8568 28 30
ta044 86742 15000 9359 8180 86498 5591 24 30
ta044 86731 15000 8836 7244 86424 4442 22 30
ta044 86629 15000 9153 7622 86230 6575 25 30
ta044 86651 15000 8882 7944 86446 27 15 30
ta044 86594 15000 8877 7709 86329 5064 23 30
ta044 86809 15000 8722 7470 86637 2167 18 30
ta044 86575 15000 8781 7506 86225 526 15 30
ta044 86642 15000 9637 8200 86531 4462 21 30
ta044 86909 15000 8842 7795 86506 68 15 30
ta044 86785 15000 9590 8156 86562 2712 19 30
ta045 86530 15000 9324 7554 86033 3015 19 30
ta045 86609 15000 10448 8617 86373 5334 22 30
ta045 86532 15000 10385 8483 86224 3125 19 30
ta045 86582 15000 9597 8051 86226 5512 23 30
ta045 86590 15000 10151 7966 86084 5062 22 30
ta045 86789 15000 10296 8145 86224 9052 28 30
ta045 86864 15000 10385 8229 86430 2113 18 30
ta045 86697 15000 10686 8399 86198 10348 29 30
ta045 86614 15000 10250 8097 86161 5055 22 30
ta045 86465 15000 9572 8307 86256 6074 24 30
ta046 86974 15001 9772 8105 86443 9279 29 30
ta046 86785 15000 10081 7929 86414 904 16 30
ta046 86640 15000 10252 8780 86223 9251 28 30
ta046 86879 15000 9521 8095 86633 1162 16 30
ta046 86672 15000 10057 8586 86390 9424 29 30
ta046 86738 15000 9898 8190 86403 3700 20 30
ta046 86820 15000 10041 8516 86323 4120 21 30
ta046 86752 15000 10413 8473 86396 9754 29 30
ta046 86880 15000 9867 7942 86296 8021 27 30
ta046 86710 15001 10375 8460 86576 2274 18 30
ta047 89114 15000 7932 6880 88701 212 15 30
ta047 88831 15000 7726 6787 88523 462 15 30
ta047 89201 15000 7879 7030 88941 85 15 30
ta047 89074 15000 7823 6551 88448 1869 18 30
ta047 88932 15000 7746 6684 88636 5619 25 30
ta047 88955 15000 7880 6762 88616 400 15 30
ta047 89166 15000 8005 6950 88941 5330 25 30
ta047 89191 15000 7735 6533 88521 4023 22 30
ta047 89120 15000 7747 6594 88987 273 15 30
ta047 88995 15000 7805 6399 88738 7446 29 30
ta048 87287 15000 8750 7338 86999 6275 25 30
ta048 87287 15000 8763 7208 86984 7177 27 30
ta048 87106 15000 8774 7378 86683 1113 16 30
ta048 87080 15000 8665 7375 86869 441 15 30
ta048 87207 15000 8796 7377 86914 4314 22 30
ta048 87271 15000 8772 6972 86981 1266 17 30
ta048 87224 15000 8847 7437 87028 488 15 30
ta048 87237 15000 8786 7493 87017 3955 21 30
ta048 87177 15000 8819 7335 86881 4586 22 30
ta048 87278 15000 8778 7371 86969 421 15 30
ta049 85694 15000 8212 7029 85286 2288 19 30
ta049 85637 15000 8719 7502 85390 1266 17 30
ta049 85694 15000 8477 7203 85499 865 16 30
ta049 85664 15000 8690 7575 85473 7026 27 30
ta049 85695 15000 8746 7510 85473 3404 20 30
ta049 85550 15000 8488 7314 85219 2673 19 30
ta049 85600 15000 9068 7633 85233 809 16 30
ta049 85548 15000 8927 7746 85327 81 15 30
ta049 85689 15000 8561 7286 85157 4759 23 30
ta049 85570 15000 9208 7602 85316 7599 27 30
ta050 87998 15000 7822 6320 87647 4453 23 30
ta050 87998 15000 7861 6788 87830 3174 21 30
ta050 88116 15001 7732 6270 87783 7310 29 30
ta050 88283 15000 7814 6318 87967 6433 27 30
ta050 87998 15000 7838 6215 87643 1286 17 30
ta050 87998 15000 7864 6713 87731 7411 29 30
ta050 87998 15000 7848 6705 87879 821 16 30
ta050 87998 15001 7861 6772 87851 4519 23 30
ta050 87998 15000 7754 6658 87819 235 15 30
ta050 87998 15000 7860 6794 87851 111 15 30
ta051 125850 30000 5142 4320 124549 2763 46 60
ta051 125919 30001 5223 4077 124950 4537 56 60
ta051 125850 30001 5014 4322 124668 3431 50 60
ta051 125885 30001 5176 3978 124590 4860 58 60
ta051 125850 30001 5136 4469 124609 4885 58 60
ta051 125850 30000 5224 4489 124720 1894 41 60
ta051 125854 30000 5607 4390 124738 5025 56 60
ta051 125861 30001 5319 4507 125016 1765 40 60
ta051 125932 30001 5567 4469 124920 5431 59 60
ta051 125931 30000 5200 4508 125237 3033 47 60
ta052 120063 30001 5656 4460 119300 4222 52 60
ta052 120069 30000 5384 4592 119615 3474 49 60
ta052 119878 30000 6345 5382 119472 491 32 60
ta052 119942 30000 6236 5099 119628 1885 39 60
ta052 120118 30001 6110 4848 119607 2015 39 60
ta052 119924 30000 6340 5208 119410 564 32 60
ta052 120074 30000 5639 4363 118653 4342 52 60
ta052 120147 30000 5797 4716 119359 5638 59 60
ta052 120031 30000 5761 4863 119571 421 32 60
ta052 120097 30002 5669 4231 119409 1383 37 60
ta053 117314 30000 5439 4552 116773 69 30 60
ta053 116869 30000 5373 4294 115940 2161 42 60
ta053 116865 30000 5203 3827 115972 4858 58 60
ta053 116792 30000 5037 4129 115764 2497 44 60
ta053 117266 30001 5011 3985 116401 1081 36 60
ta053 117258 30000 4974 3995 116082 2838 47 60
ta053 117009 30000 5117 3611 115632 2703 46 60
ta053 116878 30000 4879 4153 116245 3344 50 60
ta053 116865 30001 5247 4035 115978 4365 54 60
ta053 116811 30001 5467 4365 115933 4878 56 60
ta054 121189 30000 5269 4487 120577 749 34 60
ta054 121043 30001 4966 4081 120219 4730 58 60
ta054 121189 30000 5333 4389 120491 1074 36 60
ta054 121264 30000 5232 4149 120458 4153 53 60
ta054 121264 30000 5265 4410 120482 3325 49 60
ta054 121253 30001 5415 4245 120085 5411 59 60
ta054 121264 30000 5236 4356 120415 4655 56 60
ta054 121252 30001 5270 4332 120345 1709 39 60
ta054 121264 30001 5239 4326 120435 993 35 60
ta054 121209 30001 5142 4202 120557 4427 55 60
ta055 118560 30000 5332 4053 117191 5276 59 60
ta055 118559 30000 5447 3981 117131 722 33 60
ta055 118749 30001 5201 4017 117587 3090 48 60
ta055 118902 30001 5518 4510 117668 4845 56 60
ta055 118579 30000 5214 3964 117180 5213 60 60
ta055 118570 30000 5152 4268 117542 4004 53 60
ta055 118372 30001 5590 3871 116991 684 33 60
ta055 118712 30001 5320 3938 117393 2481 43 60
ta055 119043 30001 5183 4186 118022 2505 44 60
ta055 118610 30000 5407 3970 117104 1960 40 60
ta056 120999 30002 4733 3643 120160 2818 47 60
ta056 121060 30000 5707 4421 120039 3873 50 60
ta056 121060 30002 5344 4594 120444 2502 44 60
ta056 120745 30001 5362 4268 120073 1959 41 60
ta056 120947 30000 4994 4098 120246 4470 56 60
ta056 121065 30002 5154 4202 120444 4438 55 60
ta056 121060 30002 5232 4162 120350 4118 53 60
ta056 121060 30000 5051 3979 120086 867 34 60
ta056 121060 30000 5441 4277 120240 1104 36 60
ta056 120851 30001 5233 4018 119921 2979 47 60
ta057 123256 30000 5550 4585 122742 5176 57 60
ta057 123256 30001 5583 4652 122896 2236 42 60
ta057 123256 30000 5646 4759 122844 5369 58 60
ta057 123256 30000 5436 4534 122616 3672 50 60
ta057 123256 30000 5646 4516 122465 3237 47 60
ta057 123296 30001 5326 4505 122632 2189 42 60
ta057 123256 30002 5529 4622 122881 3092 46 60
ta057 123256 30000 5549 4654 122896 3294 48 60
ta057 123256 30000 5582 4582 122654 4880 56 60
ta057 123256 30000 5666 4689 122832 2626 43 60
ta058 122952 30000 5328 4135 121414 1043 35 60
ta058 122739 30000 5252 4139 121278 3015 47 60
ta058 122868 30000 5150 3993 121479 1576 38 60
ta058 122859 30000 5343 4354 121537 1841 40 60
ta058 122804 30000 5219 4071 121167 4247 54 60
ta058 122974 30000 5924 4790 121472 152 30 60
ta058 122851 30000 5156 4149 121177 4602 56 60
ta058 122783 30000 5399 4213 121193 840 34 60
ta058 122975 30000 5325 4217 121486 1288 37 60
ta058 122527 30000 5435 4420 121624 1371 38 60
ta059 122158 30001 5316 4335 121494 4763 56 60
ta059 122182 30000 5626 4599 121353 4986 56 60
ta059 122144 30000 5023 4171 121357 1778 40 60
ta059 122189 30001 5180 4188 121524 1064 36 60
ta059 122173 30002 5217 4212 121258 3787 51 60
ta059 122116 30001 5522 4536 121369 4984 56 60
ta059 122112 30002 5660 4644 121326 5094 57 60
ta059 122112 30001 5570 4567 121353 4137 52 60
ta059 122000 30001 5367 4314 121414 5292 59 60
ta059 122000 30000 5293 4410 121412 3492 49 60
ta060 124402 30000 5609 4320 123735 4074 52 60
ta060 124504 30000 5063 4096 123761 1225 37 60
ta060 124403 30000 5370 4208 123668 1010 35 60
ta060 124498 30002 5112 3953 123605 431 32 60
ta060 124363 30001 5036 4042 124059 5004 59 60
ta060 124670 30000 5641 4076 123686 2086 41 60
ta060 124398 30000 5503 4364 123794 4084 52 60
ta060 124335 30000 5195 4113 123843 1490 38 60
ta060 124409 30000 5017 4100 124051 4319 56 60
ta060 124666 30002 5478 4359 123462 755 34 60
ta061 253202 15002 9335 8251 252979 535 15 30
ta061 253202 15000 9488 8517 252979 426 15 30
ta061 253202 15002 9258 8415 252979 542 15 30
ta061 253202 15000 9337 8490 252979 2181 18 30
ta061 253202 15000 9314 8332 252979 1424 17 30
ta061 253202 15002 9259 8388 252979 384 15 30
ta061 253202 15000 9373 8472 252996 208 15 30
ta061 253202 15000 9355 8457 252979 228 15 30
ta061 253202 15002 9345 8432 252979 1352 17 30
ta061 253202 15002 9305 8508 252979 1457 17 30
ta062 242090 15000 11516 10416 242043 37 15 30
ta062 242090 15001 11997 10693 242001 314 15 30
ta062 242090 15000 11299 10171 242007 515 15 30
ta062 242090 15001 11900 10653 241957 10487 28 30
ta062 242090 15001 12456 11232 241914 2808 18 30
ta062 242090 15001 11322 10153 241962 6799 23 30
ta062 242090 15000 11573 10341 241985 151 15 30
ta062 242090 15002 11353 10224 241988 1263 16 30
ta062 242090 15002 11385 10295 242005 9882 28 30
ta062 242090 15002 11113 9943 241969 10318 28 30
ta063 237886 15002 10149 9159 237848 35 15 30
ta063 237886 15000 10239 9235 237848 27 15 30
ta063 237886 15002 10366 9382 237848 84 15 30
ta063 237886 15000 10227 9389 237848 46 15 30
ta063 237886 15000 10395 9339 237848 299 15 30
ta063 237886 15000 10422 9502 237848 42 15 30
ta063 237886 15002 10150 9192 237848 76 15 30
ta063 237886 15001 10441 9463 237854 4 15 30
ta063 237886 15000 10314 9402 237848 43 15 30
ta063 237886 15000 10373 9406 237886 0 15 30
ta064 227749 15000 9600 8709 227690 22 15 30
ta064 227744 15003 9582 8689 227636 32 15 30
ta064 227749 15002 9610 8821 227636 4188 21 30
ta064 227749 15000 9539 8708 227648 48 15 30
ta064 227710 15000 9623 8737 227651 111 15 30
ta064 227749 15001 9578 8821 227648 174 15 30
ta064 227749 15000 9446 8696 227648 23 15 30
ta064 227749 15000 9721 8779 227704 4 15 30
ta064 227749 15001 9581 8701 227648 41 15 30
ta064 227749 15002 9533 8726 227636 1436 17 30
ta065 240823 15003 10218 9141 240551 8444 27 30
ta065 240826 15000 10334 9229 240696 1087 16 30
ta065 240826 15000 10394 9319 240614 7828 26 30
ta065 240826 15000 10113 9079 240677 142 15 30
ta065 240826 15002 10307 9231 240677 54 15 30
ta065 240826 15000 10110 9079 240731 772 16 30
ta065 240815 15000 10573 9490 240671 39 15 30
ta065 240787 15002 10411 9293 240565 7972 26 30
ta065 240826 15000 10090 9039 240587 3697 20 30
ta065 240826 15002 10421 9280 240585 4836 22 30
ta066 232399 15003 11689 10428 232202 4191 20 30
ta066 232390 15001 10758 9368 232241 132 15 30
ta066 232399 15002 11208 10053 232209 241 15 30
ta066 232399 15002 11537 10274 232208 203 15 30
ta066 232399 15000 11470 10231 232199 1189 16 30
ta066 232399 15000 11114 9951 232247 4065 20 30
ta066 232399 15000 11570 10283 232243 109 15 30
ta066 232399 15000 11147 9923 232244 39 15 30
ta066 232399 15000 11130 9766 232207 3627 19 30
ta066 232399 15000 11599 10360 232222 231 15 30
ta067 240747 15002 9471 8307 240727 7673 27 30
ta067 240867 15000 9473 8271 240756 904 16 30
ta067 240757 15000 9414 8112 240683 1929 18 30
ta067 240772 15002 9377 8133 240733 763 16 30
ta067 240851 15001 9391 8298 240666 7585 27 30
ta067 240867 15001 9680 8397 240813 449 15 30
ta067 240867 15000 9421 8199 240853 13 15 30
ta067 240867 15003 9503 8308 240853 2 15 30
ta067 240867 15000 9484 8346 240741 2340 18 30
ta067 240830 15001 9461 8290 240717 8248 28 30
ta068 231173 15002 12228 10807 230960 1907 17 30
ta068 231184 15000 12158 10801 230971 618 15 30
ta068 231131 15001 11930 10520 231011 167 15 30
ta068 231137 15000 11754 10658 230924 63 15 30
ta068 231141 15000 11923 10633 230946 1584 17 30
ta068 231184 15000 11676 10539 230971 295 15 30
ta068 231184 15002 12018 10770 230966 4613 20 30
ta068 231184 15001 11586 10367 230971 52 15 30
ta068 231184 15000 11962 10663 230971 88 15 30
ta068 231180 15000 11767 10463 231046 237 15 30
ta069 248152 15003 12985 10910 247884 782 15 30
ta069 248138 15002 13243 11289 247814 1610 16 30
ta069 248152 15002 13091 11169 247875 2153 17 30
ta069 248152 15003 13192 11212 247829 6506 22 30
ta069 248151 15000 13270 11234 247830 932 16 30
ta069 248152 15002 13172 11345 247820 5867 21 30
ta069 248138 15000 13113 11102 247854 2529 17 30
ta069 248138 15000 13189 11294 247868 3603 19 30
ta069 248152 15001 13100 11082 247820 2804 18 30
ta069 248138 15002 13225 11261 247837 1568 16 30
ta070 243995 15000 9584 8465 243869 102 15 30
ta070 244038 15001 9663 8569 243843 92 15 30
ta070 243714 15002 9688 8462 243472 1871 17 30
ta070 243957 15000 9560 8328 243665 393 15 30
ta070 244025 15002 9717 8887 243843 9498 29 30
ta070 244000 15001 9659 8517 243513 9462 29 30
ta070 244154 15001 9447 8268 243808 393 15 30
ta070 244061 15002 9537 8594 243794 3561 20 30
ta070 244167 15000 9633 8713 243926 3140 19 30
ta070 244023 15002 9708 8829 243875 623 15 30
ta071 300143 30002 6250 5400 299742 2727 43 60
ta071 300144 30002 6201 5340 299857 32 30 60
ta071 300180 30000 6243 5397 299748 297 31 60
ta071 300009 30003 6267 5302 299713 468 32 60
ta071 300180 30000 6227 5457 299716 1780 38 60
ta071 300067 30005 6195 5369 299765 1048 35 60
ta071 300107 30000 6255 5364 299726 1796 38 60
ta071 300049 30002 6244 5355 299758 4496 51 60
ta071 299893 30003 6247 5272 299581 3565 47 60
ta071 300159 30000 6228 5427 299767 2681 42 60
ta072 274620 30003 5949 5270 273907 5472 57 60
ta072 274622 30006 6171 5588 274322 61 30 60
ta072 274622 30000 6143 5512 274223 5818 58 60
ta072 274225 30005 6026 5347 273496 5675 58 60
ta072 274622 30003 6152 5525 274226 4973 54 60
ta072 274622 30000 6197 5507 274417 193 30 60
ta072 274583 30001 6029 5470 274190 1212 35 60
ta072 274622 30006 6116 5424 274237 4801 53 60
ta072 274622 30000 6191 5553 274305 4120 49 60
ta072 274622 30000 6192 5526 274305 2987 44 60
ta073 288948 30003 6012 5156 287747 3357 46 60
ta073 288802 30006 6352 5441 287705 5538 56 60
ta073 289006 30000 5900 5093 288144 181 30 60
ta073 289084 30005 5686 4943 288114 5159 57 60
ta073 288886 30000 5966 5136 287875 5085 55 60
ta073 288828 30000 6292 5471 287853 2651 42 60
ta073 289077 30002 6129 5233 288222 1384 36 60
ta073 289082 30001 5682 4919 288202 1127 35 60
ta073 289082 30000 6029 5176 288237 935 34 60
ta073 289102 30000 5859 4980 288254 163 30 60
ta074 302056 30000 5223 4703 301492 717 34 60
ta074 301972 30000 5549 5002 301465 162 30 60
ta074 301972 30005 5848 5296 301459 3261 46 60
ta074 302056 30005 5610 5043 301606 2176 41 60
ta074 301972 30000 5690 5119 301459 2337 42 60
ta074 301972 30000 5857 5279 301464 2356 42 60
ta074 301973 30004 5328 4826 301492 409 32 60
ta074 301973 30004 5345 4797 301510 249 31 60
ta074 301949 30000 5252 4744 301487 436 32 60
ta074 301973 30000 5474 4957 301464 951 35 60
ta075 284256 30005 6261 5485 283738 3751 47 60
ta075 284256 30000 6376 5627 283716 3571 46 60
ta075 284256 30000 6315 5491 283797 1582 37 60
ta075 284214 30000 5927 5156 283836 4709 54 60
ta075 284247 30000 6267 5393 283903 1399 36 60
ta075 284256 30000 5833 5097 283804 588 32 60
ta075 284256 30002 6308 5506 283751 3480 46 60
ta075 284206 30006 6451 5568 283581 1447 36 60
ta075 284256 30002 6402 5579 283747 267 31 60
ta075 284117 30000 6056 5339 283701 5157 55 60
ta076 271203 30000 5665 4935 270394 3200 46 60
ta076 271155 30001 5772 4867 270074 5199 57 60
ta076 271323 30000 5937 5139 270447 1295 36 60
ta076 271277 30004 5497 4852 270481 289 31 60
ta076 271177 30005 5950 5256 270303 4091 50 60
ta076 270969 30000 5608 4865 270308 2707 44 60
ta076 271560 30004 5975 5241 270607 4498 52 60
ta076 270941 30006 5647 4834 270153 3696 49 60
ta076 271291 30001 5787 5122 270738 5740 59 60
ta076 271005 30001 5721 4859 270139 2702 44 60
ta077 279834 30004 5154 4489 279311 1264 37 60
ta077 279790 30002 5154 4594 279254 4607 56 60
ta077 280078 30001 5167 4563 279646 2107 42 60
ta077 279731 30000 5027 4455 279060 1369 38 60
ta077 279873 30005 5166 4638 279256 4718 57 60
ta077 279924 30000 5138 4612 279061 4336 55 60
ta077 279700 30004 5121 4547 278964 3915 52 60
ta077 279848 30004 5149 4565 279328 335 31 60
ta077 279872 30000 5145 4503 279208 1354 37 60
ta077 279840 30001 5107 4525 279333 4211 54 60
ta078 291032 30000 6130 5224 290780 44 30 60
ta078 290670 30000 6358 5307 290225 2296 40 60
ta078 291025 30000 6474 5588 290571 4037 48 60
ta078 291015 30005 6616 5599 290346 6431 59 60
ta078 290968 30003 6436 5585 290624 1884 39 60
ta078 290932 30000 6342 5489 290465 2035 39 60
ta078 290862 30000 6457 5389 290511 546 32 60
ta078 290953 30005 6435 5468 290545 200 30 60
ta078 291032 30002 6192 5345 290570 5088 55 60
ta078 290887 30002 6361 5443 290454 2521 41 60
ta079 303122 30004 6417 5443 302350 5433 55 60
ta079 303338 30000 7929 6407 302521 2623 39 60
ta079 303055 30002 7673 6287 302281 6145 53 60
ta079 303334 30003 8106 6501 302742 5567 50 60
ta079 303163 30002 7656 6246 302288 3923 45 60
ta079 303100 30002 7345 6070 302294 1681 36 60
ta079 303105 30000 7650 6293 302516 4181 46 60
ta079 303201 30003 7694 6316 302690 7396 58 60
ta079 302933 30004 5302 4439 302014 1589 39 60
ta079 302872 30003 7178 6160 302355 307 31 60
ta080 291853 30000 8245 6971 291424 1588 36 60
ta080 291833 30000 8320 6874 291084 7916 58 60
ta080 291912 30001 8006 6772 291347 5099 48 60
ta080 291937 30000 7961 6685 291226 7691 58 60
ta080 291960 30001 7988 6703 291336 7105 56 60
ta080 291997 30002 7941 6736 291325 7289 57 60
ta080 291997 30005 7892 6575 291329 4570 47 60
ta080 291910 30004 7409 6205 291323 5497 52 60
ta080 291972 30003 8214 6847 291550 7309 56 60
ta080 291723 30000 7875 6663 291184 1333 34 60
ta081 367280 60015 2806 2406 364676 2432 112 120
ta081 367679 60005 3088 2702 365787 1984 97 120
ta081 367789 60007 3354 2861 365516 3267 118 120
ta081 367594 60007 3135 2665 365527 954 78 120
ta081 367449 60016 2772 2378 365234 1276 87 120
ta081 367887 60016 2934 2389 365303 2751 116 120
ta081 367340 60008 2733 2317 364697 733 76 120
ta081 367312 60013 2944 2495 365383 1797 96 120
ta081 367522 60007 2856 2491 365637 1908 100 120
ta081 367829 60000 2936 2458 365506 1416 89 120
ta082 372023 60000 3560 3017 370934 3229 114 120
ta082 372020 60000 3484 2992 371004 2597 105 120
ta082 372212 60005 3415 2931 370308 2042 96 120
ta082 372156 60000 3259 2811 370690 1321 84 120
ta082 371963 60000 3503 3034 370442 1243 81 120
ta082 372138 60000 3460 3021 370835 2764 107 120
ta082 371871 60002 3544 3104 370561 2837 108 120
ta082 372015 60012 3447 3019 370835 429 67 120
ta082 371858 60014 3454 2849 370294 2304 99 120
ta082 372155 60005 3336 2839 370496 2054 97 120
ta083 373176 60005 3005 2452 371522 939 78 120
ta083 373039 60003 2915 2319 371352 1882 98 120
ta083 372868 60000 3062 2508 371098 1826 97 120
ta083 373075 60013 3385 2881 371346 3137 115 120
ta083 371987 60012 3640 3013 370593 2946 109 120
ta083 372931 60000 3951 3139 370873 1336 79 120
ta083 372557 60000 3714 2943 370444 2376 96 120
ta083 372762 60000 2964 2575 371160 2500 110 120
ta083 372331 60007 4306 3604 370518 1899 86 120
ta083 372453 60016 2664 2277 371117 310 67 120
ta084 375146 60008 3008 2598 372463 2166 102 120
ta084 375791 60011 3307 2843 373120 1252 82 120
ta084 375195 60000 3270 2737 372465 2772 110 120
ta084 375520 60006 3238 2846 373046 2347 104 120
ta084 375232 60006 2972 2638 373096 2672 113 120
ta084 375578 60000 3165 2778 373240 2814 113 120
ta084 375384 60000 3126 2732 372942 2638 110 120
ta084 375257 60001 3215 2836 372872 1070 80 120
ta084 375182 60004 3064 2635 372766 2150 102 120
ta084 375519 60000 3084 2644 372771 718 73 120
ta085 369640 60009 3171 2659 367428 1174 82 120
ta085 369415 60013 3202 2751 367197 1742 92 120
ta085 369337 60011 3269 2736 367073 1401 86 120
ta085 369645 60000 3012 2499 367350 1035 79 120
ta085 369588 60008 3250 2769 367034 1181 81 120
ta085 369746 60017 2792 2384 367151 1841 99 120
ta085 368806 60010 3062 2548 366465 3011 119 120
ta085 369842 60012 3161 2703 367484 385 66 120
ta085 369527 60007 2846 2369 367237 1821 98 120
ta085 369713 60014 2826 2421 367185 2625 115 120
ta086 373723 60000 2899 2418 370431 1409 88 120
ta086 373725 60000 2975 2413 370636 2807 116 120
ta086 373994 60009 3270 2704 370712 864 75 120
ta086 374005 60001 3127 2582 371188 2291 104 120
ta086 374062 60013 3205 2667 371036 1315 83 120
ta086 374029 60010 3636 3080 370752 3505 117 120
ta086 373411 60000 3353 2734 370267 3121 116 120
ta086 373989 60010 2940 2461 370909 2056 102 120
ta086 374226 60009 3306 2685 371353 1278 83 120
ta086 374211 60011 3292 2753 371230 2052 98 120
ta087 374857 60000 3326 2638 371347 455 68 120
ta087 374751 60017 3099 2641 371504 503 69 120
ta087 374812 60013 3343 2806 371687 2637 107 120
ta087 374929 60003 3610 2968 371595 741 72 120
ta087 374786 60014 3562 3093 371731 3155 113 120
ta087 374841 60013 3630 3073 371955 1276 81 120
ta087 375036 60012 3186 2659 371973 514 69 120
ta087 374833 60005 3141 2653 371714 2391 105 120
ta087 374845 60014 3635 3189 372019 2764 105 120
ta087 374974 60001 3111 2622 371805 2963 117 120
ta088 386165 60005 2853 2487 383450 852 76 120
ta088 385877 60007 2785 2444 383226 1154 84 120
ta088 385635 60000 2691 2385 383254 2138 107 120
ta088 386014 60000 2741 2461 383779 1956 102 120
ta088 385863 60003 2930 2547 383083 2927 119 120
ta088 385758 60000 2921 2594 383374 656 73 120
ta088 385604 60000 2849 2501 383037 1803 97 120
ta088 385575 60000 2750 2438 383242 473 69 120
ta088 386316 60008 2823 2444 383735 2566 114 120
ta088 386022 60003 2829 2425 383627 2247 107 120
ta089 376206 60002 2826 2327 373168 1913 100 120
ta089 376406 60012 2763 2293 373282 865 78 120
ta089 376419 60013 2875 2416 373777 2103 103 120
ta089 376279 60003 2799 2219 373658 1536 92 120
ta089 376331 60006 2961 2412 374350 2825 117 120
ta089 376284 60000 2815 2269 373455 2121 104 120
ta089 376293 60007 2970 2412 373148 1212 84 120
ta089 376216 60008 2807 2370 373236 1058 82 120
ta089 376213 60006 2871 2466 373786 2772 117 120
ta089 376343 60000 2801 2391 373647 2171 106 120
ta090 379766 60000 2814 2460 377355 2103 104 120
ta090 379622 60000 2750 2426 378065 1723 96 120
ta090 379832 60001 2768 2440 378241 1515 91 120
ta090 379580 60003 2591 2270 377855 1250 88 120
ta090 379686 60001 2778 2455 377957 2401 112 120
ta090 379796 60002 3197 2705 378486 700 73 120
ta090 379251 60000 3025 2635 377965 2789 115 120
ta090 380016 60010 2670 2318 378620 2656 119 120
ta090 379668 60006 2665 2339 378043 2015 105 120
ta090 379645 60010 2779 2433 377655 2743 119 120
ta091 1042449 60000 2656 2321 1041358 1063 84 120
ta091 1042740 60004 2678 2398 1041713 2113 107 120
ta091 1042474 60005 2711 2405 1041725 2570 116 120
ta091 1042468 60000 2667 2384 1041393 2034 105 120
ta091 1042562 60019 2664 2406 1041540 1190 86 120
ta091 1042862 60001 2667 2407 1041907 2576 118 120
ta091 1042734 60018 2657 2405 1041901 315 67 120
ta091 1042692 60022 2664 2413 1041685 323 67 120
ta091 1042542 60048 2652 2412 1041485 2044 106 120
ta091 1042536 60041 2669 2403 1041452 2554 117 120
ta092 1028880 60000 3116 2843 1027994 1597 90 120
ta092 1028880 60005 3092 2833 1028024 2068 100 120
ta092 1028880 60033 3073 2822 1028229 261 65 120
ta092 1028880 60000 3269 2962 1027980 827 76 120
ta092 1028879 60034 3164 2874 1028013 2196 101 120
ta092 1028880 60007 3082 2798 1028007 1113 81 120
ta092 1028880 60041 3017 2767 1028036 775 75 120
ta092 1028880 60000 3081 2793 1028020 1299 85 120
ta092 1028880 60032 3107 2828 1027997 1771 95 120
ta092 1028859 60014 3120 2846 1028172 1297 85 120
ta093 1044521 60031 2812 2384 1043286 1519 92 120
ta093 1043920 60032 2716 2393 1043003 427 69 120
ta093 1043753 60042 2765 2475 1042377 298 66 120
ta093 1043663 60046 2747 2438 1042415 1930 101 120
ta093 1044099 60029 2805 2464 1043098 168 63 120
ta093 1043475 60027 2710 2357 1042532 325 67 120
ta093 1043817 60011 2748 2433 1042967 2614 117 120
ta093 1044051 60034 2747 2444 1042752 2433 113 120
ta093 1044019 60042 2722 2382 1043000 516 71 120
ta093 1043957 60000 2782 2422 1043026 153 63 120
ta094 1024030 60017 5050 4341 1023443 1198 74 120
ta094 1024052 60000 5206 4426 1023033 2339 86 120
ta094 1024024 60003 5094 4372 1022781 3601 102 120
ta094 1023593 60025 5203 4396 1022752 374 64 120
ta094 1024084 60000 5188 4374 1022783 1042 71 120
ta094 1024201 60000 4910 4292 1023400 2635 92 120
ta094 1023837 60027 5175 4380 1022880 1654 78 120
ta094 1024105 60040 5139 4347 1023236 5136 119 120
ta094 1023801 60000 5205 4370 1022829 2346 87 120
ta094 1023425 60000 5189 4424 1022853 404 64 120
ta095 1029196 60013 2711 2463 1028008 1815 100 120
ta095 1029191 60032 2791 2583 1028233 514 71 120
ta095 1028857 60020 2946 2679 1027565 1442 89 120
ta095 1028616 60000 2995 2722 1027357 962 79 120
ta095 1028702 60008 2906 2659 1027742 1831 98 120
ta095 1028815 60020 2916 2668 1027348 1130 83 120
ta095 1029008 60005 2853 2619 1027951 2624 115 120
ta095 1028959 60014 2739 2528 1027881 2164 107 120
ta095 1028943 60000 3075 2787 1027855 771 74 120
ta095 1029025 60036 2768 2491 1028027 242 65 120
ta096 999484 60018 2780 2603 998496 2041 103 120
ta096 999483 60027 2765 2568 998450 155 63 120
ta096 999948 60026 2795 2582 998700 1265 87 120
ta096 999573 60035 3074 2884 998567 140 62 120
ta096 999869 60032 2848 2615 998656 2635 115 120
ta096 999486 60022 3014 2775 998463 217 63 120
ta096 999634 60017 2814 2641 998505 1593 94 120
ta096 999435 60034 3040 2876 998264 1129 80 120
ta096 999856 60042 2871 2675 998788 2760 117 120
ta096 999496 60049 3254 3013 998307 424 67 120
ta097 1042554 60000 4526 4122 1041675 268 63 120
ta097 1042570 60000 4477 4070 1041631 3861 111 120
ta097 1042574 60041 4387 4008 1041509 290 63 120
ta097 1042583 60000 4530 4142 1041692 499 66 120
ta097 1042583 60000 4493 4124 1041595 1818 84 120
ta097 1042583 60043 4470 4095 1041516 440 66 120
ta097 1042583 60035 4470 4075 1041629 166 62 120
ta097 1042583 60000 4422 4023 1041633 1033 74 120
ta097 1042583 60038 4379 4031 1041574 3957 114 120
ta097 1042547 60035 4409 4048 1041638 3540 108 120
ta098 1035915 60000 2750 2485 1034637 789 76 120
ta098 1035915 60000 2802 2555 1034888 1801 97 120
ta098 1035915 60026 2961 2652 1034764 304 66 120
ta098 1035915 60000 2788 2513 1034526 1903 100 120
ta098 1035915 60000 2926 2636 1034616 1748 97 120
ta098 1035915 60000 3079 2774 1034692 1809 93 120
ta098 1035915 60000 2822 2560 1034791 695 73 120
ta098 1035915 60048 2871 2603 1034474 1463 89 120
ta098 1035915 60042 2768 2493 1034601 929 80 120
ta098 1035915 60043 2979 2680 1034743 2858 117 120
ta099 1015637 60041 3012 2765 1014566 2053 100 120
ta099 1015610 60000 2963 2732 1014924 2204 104 120
ta099 1015667 60028 2976 2738 1014988 1760 95 120
ta099 1015615 60000 3003 2720 1014495 2369 107 120
ta099 1015745 60015 3018 2738 1014978 2930 118 120
ta099 1015676 60002 3007 2758 1014885 541 70 120
ta099 1015585 60000 2991 2738 1014564 2852 117 120
ta099 1015692 60036 2963 2735 1014871 2785 116 120
ta099 1015518 60032 2990 2753 1014766 2985 119 120
ta099 1015539 60015 2959 2719 1014762 1021 80 120
ta100 1021698 60014 3933 3436 1020841 262 64 120
ta100 1021682 60042 4068 3557 1020894 697 70 120
ta100 1021851 60000 3965 3494 1020982 2592 98 120
ta100 1021685 60042 3995 3532 1020727 2384 96 120
ta100 1021847 60043 3982 3529 1021012 1652 85 120
ta100 1021665 60018 3961 3492 1020964 3210 108 120
ta100 1021667 60006 4091 3612 1020856 1297 79 120
ta100 1021892 60008 3840 3390 1020927 1900 90 120
ta100 1021702 60000 3942 3504 1020975 556 69 120
ta100 1021903 60000 3903 3445 1020768 1448 82 120
ta101 1223929 120066 2584 2189 1220069 1552 192 240
ta101 1224421 120075 2596 2229 1220817 2397 230 240
ta101 1226207 120099 2277 1923 1221904 597 151 240
ta101 1224319 120050 2466 2125 1219359 2437 238 240
ta101 1223028 120063 2648 2255 1219059 2537 235 240
ta101 1223550 120068 2472 2106 1218308 1508 195 240
ta101 1223366 120092 2264 1956 1217610 1655 207 240
ta101 1224890 120099 2476 2096 1219194 1343 185 240
ta101 1222998 120003 2355 2049 1218932 1855 215 240
ta101 1225712 120000 2576 2217 1220189 1290 179 240
ta102 1232815 120000 1428 1287 1229207 803 187 240
ta102 1233008 120117 1468 1345 1229707 954 197 240
ta102 1232814 120087 1431 1278 1229530 1114 213 240
ta102 1232874 120000 1682 1502 1229105 1427 221 240
ta102 1232789 120123 1522 1366 1229250 983 197 240
ta102 1233069 120040 1450 1323 1229265 1157 215 240
ta102 1233296 120026 1426 1262 1230095 812 188 240
ta102 1232753 120003 1445 1305 1229622 1148 215 240
ta102 1233502 120011 1417 1280 1229777 399 153 240
ta102 1233181 120000 1429 1303 1229842 1016 205 240
ta103 1254644 120103 2092 1851 1251783 1203 189 240
ta103 1254434 120114 2067 1788 1250569 1996 236 240
ta103 1254939 120000 1993 1755 1250090 1956 237 240
ta103 1254143 120019 1937 1697 1250746 1164 191 240
ta103 1254273 120115 2009 1743 1250672 884 174 240
ta103 1254828 120009 2066 1823 1251114 1016 180 240
ta103 1254542 120084 2061 1760 1251070 1535 208 240
ta103 1254880 120116 2004 1765 1251290 1483 208 240
ta103 1254976 120023 2011 1752 1250754 782 166 240
ta103 1254701 120095 1898 1702 1251299 381 144 240
ta104 1227630 120000 1518 1404 1224045 675 173 240
ta104 1227384 120074 1568 1454 1224020 1047 201 240
ta104 1227137 120000 1543 1413 1223629 1271 218 240
ta104 1227152 120000 1496 1386 1223538 273 142 240
ta104 1227545 120083 1569 1413 1224159 1219 214 240
ta104 1227121 120000 1480 1376 1223401 1358 230 240
ta104 1227552 120018 1496 1389 1223942 328 146 240
ta104 1227204 120126 1499 1361 1223183 1086 207 240
ta104 1227342 120033 1469 1353 1223899 1044 204 240
ta104 1227584 120030 1469 1345 1224093 1077 207 240
ta105 1215513 120119 2311 1990 1211163 1994 225 240
ta105 1216289 120000 2078 1844 1211556 679 157 240
ta105 1215932 120049 2383 2034 1211527 1662 204 240
ta105 1216282 120060 2162 1894 1212126 638 155 240
ta105 1216186 120058 2099 1794 1211283 1876 228 240
ta105 1215436 120003 2527 2129 1210029 884 163 240
ta105 1215443 120066 2354 1983 1210301 1962 220 240
ta105 1216008 120000 2293 1970 1211249 2006 224 240
ta105 1215906 120097 1885 1660 1210595 1783 233 240
ta105 1216297 120036 1825 1577 1211172 1722 232 240
ta106 1219901 120082 1953 1674 1216506 1412 206 240
ta106 1219879 120039 1939 1687 1216602 473 149 240
ta106 1219931 120092 1899 1678 1216388 1693 227 240
ta106 1219855 120026 1959 1671 1215959 656 160 240
ta106 1219928 120083 1937 1684 1216377 1427 208 240
ta106 1220104 120006 1955 1720 1216779 1656 221 240
ta106 1219941 120001 1905 1677 1216273 1885 238 240
ta106 1219876 120049 1734 1562 1216242 876 180 240
ta106 1219824 120000 1963 1670 1216413 1042 185 240
ta106 1219823 120082 1852 1629 1216168 637 162 240
ta107 1237358 120035 1633 1462 1234229 965 190 240
ta107 1237358 120008 1581 1397 1234083 730 172 240
ta107 1237244 120000 1471 1299 1233925 1369 231 240
ta107 1237358 120001 1650 1449 1234122 1619 237 240
ta107 1237358 120020 1664 1459 1233966 820 179 240
ta107 1237358 120095 1663 1481 1234166 314 142 240
ta107 1237322 120052 1404 1261 1233915 1375 237 240
ta107 1237258 120074 1630 1429 1233696 354 147 240
ta107 1237358 120107 1641 1459 1234137 1172 205 240
ta107 1237348 120047 1501 1341 1233953 753 178 240
ta108 1233819 120073 1815 1615 1230720 1101 192 240
ta108 1233827 120089 1777 1588 1230672 1397 215 240
ta108 1233774 120000 1826 1625 1230649 1080 191 240
ta108 1234083 120000 1764 1557 1231181 1352 211 240
ta108 1233990 120091 1883 1659 1231313 422 148 240
ta108 1234006 120011 1639 1472 1231329 1092 198 240
ta108 1233998 120092 1659 1475 1230662 874 186 240
ta108 1234018 120065 1728 1532 1231070 499 148 240
ta108 1233591 120002 1704 1476 1230019 1207 206 240
ta108 1233901 120076 1646 1461 1230513 1589 236 240
ta109 1222341 120002 1680 1461 1216877 797 177 240
ta109 1222659 120090 1670 1472 1217835 1624 236 240
ta109 1222659 120067 1756 1532 1217631 1651 233 240
ta109 1222659 120042 1716 1466 1217356 1430 219 240
ta109 1222545 120050 1708 1498 1217348 936 182 240
ta109 1222655 120041 1647 1450 1217430 974 189 240
ta109 1222659 120000 1750 1534 1217549 1150 201 240
ta109 1222506 120000 1649 1453 1217674 552 160 240
ta109 1222509 120005 1718 1528 1217179 1360 215 240
ta109 1222448 120000 1657 1472 1217169 1405 221 240
ta110 1235511 120004 1580 1466 1232636 330 146 240
ta110 1235511 120000 1452 1327 1232434 700 177 240
ta110 1235173 120100 1629 1449 1232090 1386 223 240
ta110 1235084 120033 1501 1374 1232585 1326 226 240
ta110 1235439 120024 1439 1331 1232497 815 188 240
ta110 1235379 120027 1442 1307 1232787 408 154 240
ta110 1235344 120000 1515 1372 1231953 1279 221 240
ta110 1235369 120047 1718 1561 1232473 1472 223 240
ta110 1235486 120011 1459 1325 1232472 941 197 240
ta110 1235359 120002 1582 1431 1232266 1494 233 240
ta111 6562803 301449 573 548 6557517 531 578 600
ta111 6562449 300000 582 557 6557262 575 596 600
ta111 6562803 300152 574 538 6557840 557 591 600
ta111 6562683 300000 603 583 6557517 504 550 600
ta111 6562803 301215 580 547 6557189 558 589 600
ta111 6562803 300091 581 550 6557707 553 586 600
ta111 6562803 300824 577 547 6558043 554 588 600
ta111 6562803 301721 578 551 6558250 575 599 600
ta111 6562803 300522 579 554 6557663 559 590 600
ta111 6562803 300448 574 542 6557314 482 553 600
ta112 6678357 300933 735 695 6673895 432 477 600
ta112 6678243 300001 711 662 6673058 493 502 600
ta112 6677982 300410 746 698 6672609 467 491 600
ta112 6677883 301961 827 775 6673028 575 509 600
ta112 6677580 301004 787 734 6672568 339 429 600
ta112 6678092 300000 766 725 6673547 713 581 600
ta112 6677984 300002 756 708 6673631 428 464 600
ta112 6678456 300000 612 576 6673322 586 588 600
ta112 6678147 300001 804 748 6672152 597 519 600
ta112 6678277 300000 693 656 6672400 588 552 600
ta113 6632777 300000 600 569 6627547 554 578 600
ta113 6632776 300000 603 579 6627668 587 592 600
ta113 6632778 300773 580 558 6628028 560 590 600
ta113 6632778 300001 590 559 6628688 425 521 600
ta113 6632493 300546 600 559 6627662 545 573 600
ta113 6632522 300250 608 577 6627326 424 513 600
ta113 6632778 301577 575 552 6627871 492 557 600
ta113 6632679 300238 594 563 6627293 585 596 600
ta113 6632778 300479 578 532 6628285 325 469 600
ta113 6632778 301115 585 547 6628253 540 578 600
ta114 6634031 301874 587 557 6627432 581 597 600
ta114 6633977 300001 594 562 6626599 593 600 600
ta114 6634029 301362 587 555 6626598 581 597 600
ta114 6634169 300002 592 560 6627131 562 585 600
ta114 6633929 300441 587 561 6627583 421 515 600
ta114 6634183 300003 592 561 6627425 431 519 600
ta114 6634219 300255 592 559 6626305 570 589 600
ta114 6634082 300599 590 562 6626213 579 595 600
ta114 6634100 301087 591 555 6626667 590 600 600
ta114 6633734 300001 589 562 6626750 583 597 600
ta115 6610025 300154 586 549 6601838 542 577 600
ta115 6610490 300236 658 614 6602326 413 485 600
ta115 6610202 301843 592 557 6602190 575 592 600
ta115 6612288 300001 587 550 6604938 333 469 600
ta115 6610242 300000 589 557 6602169 372 490 600
ta115 6611043 301288 577 542 6603031 533 578 600
ta115 6611375 301301 679 648 6602739 663 594 600
ta115 6610723 301119 618 575 6602257 448 514 600
ta115 6610729 300130 622 583 6603196 332 461 600
ta115 6610650 300003 583 550 6603039 573 595 600
ta116 6606189 301345 766 717 6601652 747 592 600
ta116 6606107 300558 704 667 6601284 695 596 600
ta116 6606189 300002 779 724 6601627 754 590 600
ta116 6606107 300001 712 674 6601843 703 596 600
ta116 6606125 301888 749 694 6602614 748 600 600
ta116 6606101 300001 709 662 6602437 704 598 600
ta116 6606189 300942 778 735 6600993 690 566 600
ta116 6606189 300533 767 714 6601648 486 490 600
ta116 6606241 300002 765 722 6602017 486 491 600
ta116 6606145 300000 734 688 6601954 287 411 600
ta117 6576737 301729 570 530 6569922 487 557 600
ta117 6576737 301046 570 528 6569383 468 546 600
ta117 6576737 300001 572 545 6568708 545 586 600
ta117 6576737 300330 575 532 6569833 569 597 600
ta117 6576737 300003 573 529 6569432 496 560 600
ta117 6576734 300706 574 541 6569540 533 579 600
ta117 6576737 301510 571 526 6570054 262 439 600
ta117 6576737 301716 571 544 6570184 568 599 600
ta117 6576737 301794 580 558 6570930 424 523 600
ta117 6576737 301446 569 531 6569924 561 596 600
ta118 6629189 300001 600 564 6623966 569 585 600
ta118 6629411 300146 637 605 6624146 266 426 600
ta118 6629413 300221 624 591 6624404 411 497 600
ta118 6629325 300000 669 629 6623350 615 576 600
ta118 6629418 300500 628 597 6623698 456 518 600
ta118 6629411 300001 628 600 6623521 334 459 600
ta118 6629238 300880 644 600 6623383 602 579 600
ta118 6629449 300000 624 593 6624169 566 573 600
ta118 6629345 301350 627 589 6624145 588 581 600
ta118 6629402 301319 618 571 6624619 363 477 600
ta119 6569309 300698 577 552 6565892 569 596 600
ta119 6569309 300003 575 549 6564380 498 560 600
ta119 6569309 300027 572 552 6564019 485 555 600
ta119 6569309 301498 570 543 6563717 390 506 600
ta119 6569309 301307 573 547 6563969 571 599 600
ta119 6569309 300310 573 538 6564617 545 586 600
ta119 6569309 301744 569 551 6565200 526 578 600
ta119 6569309 300624 566 543 6563563 547 590 600
ta119 6569285 300003 560 530 6564421 317 470 600
ta119 6569309 301320 574 543 6564077 573 600 600
ta120 6617210 301133 659 621 6610618 548 550 600
ta120 6616697 301446 627 594 6609798 572 574 600
ta120 6617738 301831 635 609 6612374 630 598 600
ta120 6618002 300000 650 622 6610886 602 578 600
ta120 6617819 300000 669 649 6610768 655 594 600
ta120 6617056 300092 628 606 6610474 443 511 600
ta120 6616116 301358 644 617 6609645 437 506 600
ta120 6617034 301415 640 612 6610415 583 574 600
ta120 6617553 300752 650 619 6611070 649 600 600
ta120 6617207 301139 642 608 6610011 538 552 600
