# Hostname: ocasrv. Config used: --obj f --timefactor 60 --verbose --verbose_np --npf 0.6 --dv01 3 --dv04 0 --dv07 1 --dv08 1 --dv09 1 --dv11 1 --dv12 1 --dv15 2 --dv16 4 --dv17 0 --dv18 2 --iga --np --dc 7 --l 200 --dc_np 4 --n_ls_np 10000 --rrtd_np 30 --alternate_np 3
ta001 14033 3000 10198 4855 13990 2894 3 6
ta001 14033 3000 10313 4737 13990 3202 3 6
ta001 14033 3000 10233 4758 14000 8451 5 6
ta001 14033 3000 10131 5203 13962 4855 4 6
ta001 14033 3000 10173 4549 14002 32 3 6
ta001 14033 3000 10254 4659 14002 26 3 6
ta001 14033 3000 10339 4819 14002 47 3 6
ta001 14033 3000 10273 4650 13968 10024 5 6
ta001 14033 3000 10243 4523 14002 43 3 6
ta001 14033 3000 10352 4751 14002 136 3 6
ta002 15151 3000 10910 3701 15068 5981 4 6
ta002 15151 3000 11148 4286 15088 7034 4 6
ta002 15151 3000 11369 4198 15145 7798 5 6
ta002 15151 3000 11070 3852 15140 4318 4 6
ta002 15151 3000 11235 4014 15145 6516 4 6
ta002 15151 3000 11360 4764 15133 8288 5 6
ta002 15151 3000 11221 4475 15069 10658 5 6
ta002 15151 3000 11104 4575 15112 10082 5 6
ta002 15151 3000 11416 4389 15145 5104 4 6
ta002 15151 3000 11319 4744 15151 0 3 6
ta003 13301 3000 9334 4362 12956 674 3 6
ta003 13301 3000 9389 4545 12956 111 3 6
ta003 13301 3000 9341 4419 12956 122 3 6
ta003 13301 3000 9356 4374 12956 1724 3 6
ta003 13313 3000 9253 3805 12956 7323 5 6
ta003 13313 3000 9355 4445 12956 1216 3 6
ta003 13301 3000 9081 3896 12956 7913 5 6
ta003 13301 3000 9305 4360 12956 1292 3 6
ta003 13301 3000 9303 4470 12956 420 3 6
ta003 13301 3000 9265 4076 12956 4393 4 6
ta004 15447 3000 10654 5691 15396 22 3 6
ta004 15459 3000 10043 4894 15415 0 3 6
ta004 15459 3000 10143 4973 15415 0 3 6
ta004 15447 3000 10411 5888 15391 2097 3 6
ta004 15447 3000 10097 5550 15391 1449 3 6
ta004 15447 3000 10331 5745 15391 440 3 6
ta004 15447 3000 10610 5779 15396 490 3 6
ta004 15447 3000 10441 5821 15391 2449 3 6
ta004 15447 3000 10459 5825 15391 305 3 6
ta004 15447 3000 10535 5860 15391 803 3 6
ta005 13529 3000 10299 7335 13472 272 3 6
ta005 13529 3000 10373 7372 13472 159 3 6
ta005 13529 3000 10393 7415 13472 230 3 6
ta005 13529 3000 10416 7420 13472 244 3 6
ta005 13529 3000 10405 7388 13472 109 3 6
ta005 13529 3000 10397 7332 13472 118 3 6
ta005 13529 3000 10317 7384 13472 11 3 6
ta005 13529 3000 9993 7175 13472 65 3 6
ta005 13529 3000 10339 7431 13472 138 3 6
ta005 13529 3000 10301 7181 13472 931 3 6
ta006 13123 3000 10653 5211 13058 5393 4 6
ta006 13123 3000 10304 4496 13058 9722 5 6
ta006 13123 3000 10572 5603 13063 1389 3 6
ta006 13123 3000 10729 5005 13058 805 3 6
ta006 13123 3000 10660 5449 13058 7288 5 6
ta006 13123 3000 10718 4907 13058 1134 3 6
ta006 13123 3000 10528 5587 13058 10468 5 6
ta006 13123 3000 10606 5676 13063 478 3 6
ta006 13123 3000 10580 5600 13058 9410 5 6
ta006 13123 3000 10255 4938 13065 858 3 6
ta007 13557 3000 10796 4791 13526 4 3 6
ta007 13548 3000 11000 5116 13479 377 3 6
ta007 13548 3000 11029 5282 13479 21 3 6
ta007 13548 3000 10975 5151 13479 212 3 6
ta007 13557 3000 10682 5491 13495 2078 3 6
ta007 13557 3000 10652 5195 13495 160 3 6
ta007 13557 3000 10624 5227 13495 130 3 6
ta007 13557 3000 10559 5199 13495 786 3 6
ta007 13557 3000 10587 5323 13495 1420 3 6
ta007 13557 3000 10667 5401 13495 1714 3 6
ta008 13948 3000 9967 5633 13882 7 3 6
ta008 13948 3000 9861 5532 13882 877 3 6
ta008 13948 3000 9971 5671 13882 186 3 6
ta008 13948 3000 9884 5784 13882 82 3 6
ta008 13948 3000 9963 5670 13882 54 3 6
ta008 13948 3000 9918 5793 13882 215 3 6
ta008 13948 3000 9974 5567 13882 43 3 6
ta008 13948 3000 9903 5516 13882 436 3 6
ta008 13948 3000 9904 5777 13882 34 3 6
ta008 13948 3000 9789 5606 13882 333 3 6
ta009 14295 3000 10358 5500 14047 1136 3 6
ta009 14295 3000 9997 4701 14047 3557 4 6
ta009 14295 3000 10328 5375 14047 630 3 6
ta009 14295 3000 10368 5082 14047 2770 3 6
ta009 14295 3000 10363 5422 14047 208 3 6
ta009 14295 3000 10322 5401 14047 287 3 6
ta009 14295 3000 10373 5371 14047 122 3 6
ta009 14295 3000 10270 5369 14047 1040 3 6
ta009 14295 3000 10213 5453 14047 422 3 6
ta009 14295 3000 10355 5436 14047 2985 3 6
ta010 12943 3000 9817 4993 12904 3203 3 6
ta010 12943 3000 9861 4864 12904 5923 4 6
ta010 12943 3000 9861 4914 12904 75 3 6
ta010 12943 3000 9989 4874 12904 356 3 6
ta010 12943 3000 9955 4865 12904 1957 3 6
ta010 12943 3000 9899 5238 12904 421 3 6
ta010 12943 3000 9870 4842 12904 2380 3 6
ta010 12943 3000 9913 4947 12904 2548 3 6
ta010 12943 3000 9973 5030 12904 3218 3 6
ta010 12943 3000 9937 5075 12904 45 3 6
ta011 20911 5000 6730 2358 20577 1009 6 12
ta011 20911 5000 6780 2253 20577 1056 6 12
ta011 20911 5000 6860 2736 20616 419 5 12
ta011 20911 5000 7148 3305 20636 2164 7 12
ta011 20911 5000 7419 3381 20626 815 5 12
ta011 20911 5000 6838 2812 20587 3070 7 12
ta011 20911 5000 6750 2711 20577 4464 9 12
ta011 20911 5000 7345 3473 20626 5919 10 12
ta011 20911 5000 6680 2128 20577 110 5 12
ta011 20911 5000 6907 2554 20577 1821 6 12
ta012 22440 5000 6537 4453 22368 749 5 12
ta012 22440 5000 6038 2297 22366 550 5 12
ta012 22440 5000 6536 4467 22368 234 5 12
ta012 22440 5000 6523 3353 22368 720 5 12
ta012 22440 5000 6558 4391 22368 112 5 12
ta012 22440 5000 6551 4523 22368 526 5 12
ta012 22440 5000 6369 3338 22368 849 5 12
ta012 22440 5000 6158 2121 22295 3413 8 12
ta012 22440 5000 6522 4489 22368 223 5 12
ta012 22440 5000 6523 4504 22368 703 5 12
ta013 19833 5000 6879 3881 19493 594 5 12
ta013 19833 5000 6806 3791 19493 213 5 12
ta013 19833 5000 6989 3877 19493 33 5 12
ta013 19833 5000 6950 3891 19493 24 5 12
ta013 19833 5000 6922 3893 19493 269 5 12
ta013 19833 5000 6939 3878 19493 608 5 12
ta013 19833 5000 6976 3860 19493 114 5 12
ta013 19833 5000 6905 3843 19493 36 5 12
ta013 19833 5000 6990 3965 19493 26 5 12
ta013 19833 5000 6873 3882 19493 600 5 12
ta014 18710 5000 6064 2675 18373 1239 6 12
ta014 18747 5000 6210 1765 18347 5004 10 12
ta014 18747 5000 6197 2837 18403 489 5 12
ta014 18710 5000 6216 2814 18403 633 5 12
ta014 18747 5000 6272 2293 18390 494 5 12
ta014 18747 5000 6173 2901 18403 174 5 12
ta014 18747 5000 6137 2753 18373 2495 7 12
ta014 18747 5000 6222 1514 18284 394 5 12
ta014 18747 5000 6140 1491 18300 4391 10 12
ta014 18747 5000 5942 1522 18387 135 5 12
ta015 18641 5000 6110 2520 18231 2928 8 12
ta015 18641 5000 6114 2693 18244 2853 8 12
ta015 18641 5000 6364 3375 18323 3760 9 12
ta015 18641 5000 6057 3318 18323 1769 7 12
ta015 18641 5000 6499 3500 18258 5978 11 12
ta015 18641 5000 5999 2201 18244 344 5 12
ta015 18641 5000 6592 3523 18240 694 5 12
ta015 18641 5000 6088 3276 18323 834 5 12
ta015 18709 5000 6347 3240 18255 2630 7 12
ta015 18641 5000 6057 3196 18323 1426 6 12
ta016 19324 5000 6059 3422 18581 827 5 12
ta016 19245 5000 5888 2955 18625 326 5 12
ta016 19324 5000 6111 3283 18624 1406 6 12
ta016 19324 5000 6332 3640 18693 373 5 12
ta016 19249 5000 5926 3295 18581 704 5 12
ta016 19245 5000 5855 2117 18621 749 5 12
ta016 19324 5000 6348 3183 18651 241 5 12
ta016 19249 5000 5995 3240 18581 368 5 12
ta016 19324 5000 6279 3281 18651 1035 6 12
ta016 19245 5000 6014 3107 18625 1595 6 12
ta017 18363 5000 7612 4557 18073 49 5 12
ta017 18363 5000 7554 4437 18073 1272 6 12
ta017 18363 5000 7566 4518 18073 566 5 12
ta017 18363 5000 7550 4511 18073 435 5 12
ta017 18363 5000 7298 4542 18073 155 5 12
ta017 18363 5000 7598 4703 18073 25 5 12
ta017 18363 5000 7607 4661 18073 62 5 12
ta017 18363 5000 7511 3395 18089 59 5 12
ta017 18363 5000 7482 4566 18073 155 5 12
ta017 18363 5000 7405 3231 18042 793 5 12
ta018 20349 5000 6259 2901 19962 3228 8 12
ta018 20241 5000 6224 2710 19830 3576 9 12
ta018 20349 5000 6502 2605 19861 5288 10 12
ta018 20349 5000 6182 2980 19873 3307 8 12
ta018 20241 5000 6080 2756 19883 2114 7 12
ta018 20349 5000 6231 2444 20045 1820 7 12
ta018 20349 5000 6418 2898 19962 1664 6 12
ta018 20241 5000 6150 2475 19873 3437 8 12
ta018 20241 5000 6238 2992 19888 1042 6 12
ta018 20349 5000 6417 2977 19856 4073 9 12
ta019 20330 5000 7726 4602 20106 31 5 12
ta019 20330 5000 7562 4363 20106 559 5 12
ta019 20330 5000 7702 4512 20106 15 5 12
ta019 20330 5000 7657 4535 20106 93 5 12
ta019 20330 5000 7731 4651 20106 25 5 12
ta019 20330 5000 7633 4595 20106 35 5 12
ta019 20330 5000 7671 4561 20106 51 5 12
ta019 20330 5000 7719 4581 20106 20 5 12
ta019 20330 5000 7626 4474 20106 2394 7 12
ta019 20330 5000 7676 4569 20106 84 5 12
ta020 21320 5000 6544 4208 20872 125 5 12
ta020 21320 5000 6650 4180 21002 4195 9 12
ta020 21323 5000 6792 3999 20954 2248 7 12
ta020 21320 5000 6774 3497 20955 966 6 12
ta020 21320 5000 6649 4227 20872 177 5 12
ta020 21320 5000 6585 4152 20872 472 5 12
ta020 21320 5000 6631 4291 20872 177 5 12
ta020 21320 5000 6358 3851 21002 1352 6 12
ta020 21320 5000 6778 3312 20955 35 5 12
ta020 21320 5000 6610 4287 20872 400 5 12
ta021 33623 10000 3777 1624 33150 1621 15 24
ta021 33623 10000 3481 1312 33312 211 10 24
ta021 33623 10000 3843 1423 33251 3061 21 24
ta021 33623 10000 3845 1687 33251 1930 17 24
ta021 33623 10000 3786 1687 33327 2322 18 24
ta021 33623 10000 3626 1414 33278 1235 14 24
ta021 33623 10000 3695 1459 33150 1019 13 24
ta021 33623 10000 3885 1508 33150 3289 21 24
ta021 33623 10000 3741 1479 33150 940 13 24
ta021 33623 10000 3613 1244 33316 635 12 24
ta022 31587 10000 3220 683 30844 1002 14 24
ta022 31587 10000 3351 993 30865 1785 17 24
ta022 31587 10000 3370 823 31082 177 10 24
ta022 31691 10000 3362 966 31063 2527 20 24
ta022 31587 10000 3305 995 30865 1190 14 24
ta022 31587 10000 3340 721 30899 2366 19 24
ta022 31587 10000 3533 1332 30964 313 11 24
ta022 31587 10000 3491 820 31100 1114 14 24
ta022 31587 10000 3327 954 30824 932 13 24
ta022 31587 10000 3562 1644 31047 3517 23 24
ta023 33920 10000 3547 1166 32960 2727 20 24
ta023 33920 10000 3632 1808 33135 1083 14 24
ta023 33920 10000 3553 1545 32971 2011 17 24
ta023 33920 10000 3626 1731 33037 145 10 24
ta023 33920 10000 3491 1501 32980 1319 15 24
ta023 33920 10000 3535 1569 32980 1439 15 24
ta023 33920 10000 3461 1287 33228 54 10 24
ta023 33920 10000 3535 1569 32980 1916 17 24
ta023 33920 10000 3489 1550 32980 2600 20 24
ta023 33920 10000 3740 1375 33174 827 13 24
ta024 31661 10000 3574 1659 30983 608 12 24
ta024 31661 10000 3401 1403 30996 278 11 24
ta024 31661 10000 3708 1816 30983 2687 19 24
ta024 31661 10000 3815 994 31166 703 12 24
ta024 31661 10000 3662 1835 30983 1191 14 24
ta024 31661 10000 3566 1661 30983 681 12 24
ta024 31661 10000 3700 1827 30983 2539 19 24
ta024 31661 10000 3697 1879 30983 1761 16 24
ta024 31661 10000 3565 1421 30854 854 13 24
ta024 31661 10000 3513 1514 30983 1939 17 24
ta025 34586 10000 3877 1810 34210 852 12 24
ta025 34586 10000 3918 1863 33899 739 12 24
ta025 34586 10000 3607 1241 33995 448 11 24
ta025 34590 10000 3723 1699 34071 438 11 24
ta025 34590 10000 3706 1663 34071 112 10 24
ta025 34557 10000 3779 1492 34196 184 10 24
ta025 34586 10000 3946 1838 33899 134 10 24
ta025 34590 10000 3425 786 33841 3317 23 24
ta025 34586 10000 3719 1564 34091 1921 17 24
ta025 34557 10000 3822 1560 34150 1274 14 24
ta026 32564 10000 3680 1030 31827 463 11 24
ta026 32564 10000 3866 905 31944 582 12 24
ta026 32564 10000 3485 1186 31769 2242 18 24
ta026 32564 10000 3547 1301 31769 1942 17 24
ta026 32564 10000 3360 1080 31769 669 12 24
ta026 32564 10000 3633 1119 31827 105 10 24
ta026 32564 10000 3333 1014 31769 501 11 24
ta026 32564 10000 3357 1028 31769 803 13 24
ta026 32564 10000 3522 1265 31769 1440 15 24
ta026 32564 10000 3526 1306 31980 1140 14 24
ta027 32922 10000 3322 650 32367 863 13 24
ta027 32922 10000 3285 991 32530 621 12 24
ta027 32922 10000 3675 1015 32496 2625 19 24
ta027 32922 10000 3400 1092 32364 2053 18 24
ta027 33030 10000 3601 969 32402 1795 16 24
ta027 32922 10000 3630 1197 32376 3155 22 24
ta027 32922 10000 3746 1389 32271 1468 15 24
ta027 32922 10000 3736 1357 32504 655 12 24
ta027 32922 10000 3969 1381 32229 1867 16 24
ta027 32922 10000 3831 949 32566 1408 15 24
ta028 32467 10000 3404 1734 32035 195 10 24
ta028 32456 10000 3741 1592 31849 1023 13 24
ta028 32467 10000 3473 1735 32015 304 11 24
ta028 32467 10000 3730 1914 31796 488 11 24
ta028 32412 10000 3752 2057 31763 2365 18 24
ta028 32412 10000 3849 2156 32101 114 10 24
ta028 32412 10000 3801 2208 31763 2332 18 24
ta028 32412 10000 3741 2285 31763 525 11 24
ta028 32467 10000 3443 1681 32035 544 12 24
ta028 32412 10000 3604 1423 32033 372 11 24
ta029 33600 10000 3217 1192 32853 374 11 24
ta029 33600 10000 3378 1123 32901 2247 19 24
ta029 33600 10000 3380 1774 32837 1344 15 24
ta029 33600 10000 3273 977 32898 1098 14 24
ta029 33600 10000 3147 953 32744 785 13 24
ta029 33600 10000 3290 1244 32853 928 14 24
ta029 33600 10000 3345 1087 33047 1667 16 24
ta029 33600 10000 3239 1000 33053 3207 23 24
ta029 33600 10000 3373 820 32821 1862 17 24
ta029 33600 10000 3158 885 32923 945 14 24
ta030 32262 10000 3858 1459 31653 2238 18 24
ta030 32262 10000 3822 1640 31653 202 10 24
ta030 32262 10000 3820 1897 31646 3351 22 24
ta030 32262 10000 3809 1639 31653 320 11 24
ta030 32262 10000 3803 1700 31587 2797 20 24
ta030 32262 10000 3778 1593 31587 1940 17 24
ta030 32262 10000 3888 1784 31653 2177 17 24
ta030 32262 10000 3716 1708 31595 563 12 24
ta030 32262 10000 3849 1665 31653 202 10 24
ta030 32262 10000 4032 1695 31715 2947 20 24
ta031 64843 6000 6784 3179 64775 13 6 15
ta031 64893 6000 6727 3332 64816 2897 9 15
ta031 64838 6000 6578 2943 64730 2977 10 15
ta031 64889 6000 6475 3019 64806 4283 11 15
ta031 64884 6000 6628 3486 64716 2621 9 15
ta031 64863 6000 6714 3408 64863 0 6 15
ta031 64838 6000 6832 3297 64775 2050 8 15
ta031 64855 6000 6681 3459 64745 3611 10 15
ta031 64928 6000 6465 2960 64769 5450 13 15
ta031 64846 6000 6863 3492 64654 6838 14 15
ta032 68176 6000 7367 4064 68070 1316 7 15
ta032 68176 6000 7425 4045 68070 1980 8 15
ta032 68165 6000 7866 4318 68025 723 6 15
ta032 68176 6000 7566 4106 68083 1645 7 15
ta032 68176 6000 7566 4018 68064 60 6 15
ta032 68169 6000 7452 4031 68047 7380 14 15
ta032 68176 6000 7526 4117 68076 4431 11 15
ta032 68176 6000 7663 4141 68064 3192 9 15
ta032 68097 6000 7603 4357 67970 3364 10 15
ta032 68176 6000 7483 3988 68070 4706 11 15
ta033 63305 6000 7002 3746 63158 1660 8 15
ta033 63305 6000 6991 3721 63158 106 6 15
ta033 63295 6000 6804 3862 63184 3611 10 15
ta033 63291 6000 6969 3525 63207 4570 11 15
ta033 63305 6000 7026 3732 63180 1139 7 15
ta033 63305 6000 6949 3635 63158 35 6 15
ta033 63269 6000 6935 3589 63204 884 7 15
ta033 63305 6000 6984 3694 63172 3639 10 15
ta033 63305 6000 6875 3630 63158 143 6 15
ta033 63298 6000 7025 3734 63150 1855 8 15
ta034 68451 6000 6992 4074 68392 2322 8 15
ta034 68450 6000 6454 3566 68387 376 6 15
ta034 68482 6000 6976 4056 68434 36 6 15
ta034 68473 6000 7169 4140 68410 3799 10 15
ta034 68467 6000 7148 4172 68417 0 6 15
ta034 68478 6000 7036 4221 68430 30 6 15
ta034 68461 6000 7224 4378 68411 5 6 15
ta034 68413 6000 7145 4221 68357 2410 8 15
ta034 68440 6000 7160 4194 68362 14 6 15
ta034 68449 6000 7322 4617 68393 28 6 15
ta035 69412 6000 6494 3084 69230 4168 11 15
ta035 69408 6000 6267 2885 69194 1987 8 15
ta035 69430 6000 6361 2933 69307 762 7 15
ta035 69408 6000 6455 3114 69211 5003 13 15
ta035 69412 6000 6596 3406 69211 6185 14 15
ta035 69408 6000 6592 3187 69194 6527 14 15
ta035 69408 6000 6387 2916 69259 2268 9 15
ta035 69408 6000 6559 3127 69234 5511 13 15
ta035 69417 6000 6424 2951 69260 3703 11 15
ta035 69408 6000 6500 3176 69194 5913 14 15
ta036 66982 6000 6870 3477 66922 4025 11 15
ta036 66979 6000 6937 3480 66905 758 6 15
ta036 66979 6000 6947 3354 66905 1053 7 15
ta036 66982 6000 6818 3515 66929 193 6 15
ta036 66982 6000 6901 3570 66929 3521 10 15
ta036 66982 6000 6824 3505 66946 121 6 15
ta036 66979 6000 6917 3493 66905 679 6 15
ta036 66982 6000 6701 3425 66929 1114 7 15
ta036 66994 6000 6928 3708 66938 3747 10 15
ta036 66977 6000 6925 3520 66899 15 6 15
ta037 66343 6000 6393 3074 66180 6248 14 15
ta037 66343 6000 6672 3294 66151 6176 14 15
ta037 66331 6000 7097 3319 66240 1324 7 15
ta037 66343 6000 6386 3362 66126 5809 14 15
ta037 66289 6000 6378 3153 65992 5384 13 15
ta037 66343 6000 6395 3186 66176 5486 13 15
ta037 66343 6000 6468 3190 66211 1534 8 15
ta037 66343 6000 6286 3411 66194 1077 7 15
ta037 66288 6000 6429 3064 66254 50 6 15
ta037 66343 6000 6734 3395 66126 5075 12 15
ta038 64445 6000 6801 3558 64319 3568 10 15
ta038 64445 6000 6949 3740 64319 2317 8 15
ta038 64445 6000 7012 3705 64335 117 6 15
ta038 64453 6000 6928 3632 64319 118 6 15
ta038 64445 6000 6974 3748 64319 434 6 15
ta038 64445 6000 6862 3663 64319 847 7 15
ta038 64445 6000 6908 3657 64319 70 6 15
ta038 64445 6000 6899 3593 64319 764 7 15
ta038 64391 6000 6935 3934 64272 3365 10 15
ta038 64414 6000 7045 4069 64345 4109 11 15
ta039 63263 6000 6997 3586 63055 1003 7 15
ta039 63094 6000 6783 3718 62895 2728 9 15
ta039 63213 6000 6794 3465 63079 5304 12 15
ta039 63219 6000 6994 3960 63042 1495 7 15
ta039 63148 6000 6735 3835 63053 1931 8 15
ta039 63187 6000 7098 4158 63064 4143 11 15
ta039 63206 6000 6961 3938 62993 959 7 15
ta039 63213 6000 6801 3494 63099 6310 14 15
ta039 63206 6000 6689 3893 63015 139 6 15
ta039 63213 6000 6796 3686 63094 3020 10 15
ta040 68916 6000 6804 3200 68736 65 6 15
ta040 69011 6000 6900 3283 68701 6421 14 15
ta040 68926 6000 6985 3292 68751 564 6 15
ta040 68987 6000 6948 3125 68859 6454 14 15
ta040 68984 6000 6756 3051 68798 979 7 15
ta040 68915 6000 6916 3297 68750 3992 11 15
ta040 68916 6000 6812 3335 68736 209 6 15
ta040 68982 6000 6899 3254 68701 4062 11 15
ta040 69039 6000 7140 3516 68841 282 6 15
ta040 69012 6000 6840 3147 68808 2446 9 15
ta041 87794 12000 3257 1495 86839 2445 25 30
ta041 87962 12000 3549 1717 86946 1617 20 30
ta041 88195 12000 3468 1838 87288 3052 27 30
ta041 88072 12000 3578 1649 87130 3522 29 30
ta041 88012 12000 3320 1398 86825 3239 29 30
ta041 87804 12000 3494 1717 86856 990 17 30
ta041 87831 12000 3224 1444 86996 1074 18 30
ta041 88160 12000 3650 1815 87324 1912 21 30
ta041 87708 12000 3623 1771 87046 3573 29 30
ta041 88160 12000 3541 2059 87344 1047 17 30
ta042 83888 12000 3969 2324 83395 3355 27 30
ta042 84125 12000 3406 1819 83397 1867 21 30
ta042 83716 12000 3490 1695 83194 2474 24 30
ta042 84038 12000 3510 1852 83395 740 15 30
ta042 84035 12000 3241 1526 83045 1584 20 30
ta042 83699 12000 3565 1929 83234 3542 29 30
ta042 84110 12000 3618 2069 83621 3343 28 30
ta042 83602 12000 3551 2108 83220 1600 20 30
ta042 83413 12000 3109 1860 82597 2201 24 30
ta042 84053 12000 3249 1392 83304 1528 20 30
ta043 80653 12000 3677 2088 80378 3284 28 30
ta043 80653 12000 3677 2074 80197 2277 23 30
ta043 80653 12000 3677 2087 80378 1533 19 30
ta043 80653 12000 3642 2111 80404 1083 17 30
ta043 80653 12000 3612 2085 80378 3024 27 30
ta043 80653 12000 3669 2119 80378 3338 28 30
ta043 80653 12000 3566 2070 80401 84 12 30
ta043 80653 12000 3601 2093 80378 3161 27 30
ta043 80653 12000 3677 2090 80383 3481 29 30
ta043 80653 12000 3762 2290 80421 230 13 30
ta044 87046 12000 3749 2312 86846 3461 28 30
ta044 87066 12000 3838 2350 86939 1351 18 30
ta044 87066 12000 3777 2255 86959 206 12 30
ta044 87066 12000 3834 2247 86955 3055 26 30
ta044 87066 12000 3896 2358 86906 2542 23 30
ta044 87066 12000 3767 2254 86959 433 14 30
ta044 87075 12000 3779 2204 86840 2753 25 30
ta044 87066 12000 3782 2264 86959 697 15 30
ta044 87066 12000 3858 2335 86906 623 14 30
ta044 87066 12000 3732 2140 86856 2595 24 30
ta045 86982 12000 3688 1942 86451 3629 29 30
ta045 87383 12000 3763 1817 86857 990 16 30
ta045 87323 12000 3646 1421 86682 2705 25 30
ta045 87449 12000 3691 1510 86629 1353 18 30
ta045 87198 12000 3831 2124 86510 765 15 30
ta045 87343 12000 3580 1652 86570 2875 26 30
ta045 87521 12000 3783 1883 86182 3509 28 30
ta045 87521 12000 3721 1815 86146 3711 29 30
ta045 87521 12000 3782 1954 86182 3554 28 30
ta045 87383 12000 3866 1790 86781 957 16 30
ta046 86926 12000 3547 1693 86257 2926 26 30
ta046 86962 12000 3672 2206 86395 1101 17 30
ta046 86923 12000 3541 1893 86462 2540 24 30
ta046 86879 12000 3582 2036 86510 1779 21 30
ta046 86927 12000 3665 2069 86394 2841 25 30
ta046 86941 12000 3754 2456 86199 189 12 30
ta046 87055 12000 3815 2127 86475 3078 26 30
ta046 86919 12000 3290 2044 86295 529 14 30
ta046 87022 12000 3829 1844 86414 511 14 30
ta046 86923 12000 3583 2276 86542 2382 24 30
ta047 89842 12000 3034 1082 88433 1502 20 30
ta047 89557 12000 3332 1794 89288 1048 17 30
ta047 89372 12000 3170 1604 88920 1729 21 30
ta047 89378 12000 3170 1775 88774 3101 29 30
ta047 89851 12000 3014 907 88512 949 17 30
ta047 89744 12000 3242 1624 89039 2031 23 30
ta047 89420 12000 3114 1693 88754 2071 23 30
ta047 89724 12000 3125 1554 88864 2696 27 30
ta047 89851 12000 3060 1260 88723 1017 17 30
ta047 89851 12000 3022 1305 88929 1864 23 30
ta048 87274 12000 3641 2056 86986 3000 26 30
ta048 87274 12000 3508 1782 86882 1448 19 30
ta048 87274 12000 3635 1827 86987 2638 25 30
ta048 87336 12000 3723 1926 86881 3625 29 30
ta048 87274 12000 3632 1786 86845 2622 24 30
ta048 87274 12000 3717 1794 86982 3077 26 30
ta048 87274 12000 3579 1856 86870 3564 29 30
ta048 87367 12000 3531 1948 87039 1752 20 30
ta048 87274 12000 3679 1893 86987 3518 29 30
ta048 87274 12000 3697 1875 86989 3624 29 30
ta049 85885 12000 3493 2167 85585 244 13 30
ta049 85907 12000 3451 1939 85568 2477 24 30
ta049 85910 12000 3465 2025 85542 1190 18 30
ta049 85822 12000 3438 1946 85637 2640 25 30
ta049 85822 12000 3359 1666 85399 1677 20 30
ta049 85885 12000 3402 1551 85541 1970 22 30
ta049 85822 12000 3369 1780 85419 2782 26 30
ta049 85926 12000 3386 2015 85776 1313 18 30
ta049 85970 12000 3538 2140 85590 1837 21 30
ta049 85822 12000 3334 1963 85548 2870 27 30
ta050 88424 12000 3155 1572 87962 204 13 30
ta050 88471 12000 3132 1740 87973 1055 18 30
ta050 88514 12000 2970 1573 87900 1573 21 30
ta050 88398 12000 3094 1702 87943 3082 29 30
ta050 88486 12000 3079 1582 87965 2698 27 30
ta050 88443 12000 3117 1511 87933 1293 19 30
ta050 88622 12000 3110 1495 88134 3031 29 30
ta050 88588 12000 3212 1469 88215 879 16 30
ta050 88405 12000 2944 1477 87635 1670 22 30
ta050 88593 12000 3122 1671 87848 750 16 30
ta051 126133 24000 1951 1170 124905 1656 54 60
ta051 126133 24000 2003 942 125166 814 39 60
ta051 126133 24000 1987 1025 125225 555 33 60
ta051 126133 24000 1998 1333 124972 1875 57 60
ta051 126213 24000 2003 972 124819 1742 55 60
ta051 126133 24000 1885 873 124931 1720 56 60
ta051 126133 24000 1891 981 124910 1300 48 60
ta051 126213 24000 1836 965 124918 1124 46 60
ta051 126133 24000 2024 1157 125009 1554 51 60
ta051 126133 24000 1925 976 124815 1903 59 60
ta052 120159 24000 1817 735 118557 1695 57 60
ta052 120379 24000 1994 869 119214 946 40 60
ta052 120350 24000 1893 929 119214 1607 54 60
ta052 120357 24000 1743 736 118863 1732 59 60
ta052 120170 24000 2015 1080 119088 1553 51 60
ta052 120117 24000 1983 989 119050 1487 50 60
ta052 120132 24000 1911 1013 119250 1085 44 60
ta052 120296 24000 1914 1079 119346 1121 45 60
ta052 120170 24000 1958 1064 119340 897 40 60
ta052 120253 24000 1994 1020 118941 1961 59 60
ta053 117426 24000 1812 930 115944 1690 57 60
ta053 117367 24000 1921 936 116214 1299 48 60
ta053 117497 24000 1892 672 116362 1594 54 60
ta053 116973 24000 1931 1123 115485 948 41 60
ta053 117421 24000 1932 795 115619 1929 59 60
ta053 117497 24000 1971 1011 116415 522 33 60
ta053 117371 24000 1915 887 116364 1114 45 60
ta053 117320 24000 1862 809 116450 1384 50 60
ta053 117001 24000 1664 632 116019 1616 59 60
ta053 117879 24000 1878 790 116015 1689 56 60
ta054 121306 24000 1748 710 120133 680 37 60
ta054 121264 24000 1799 875 120105 962 43 60
ta054 121306 24000 1849 895 120108 873 41 60
ta054 121264 24000 1792 849 120105 1317 50 60
ta054 121306 24000 1855 924 120093 1628 55 60
ta054 121306 24000 1868 822 120025 1594 54 60
ta054 121252 24000 1754 887 120047 1673 58 60
ta054 121264 24000 1774 838 119927 1712 58 60
ta054 121264 24000 1764 901 120105 1678 58 60
ta054 121306 24000 1876 1059 120195 1469 52 60
ta055 118877 24000 1843 942 117404 998 43 60
ta055 118414 24000 1832 1007 116802 1252 48 60
ta055 119423 24000 1789 867 117975 1192 48 60
ta055 119759 24000 1547 435 117731 1029 47 60
ta055 118902 24000 1730 684 116758 982 44 60
ta055 119427 24000 1801 623 117118 1497 54 60
ta055 118773 24000 1925 1080 117354 1517 52 60
ta055 118748 24000 1722 777 117001 1720 59 60
ta055 119089 24000 1826 898 117614 1458 52 60
ta055 118672 24000 1780 644 116549 1186 48 60
ta056 121304 24000 1536 423 119923 1063 48 60
ta056 121234 24000 1762 914 120056 295 30 60
ta056 121282 24000 1806 898 120347 908 41 60
ta056 121167 24000 1837 862 119585 1821 59 60
ta056 121426 24000 1738 716 120098 1411 53 60
ta056 120785 24000 1758 762 119751 1146 47 60
ta056 121386 24000 1756 1022 120306 470 33 60
ta056 121234 24000 1703 743 120551 1024 45 60
ta056 121106 24000 1923 1298 120035 1715 56 60
ta056 120910 24000 1910 910 119924 448 32 60
ta057 123679 24000 1896 649 122806 1316 48 60
ta057 123551 24000 1884 886 122675 1234 47 60
ta057 123323 24000 1979 1187 122734 1247 46 60
ta057 123640 24000 1826 821 122376 1095 45 60
ta057 123681 24000 1855 921 123018 206 28 60
ta057 123689 24000 2008 1117 122822 1534 51 60
ta057 123913 24000 1848 732 122829 911 41 60
ta057 123372 24000 2047 940 122079 1596 52 60
ta057 123256 24000 2029 1161 122695 1536 51 60
ta057 123869 24000 1757 740 122125 1459 53 60
ta058 123424 24000 1841 802 121548 1159 46 60
ta058 123589 24000 1688 646 121160 1308 51 60
ta058 123589 24000 1707 612 120966 1521 55 60
ta058 123372 24000 1779 632 121425 1124 46 60
ta058 123589 24000 1706 509 121033 1032 45 60
ta058 123589 24000 1696 564 120929 1363 52 60
ta058 123521 24000 1626 692 121048 869 43 60
ta058 123536 24000 1770 666 121117 469 33 60
ta058 123589 24000 1710 579 120952 1507 55 60
ta058 123372 24000 1800 780 121526 1344 50 60
ta059 122221 24000 1836 909 121439 1753 58 60
ta059 122206 24000 1851 883 121355 1310 49 60
ta059 122221 24000 1791 944 121472 1711 58 60
ta059 122254 24000 1728 587 121286 1633 57 60
ta059 122221 24000 1802 794 121305 1471 53 60
ta059 122409 24000 1739 673 121314 1182 48 60
ta059 122221 24000 1833 915 120643 1783 59 60
ta059 122264 24000 1785 877 121307 1610 56 60
ta059 122270 24000 1833 818 121038 606 35 60
ta059 122221 24000 1793 784 121328 1623 56 60
ta060 125129 24000 1654 744 123728 529 35 60
ta060 125129 24000 1806 787 123689 1367 51 60
ta060 125129 24000 1733 782 123780 1121 47 60
ta060 125129 24000 1671 901 123862 1662 59 60
ta060 125129 24000 1853 911 123779 1840 59 60
ta060 125129 24000 1771 911 123905 1092 46 60
ta060 125129 24000 1692 799 123249 1558 57 60
ta060 125129 24000 1751 602 123968 1729 59 60
ta060 125129 24000 1659 754 123575 1616 59 60
ta060 125129 24000 1563 590 123732 1363 55 60
ta061 253202 12000 4069 2554 252979 330 13 30
ta061 253202 12000 4090 2622 252979 29 12 30
ta061 253202 12000 4077 2585 252979 166 12 30
ta061 253202 12000 4090 2584 252979 16 12 30
ta061 253202 12001 4069 2560 252979 31 12 30
ta061 253202 12000 4102 2626 252979 64 12 30
ta061 253202 12001 4051 2532 252979 44 12 30
ta061 253202 12001 4142 2597 252979 191 12 30
ta061 253202 12000 4074 2579 252979 15 12 30
ta061 253202 12000 4135 2614 252979 152 12 30
ta062 242081 12000 4584 2827 241925 4416 29 30
ta062 242074 12000 4544 2850 241995 918 15 30
ta062 241931 12000 4585 2800 241838 4278 28 30
ta062 241987 12000 4710 2808 241930 925 15 30
ta062 241999 12001 4800 2912 241925 3114 23 30
ta062 241940 12000 4679 2818 241883 580 14 30
ta062 242078 12000 4420 2864 241979 118 12 30
ta062 242003 12000 4700 2857 241922 3151 23 30
ta062 242074 12000 4610 2942 241995 1072 16 30
ta062 242074 12001 4579 2954 241995 217 12 30
ta063 237886 12000 4551 3087 237848 2 12 30
ta063 237886 12000 4495 3007 237848 2 12 30
ta063 237886 12000 4493 2953 237848 91 12 30
ta063 237886 12001 4524 3003 237848 0 12 30
ta063 237886 12000 4529 3013 237848 1 12 30
ta063 237886 12001 4482 2966 237817 2217 20 30
ta063 237886 12001 4497 2975 237848 1 12 30
ta063 237886 12000 4501 3011 237848 2 12 30
ta063 237886 12001 4492 2950 237848 0 12 30
ta063 237886 12000 4537 3022 237848 3 12 30
ta064 227652 12000 4155 2555 227485 554 14 30
ta064 227744 12000 4183 2668 227596 1796 19 30
ta064 227744 12000 4112 2563 227607 2682 23 30
ta064 227744 12000 4135 2664 227607 1158 17 30
ta064 227670 12000 4150 2624 227493 2316 21 30
ta064 227744 12000 4067 2497 227607 243 13 30
ta064 227749 12000 4066 2599 227624 3428 27 30
ta064 227744 12000 4129 2593 227574 2044 20 30
ta064 227738 12001 4115 2554 227608 918 15 30
ta064 227664 12000 4079 2671 227430 946 16 30
ta065 240826 12000 4463 2682 240665 339 13 30
ta065 240826 12000 4276 2581 240592 3723 27 30
ta065 240826 12000 4431 2691 240666 4343 29 30
ta065 240826 12001 4438 2658 240676 647 14 30
ta065 240826 12000 4377 2770 240580 2687 23 30
ta065 240826 12000 4335 2721 240580 672 14 30
ta065 240826 12000 4331 2356 240629 964 16 30
ta065 240826 12001 4388 2494 240629 1964 20 30
ta065 240826 12000 4344 2580 240574 1957 20 30
ta065 240826 12000 4397 2721 240574 3894 27 30
ta066 232399 12001 4608 2851 232185 1059 16 30
ta066 232399 12000 4735 2879 232185 69 12 30
ta066 232399 12000 4528 2816 232185 1800 19 30
ta066 232399 12000 4570 2883 232171 2261 20 30
ta066 232399 12000 4623 2901 232171 1701 18 30
ta066 232399 12000 4641 2829 232171 481 13 30
ta066 232399 12001 4659 2978 232171 2374 21 30
ta066 232399 12000 4589 2902 232185 498 13 30
ta066 232399 12000 4580 2882 232185 4058 27 30
ta066 232399 12000 4599 2854 232171 1749 18 30
ta067 240717 12000 4049 2162 240402 3738 28 30
ta067 240747 12000 4046 2281 240537 3060 25 30
ta067 240751 12001 4000 2193 240579 3884 29 30
ta067 240732 12001 3966 2284 240526 1401 18 30
ta067 240755 12001 4132 2325 240579 4022 29 30
ta067 240741 12000 4074 2175 240570 2070 21 30
ta067 240618 12000 4076 2329 240399 2581 23 30
ta067 240692 12000 4096 2262 240460 3726 28 30
ta067 240744 12000 4150 2174 240562 1075 16 30
ta067 240723 12000 4169 2408 240522 4080 29 30
ta068 231095 12001 5041 2981 230910 1 12 30
ta068 231155 12000 4934 2908 230970 51 12 30
ta068 231135 12001 5055 3034 230950 1 12 30
ta068 231090 12000 5085 2962 230936 50 12 30
ta068 231128 12000 4919 2908 230910 133 12 30
ta068 231095 12000 5086 3000 230910 0 12 30
ta068 231095 12000 5014 2933 230910 2 12 30
ta068 231095 12000 5025 3023 230910 1 12 30
ta068 231097 12001 5102 3003 230912 0 12 30
ta068 231111 12000 4942 2983 230910 2898 22 30
ta069 248122 12000 4723 2726 247811 736 14 30
ta069 248138 12001 4664 2752 247786 3827 26 30
ta069 248118 12000 4851 2887 247789 3320 24 30
ta069 248160 12001 4842 2866 247798 170 12 30
ta069 248124 12001 4676 2598 247755 4075 27 30
ta069 248128 12001 4723 2764 247826 135 12 30
ta069 248174 12000 4803 2889 247842 630 14 30
ta069 248140 12000 4694 2594 247907 2541 22 30
ta069 248118 12000 4989 2926 247952 4525 28 30
ta069 248120 12001 4817 2842 247798 221 12 30
ta070 244136 12001 4270 2528 243979 3794 28 30
ta070 243837 12001 4290 2536 243373 1897 19 30
ta070 244060 12001 4082 2445 243923 1940 20 30
ta070 243830 12000 4159 2326 243591 334 13 30
ta070 244053 12000 4317 2636 243849 506 14 30
ta070 243793 12001 4223 2311 243483 3145 25 30
ta070 243753 12001 4120 2303 243439 305 13 30
ta070 243977 12000 4278 2611 243844 0 12 30
ta070 243885 12000 4195 2387 243630 2342 22 30
ta070 243860 12000 4244 2505 243600 4080 29 30
ta071 300143 24000 2474 1713 299652 1228 42 60
ta071 300127 24000 2369 1524 299576 1002 39 60
ta071 300059 24000 2394 1436 299532 1756 50 60
ta071 300069 24001 2372 1613 299535 1824 51 60
ta071 300042 24001 2419 1552 299594 971 38 60
ta071 300067 24000 2407 1571 299514 2197 56 60
ta071 300099 24000 2386 1562 299419 1270 43 60
ta071 300115 24001 2411 1574 299528 2035 54 60
ta071 300049 24001 2424 1573 299415 2369 59 60
ta071 300103 24000 2438 1674 299560 2071 54 60
ta072 274622 24001 2443 1821 274063 2377 58 60
ta072 274622 24000 2434 1724 274106 2274 57 60
ta072 274622 24000 2412 1708 274089 947 38 60
ta072 274622 24001 2409 1703 274134 1702 49 60
ta072 274622 24000 2402 1674 274107 2214 57 60
ta072 274622 24000 2436 1734 274030 1911 52 60
ta072 274622 24000 2402 1677 274066 2218 57 60
ta072 274622 24000 2406 1713 274134 1461 45 60
ta072 274622 24000 2378 1654 274104 2365 59 60
ta072 274622 24000 2463 1802 274172 2462 60 60
ta073 289084 24001 2339 1380 288088 2292 59 60
ta073 289006 24001 2227 1363 288069 1589 49 60
ta073 289006 24000 2269 1378 287969 2165 58 60
ta073 289082 24001 2306 1306 288096 1520 47 60
ta073 289006 24001 2231 1389 288023 884 38 60
ta073 289006 24001 2345 1372 287997 1205 42 60
ta073 289006 24000 2187 1342 288042 2144 59 60
ta073 289006 24000 2413 1349 287968 1175 41 60
ta073 289006 24001 2232 1339 288022 1370 46 60
ta073 289006 24000 2393 1306 287988 990 39 60
ta074 301979 24001 2285 1652 301452 450 31 60
ta074 301949 24000 2180 1568 301453 1893 55 60
ta074 301981 24000 2362 1616 301416 1520 47 60
ta074 301981 24000 2376 1643 301416 624 34 60
ta074 301979 24000 2291 1616 301458 1120 41 60
ta074 301949 24001 2184 1518 301439 308 29 60
ta074 301979 24000 2330 1634 301416 2084 56 60
ta074 301979 24000 2303 1673 301452 1989 55 60
ta074 302004 24001 2164 1494 301483 743 36 60
ta074 301979 24001 2289 1588 301458 330 29 60
ta075 284256 24000 2459 1536 283630 1680 48 60
ta075 284256 24000 2477 1624 283681 934 37 60
ta075 284256 24001 2453 1550 283579 1751 49 60
ta075 284256 24001 2461 1556 283635 556 32 60
ta075 284256 24001 2484 1573 283665 1061 39 60
ta075 284256 24001 2426 1444 283558 952 38 60
ta075 284256 24000 2403 1477 283617 1917 52 60
ta075 284256 24001 2424 1458 283587 2399 59 60
ta075 284256 24000 2474 1567 283617 2432 59 60
ta075 284256 24001 2453 1593 283601 1689 48 60
ta076 271595 24001 2429 1700 270363 2406 59 60
ta076 271595 24000 2355 1478 270513 1671 49 60
ta076 271595 24000 2344 1533 270498 1818 51 60
ta076 271595 24000 2383 1569 270335 2226 57 60
ta076 271595 24000 2403 1676 270357 2400 59 60
ta076 271595 24002 2385 1565 270320 2028 54 60
ta076 271595 24000 2387 1623 270485 1983 53 60
ta076 271574 24000 2341 1465 270469 2023 55 60
ta076 271595 24001 2392 1643 270525 520 32 60
ta076 271574 24001 2351 1554 270416 2292 59 60
ta077 280074 24001 2082 1504 279322 1341 47 60
ta077 279994 24001 2053 1323 279178 1945 58 60
ta077 279992 24000 2054 1395 279181 466 32 60
ta077 279796 24000 2064 1436 279043 1124 43 60
ta077 279856 24002 2049 1394 279136 1695 53 60
ta077 280080 24002 2060 1362 279342 492 32 60
ta077 279887 24001 2052 1314 279050 1212 45 60
ta077 280193 24001 2033 1302 279289 2010 59 60
ta077 279740 24000 2037 1338 278958 1114 43 60
ta077 279754 24001 2082 1444 279014 177 27 60
ta078 291032 24000 2311 1366 290562 305 28 60
ta078 291032 24001 2370 1391 290559 1421 45 60
ta078 291032 24000 2386 1506 290544 1931 52 60
ta078 291032 24000 2350 1410 290434 557 32 60
ta078 291020 24001 2237 1208 290417 1971 55 60
ta078 291032 24001 2358 1355 290541 1962 53 60
ta078 291020 24000 2366 1423 290460 2311 59 60
ta078 291032 24000 2313 1381 290522 1936 54 60
ta078 291032 24001 2435 1526 290683 2345 58 60
ta078 291032 24001 2344 1436 290136 2227 58 60
ta079 303271 24000 2365 1313 302394 2009 54 60
ta079 303271 24000 2432 1389 302376 2189 56 60
ta079 303306 24001 2283 1143 302262 2182 58 60
ta079 303379 24000 2356 1316 302557 2258 58 60
ta079 303274 24000 2368 1321 302538 2018 54 60
ta079 303271 24001 2331 1275 302518 2184 57 60
ta079 303338 24000 2418 1405 302519 1145 41 60
ta079 303288 24000 2392 1178 302436 1886 52 60
ta079 303271 24001 2492 1505 302447 2174 55 60
ta079 303340 24001 2315 1313 302540 1917 53 60
ta080 291617 24001 2611 1645 291055 2547 59 60
ta080 291943 24001 2549 1456 291210 517 31 60
ta080 291945 24000 2588 1520 291182 2566 59 60
ta080 291731 24001 2668 1592 291145 1905 50 60
ta080 291913 24000 2606 1718 291171 2428 57 60
ta080 291869 24001 2550 1613 291121 1525 45 60
ta080 291831 24001 2575 1613 291253 1279 42 60
ta080 291943 24001 2521 1563 291273 178 26 60
ta080 291869 24000 2588 1513 291091 1456 44 60
ta080 291617 24000 2566 1537 291055 781 35 60
ta081 367777 48000 1053 652 364523 958 113 120
ta081 367777 48001 1042 564 364325 937 113 120
ta081 367884 48000 1027 561 364642 839 106 120
ta081 367904 48001 970 519 364194 953 118 120
ta081 367777 48000 1025 635 364622 897 110 120
ta081 367988 48002 1013 555 364687 750 101 120
ta081 367881 48000 956 528 364731 888 115 120
ta081 367881 48001 881 453 364282 868 119 120
ta081 367881 48000 938 527 364899 627 96 120
ta081 367876 48000 965 539 364592 761 104 120
ta082 372371 48001 1075 676 370359 929 110 120
ta082 372023 48001 1128 709 370399 1018 112 120
ta082 372355 48002 1065 617 370171 1056 119 120
ta082 372023 48002 1127 710 369973 979 110 120
ta082 372023 48002 1126 690 370326 654 90 120
ta082 372303 48000 1112 615 370402 936 109 120
ta082 372223 48002 1010 518 370507 892 112 120
ta082 372388 48001 1069 587 370058 947 111 120
ta082 372023 48003 1144 693 369976 1135 119 120
ta082 372371 48001 1053 648 370492 734 97 120
ta083 374012 48000 1005 541 371216 1000 119 120
ta083 372906 48001 1047 555 370149 1036 119 120
ta083 373849 48002 1016 529 371142 944 115 120
ta083 373606 48000 1075 537 370727 429 76 120
ta083 373970 48000 1126 587 370900 1029 114 120
ta083 373809 48000 1109 615 370970 1041 115 120
ta083 373842 48000 1077 589 370323 1040 117 120
ta083 373621 48000 963 526 371027 796 107 120
ta083 373803 48000 1095 588 370775 1083 119 120
ta083 373365 48000 998 538 370585 893 112 120
ta084 376078 48003 1048 672 372854 676 94 120
ta084 376078 48002 1057 561 372596 513 83 120
ta084 376078 48001 1021 591 372637 675 95 120
ta084 375996 48000 995 582 372739 955 116 120
ta084 375970 48001 977 551 372789 861 111 120
ta084 376078 48000 1036 662 372807 800 103 120
ta084 376078 48001 1036 504 372836 1016 118 120
ta084 375918 48002 973 523 372813 834 110 120
ta084 376078 48001 1068 632 372760 889 108 120
ta084 375987 48001 1037 565 372903 1034 119 120
ta085 370013 48001 1064 572 367111 580 88 120
ta085 369636 48002 1055 562 365849 971 113 120
ta085 370031 48000 1024 634 366297 974 116 120
ta085 370054 48000 1047 606 366387 818 104 120
ta085 369787 48001 1026 508 366196 658 95 120
ta085 369874 48001 1010 520 366077 1008 119 120
ta085 370012 48000 972 574 366497 968 119 120
ta085 369543 48002 1113 584 365901 985 112 120
ta085 369782 48001 1031 548 366556 702 96 120
ta085 370107 48001 955 452 365992 935 118 120
ta086 373847 48002 980 478 370097 932 116 120
ta086 375028 48001 921 498 370637 852 114 120
ta086 374646 48000 963 519 370502 729 103 120
ta086 374589 48002 1045 615 371387 414 75 120
ta086 374505 48000 946 543 370594 938 119 120
ta086 374562 48000 872 381 370360 682 104 120
ta086 374379 48001 972 542 370709 766 105 120
ta086 374294 48000 1005 515 370337 973 117 120
ta086 375566 48002 1036 531 370392 965 115 120
ta086 373594 48001 1033 613 370002 999 117 120
ta087 374937 48000 1061 602 370510 1037 118 120
ta087 374956 48001 1061 607 370578 1060 120 120
ta087 374937 48001 1069 577 370506 854 105 120
ta087 374956 48001 1244 725 371148 963 103 120
ta087 375054 48000 1089 580 371478 1035 116 120
ta087 374937 48002 1158 596 370913 1141 118 120
ta087 374918 48002 1088 550 370370 1062 118 120
ta087 374937 48000 1148 557 370769 952 107 120
ta087 374909 48000 1190 686 370720 1186 119 120
ta087 375057 48001 1022 524 370319 856 107 120
ta088 386620 48001 1038 548 383793 291 69 120
ta088 386476 48002 1079 596 383165 788 100 120
ta088 386470 48002 946 541 382676 851 112 120
ta088 386481 48001 1066 581 383130 818 102 120
ta088 386471 48001 1035 616 383535 627 92 120
ta088 386620 48000 995 579 383307 587 91 120
ta088 386223 48002 970 511 382716 886 113 120
ta088 386471 48001 955 513 383190 952 119 120
ta088 386533 48001 964 536 383138 910 116 120
ta088 386400 48001 915 453 382674 907 119 120
ta089 376874 48002 929 487 372893 912 118 120
ta089 376874 48001 932 506 372786 745 106 120
ta089 376874 48002 915 505 373093 876 117 120
ta089 376874 48001 902 495 372521 714 104 120
ta089 376874 48002 936 526 373270 521 88 120
ta089 376874 48000 926 532 372804 619 96 120
ta089 376874 48002 912 506 372854 889 118 120
ta089 376874 48002 870 463 372454 824 116 120
ta089 376874 48000 919 508 372694 917 119 120
ta089 376874 48000 942 583 372973 915 118 120
ta090 380091 48001 917 495 377456 905 119 120
ta090 380459 48002 964 479 377417 809 108 120
ta090 380147 48001 941 475 377502 908 117 120
ta090 380091 48000 928 519 377947 745 105 120
ta090 380307 48000 982 642 377645 777 105 120
ta090 379742 48001 969 560 376152 932 117 120
ta090 380537 48000 964 587 377775 929 117 120
ta090 380589 48001 971 607 378174 833 109 120
ta090 380199 48002 1088 649 377735 1063 118 120
ta090 380164 48001 1061 569 377132 535 84 120
ta091 1042621 48003 1076 726 1041322 777 100 120
ta091 1042675 48005 1089 753 1041182 1067 118 120
ta091 1042710 48000 1090 748 1041155 1029 115 120
ta091 1042652 48003 1083 718 1041128 846 104 120
ta091 1042841 48002 1079 738 1041234 894 107 120
ta091 1042749 48003 1108 744 1041368 1026 114 120
ta091 1042648 48007 1084 714 1041071 1018 115 120
ta091 1042772 48008 1039 673 1041493 1011 118 120
ta091 1042575 48000 1089 759 1041230 928 109 120
ta091 1042511 48004 1089 751 1041260 1084 119 120
ta092 1028879 48004 1306 1054 1027939 328 66 120
ta092 1028879 48006 1280 998 1027997 767 91 120
ta092 1028880 48009 1295 1008 1027939 158 57 120
ta092 1028879 48006 1279 997 1027886 1004 104 120
ta092 1028879 48010 1293 1011 1027941 573 79 120
ta092 1028879 48008 1299 1017 1027941 488 75 120
ta092 1028880 48004 1261 956 1027839 1254 119 120
ta092 1028879 48007 1249 944 1027725 1142 114 120
ta092 1028880 48004 1323 1052 1027893 1034 104 120
ta092 1028880 48011 1294 1007 1027941 665 85 120
ta093 1043940 48000 1076 671 1042722 1053 118 120
ta093 1044189 48012 1113 813 1042897 1083 117 120
ta093 1043837 48000 1164 788 1042640 805 97 120
ta093 1043969 48009 1143 811 1042879 1064 115 120
ta093 1043718 48004 1145 770 1042597 597 85 120
ta093 1044084 48003 1168 763 1042715 890 103 120
ta093 1043534 48010 1142 805 1042373 1003 111 120
ta093 1043596 48000 1121 793 1042252 1091 118 120
ta093 1043773 48000 1074 684 1042230 869 106 120
ta093 1043828 48005 1067 691 1042605 679 93 120
ta094 1024995 48005 1375 835 1023516 1264 113 120
ta094 1024329 48002 1416 895 1022539 1276 113 120
ta094 1024176 48002 1359 867 1022937 1156 109 120
ta094 1024249 48001 1393 883 1022965 1371 118 120
ta094 1024891 48010 1442 914 1023089 981 98 120
ta094 1024768 48004 1372 867 1022814 1102 105 120
ta094 1024418 48002 1387 916 1022661 1044 103 120
ta094 1024329 48002 1362 880 1022491 1135 108 120
ta094 1024380 48006 1412 885 1023080 1345 116 120
ta094 1024468 48009 1455 907 1022583 1332 114 120
ta095 1028922 48010 1180 873 1027403 1110 115 120
ta095 1029372 48002 1172 919 1027820 928 105 120
ta095 1029250 48004 1171 914 1027697 824 98 120
ta095 1028542 48001 1158 876 1026924 263 64 120
ta095 1029161 48001 1179 873 1027754 845 99 120
ta095 1029258 48002 1212 907 1027846 1139 115 120
ta095 1029121 48002 1140 750 1027379 431 75 120
ta095 1029271 48009 1156 842 1027751 1129 118 120
ta095 1029165 48004 1112 779 1027493 466 78 120
ta095 1029249 48004 1175 889 1027743 1134 117 120
ta096 999366 48007 1296 992 998068 932 100 120
ta096 999493 48008 1196 961 998119 647 87 120
ta096 999537 48009 1220 1014 998233 1140 115 120
ta096 999346 48003 1348 1019 998142 1109 106 120
ta096 999587 48001 1202 978 998395 1070 111 120
ta096 999607 48009 1280 1010 997977 1137 111 120
ta096 999526 48004 1271 1008 998055 958 102 120
ta096 999618 48008 1223 994 998171 1136 115 120
ta096 999516 48005 1277 996 998058 906 99 120
ta096 999575 48005 1245 962 998206 1014 106 120
ta097 1042583 48003 1563 1195 1041219 851 87 120
ta097 1042594 48004 1553 1229 1041290 1461 115 120
ta097 1042583 48007 1567 1197 1041296 1317 108 120
ta097 1042583 48001 1599 1235 1041332 1510 115 120
ta097 1042599 48000 1593 1170 1041227 1492 115 120
ta097 1042580 48000 1581 1210 1041397 531 72 120
ta097 1042583 48001 1567 1211 1041278 1427 113 120
ta097 1042583 48001 1555 1183 1041337 1546 119 120
ta097 1042583 48008 1570 1195 1041355 1103 98 120
ta097 1042583 48005 1578 1201 1041361 225 58 120
ta098 1035915 48001 1271 971 1034365 1145 112 120
ta098 1035915 48004 1185 899 1034441 1158 118 120
ta098 1035915 48008 1204 873 1034436 1073 112 120
ta098 1035915 48009 1170 886 1034384 1110 116 120
ta098 1035915 48003 1224 909 1034249 1008 106 120
ta098 1035915 48010 1216 931 1034415 1142 115 120
ta098 1035915 48002 1213 906 1034452 615 84 120
ta098 1035915 48008 1174 894 1034452 713 90 120
ta098 1035915 48006 1191 906 1034374 847 98 120
ta098 1035915 48006 1189 914 1034405 1146 117 120
ta099 1015610 48010 1261 1044 1014725 741 90 120
ta099 1015718 48009 1240 1043 1014807 1192 117 120
ta099 1015610 48006 1245 1002 1014810 379 69 120
ta099 1015610 48005 1256 1030 1014776 1251 119 120
ta099 1015610 48000 1253 1039 1014701 1191 116 120
ta099 1015610 48007 1237 1011 1014758 1216 118 120
ta099 1015578 48004 1268 1000 1014463 1147 113 120
ta099 1015651 48002 1254 1031 1014735 826 95 120
ta099 1015625 48002 1244 1032 1014773 759 92 120
ta099 1015649 48009 1244 962 1015038 1130 113 120
ta100 1021763 48005 1448 1053 1020569 643 80 120
ta100 1021731 48007 1378 990 1020597 1019 100 120
ta100 1021723 48010 1433 1025 1020610 724 84 120
ta100 1021698 48006 1470 1098 1020639 981 96 120
ta100 1021707 48009 1478 1093 1020541 944 94 120
ta100 1021689 48003 1445 1032 1020583 711 83 120
ta100 1021739 48007 1466 1067 1020608 304 63 120
ta100 1021659 48008 1424 1012 1020406 1000 98 120
ta100 1021699 48003 1456 1069 1020531 1319 113 120
ta100 1021699 48006 1433 1004 1020529 1332 114 120
ta101 1226744 96009 574 292 1220295 546 233 240
ta101 1226428 96009 531 277 1218483 524 238 240
ta101 1226992 96012 569 331 1221184 505 224 240
ta101 1226092 96002 518 266 1218979 480 230 240
ta101 1226516 96005 568 367 1216896 542 233 240
ta101 1227179 96001 538 287 1217470 524 237 240
ta101 1228145 96005 527 322 1219127 495 232 240
ta101 1226234 96015 534 292 1217933 530 239 240
ta101 1227475 96002 568 303 1218164 550 235 240
ta101 1229120 96014 569 345 1219799 547 234 240
ta102 1233988 96002 493 307 1229007 367 202 240
ta102 1233471 96014 446 276 1228394 425 232 240
ta102 1233369 96005 512 343 1228041 507 239 240
ta102 1233879 96016 507 335 1228511 478 232 240
ta102 1233478 96018 509 332 1227634 500 237 240
ta102 1233456 96003 506 331 1228129 445 224 240
ta102 1233447 96002 509 348 1228033 484 234 240
ta102 1233879 96008 518 355 1230307 455 223 240
ta102 1233937 96002 522 389 1228194 453 221 240
ta102 1233299 96017 511 346 1227897 415 214 240
ta103 1255066 96018 541 365 1249448 493 227 240
ta103 1255096 96009 616 400 1250351 443 199 240
ta103 1255472 96003 644 446 1250182 627 236 240
ta103 1255506 96009 587 363 1249307 496 217 240
ta103 1255255 96006 580 367 1249312 469 213 240
ta103 1255543 96010 575 366 1250161 544 232 240
ta103 1255022 96002 595 349 1249919 589 239 240
ta103 1254780 96014 572 362 1248763 564 237 240
ta103 1255543 96014 598 364 1250206 468 209 240
ta103 1255756 96012 608 381 1249902 582 235 240
ta104 1227597 96005 516 378 1223060 481 229 240
ta104 1227459 96007 548 429 1222971 508 229 240
ta104 1227581 96007 573 429 1222928 512 225 240
ta104 1227422 96007 538 408 1222670 467 219 240
ta104 1227602 96010 551 400 1222874 440 212 240
ta104 1227374 96002 549 398 1222687 451 215 240
ta104 1227451 96007 546 406 1223086 491 225 240
ta104 1227422 96005 559 413 1222877 535 233 240
ta104 1227581 96006 545 346 1222769 527 235 240
ta104 1227485 96004 528 372 1223359 464 223 240
ta105 1216997 96007 605 390 1210600 550 228 240
ta105 1217786 96015 601 339 1211770 544 227 240
ta105 1217041 96006 602 371 1210041 448 205 240
ta105 1217544 96002 632 410 1211008 619 236 240
ta105 1216972 96007 525 314 1210018 469 225 240
ta105 1217102 96009 559 335 1210233 551 238 240
ta105 1217400 96010 626 401 1210901 572 228 240
ta105 1217030 96004 633 375 1210283 598 233 240
ta105 1217529 96015 587 387 1210646 559 233 240
ta105 1217173 96001 587 365 1210366 527 224 240
ta106 1219882 96006 621 396 1214925 541 222 240
ta106 1219967 96000 617 385 1215209 359 181 240
ta106 1219996 96004 600 344 1214419 544 226 240
ta106 1219859 96014 624 380 1214968 537 219 240
ta106 1219896 96003 600 383 1215237 560 231 240
ta106 1219965 96014 609 370 1214824 455 202 240
ta106 1219870 96004 627 384 1215278 515 216 240
ta106 1219974 96007 592 328 1214836 539 227 240
ta106 1219941 96011 619 405 1215453 530 220 240
ta106 1219901 96016 601 351 1215100 453 206 240
ta107 1237358 96003 533 334 1232358 480 227 240
ta107 1237358 96003 535 345 1232500 514 234 240
ta107 1237358 96003 531 367 1232435 411 206 240
ta107 1237358 96002 539 342 1232184 523 236 240
ta107 1237358 96003 516 359 1232595 514 239 240
ta107 1237358 96004 530 345 1232237 468 225 240
ta107 1237358 96013 516 375 1232196 500 235 240
ta107 1237358 96003 501 328 1232470 498 239 240
ta107 1237358 96009 535 370 1232563 523 235 240
ta107 1237358 96008 521 343 1232422 400 207 240
ta108 1233847 96013 595 381 1229132 589 238 240
ta108 1233446 96005 588 362 1228541 547 230 240
ta108 1233541 96017 621 408 1228691 615 238 240
ta108 1233628 96001 570 368 1228934 547 234 240
ta108 1233476 96008 589 339 1229265 587 239 240
ta108 1233727 96005 566 330 1229054 484 219 240
ta108 1233820 96008 587 323 1228409 562 234 240
ta108 1234067 96008 587 355 1229372 576 237 240
ta108 1233786 96012 538 300 1228854 526 236 240
ta108 1233538 96008 605 389 1228746 578 234 240
ta109 1222659 96001 580 335 1215653 490 217 240
ta109 1222659 96004 562 335 1215929 556 238 240
ta109 1222659 96009 568 355 1215854 567 240 240
ta109 1222659 96002 584 377 1216084 495 218 240
ta109 1222416 96006 554 362 1215791 519 232 240
ta109 1222659 96009 570 370 1215548 555 235 240
ta109 1222659 96005 568 354 1215756 543 234 240
ta109 1222659 96013 538 311 1215534 528 238 240
ta109 1222659 96011 576 379 1215968 514 225 240
ta109 1222659 96017 576 354 1215090 572 239 240
ta110 1235484 96011 516 355 1231297 512 238 240
ta110 1235369 96014 544 369 1231347 541 239 240
ta110 1235440 96010 500 310 1231414 410 214 240
ta110 1235440 96014 507 326 1231455 338 190 240
ta110 1235440 96001 525 367 1231840 517 238 240
ta110 1235369 96005 543 343 1231030 528 235 240
ta110 1235369 96010 515 296 1231422 382 202 240
ta110 1235369 96000 561 370 1231333 557 239 240
ta110 1235382 96012 505 344 1230993 493 237 240
ta110 1235369 96008 521 333 1231575 434 219 240
ta111 6562803 240016 222 189 6555265 215 590 600
ta111 6562803 240024 217 181 6555350 204 581 600
ta111 6562803 240061 211 164 6555587 183 558 600
ta111 6562803 240082 217 177 6555467 210 591 600
ta111 6562803 240182 227 183 6555654 221 593 600
ta111 6562803 240127 224 195 6555612 176 525 600
ta111 6562803 240071 216 177 6555663 163 525 600
ta111 6562803 240036 220 173 6555640 196 565 600
ta111 6562803 240136 215 174 6555574 206 588 600
ta111 6562803 240201 216 172 6555216 112 447 600
ta112 6679623 240085 246 194 6670629 196 530 600
ta112 6678885 240070 236 179 6668588 200 555 600
ta112 6679822 240219 205 147 6671600 152 510 600
ta112 6678970 240143 227 164 6670445 199 559 600
ta112 6679587 240019 221 169 6670578 202 576 600
ta112 6678746 240145 247 188 6669730 202 538 600
ta112 6679253 240195 227 178 6669522 224 597 600
ta112 6679060 240082 236 175 6669791 223 577 600
ta112 6679124 240141 258 196 6670062 235 570 600
ta112 6678417 240140 246 191 6669539 227 574 600
ta113 6632778 240110 209 162 6625138 171 532 600
ta113 6632778 240200 201 153 6625113 180 562 600
ta113 6632778 240181 211 162 6625136 180 555 600
ta113 6632778 240100 211 170 6625267 202 588 600
ta113 6632778 240123 223 198 6626046 183 541 600
ta113 6632778 240014 211 166 6624879 191 571 600
ta113 6632778 240108 214 182 6624885 78 394 601
ta113 6632778 240039 211 161 6625148 199 587 600
ta113 6632778 240197 204 157 6624860 169 539 600
ta113 6632778 240198 213 161 6625133 163 522 600
ta114 6634038 240174 219 179 6623156 181 548 600
ta114 6633840 240092 213 159 6622804 176 544 600
ta114 6633912 240104 220 168 6623224 146 499 600
ta114 6633547 240124 205 153 6623094 178 557 600
ta114 6634243 240129 211 164 6623636 203 591 600
ta114 6634031 240153 212 168 6623252 152 509 600
ta114 6633891 240124 213 159 6623004 189 567 600
ta114 6633965 240065 213 164 6623594 193 571 600
ta114 6633994 240035 211 162 6623441 197 581 600
ta114 6634046 240145 207 161 6623271 171 542 600
ta115 6613106 240120 222 161 6600001 198 565 600
ta115 6612739 240171 211 131 6600132 205 586 600
ta115 6612639 240114 217 162 6599864 197 576 600
ta115 6612167 240156 197 128 6599970 192 595 600
ta115 6611158 240178 206 141 6599007 163 529 600
ta115 6612987 240116 228 170 6599602 177 535 600
ta115 6612997 240130 209 159 6600424 203 594 600
ta115 6612631 240044 211 146 6599835 208 598 600
ta115 6613136 240074 232 160 6600705 214 580 600
ta115 6612275 240068 237 172 6599963 205 565 600
ta116 6606185 240117 260 215 6599981 126 431 600
ta116 6606107 240137 290 253 6600080 288 599 600
ta116 6606107 240205 268 228 6599662 250 579 600
ta116 6606107 240197 273 234 6599646 270 598 600
ta116 6606173 240000 274 242 6599813 236 555 600
ta116 6606189 240109 285 244 6599936 233 542 600
ta116 6606107 240091 281 235 6599775 247 562 600
ta116 6606136 240069 279 240 6599709 277 599 600
ta116 6606189 240179 276 236 6599756 271 590 600
ta116 6606197 240086 268 230 6599696 239 566 600
ta117 6576737 240048 199 156 6565471 195 594 600
ta117 6576737 240008 188 148 6565628 172 572 600
ta117 6576737 240040 198 153 6574136 186 584 600
ta117 6576737 240157 195 159 6565730 191 596 600
ta117 6576734 240000 200 151 6565613 181 573 600
ta117 6576737 240173 198 154 6565825 196 599 600
ta117 6576737 240174 203 159 6565535 125 471 601
ta117 6576737 240189 196 149 6565516 178 571 601
ta117 6576737 240044 208 174 6565660 193 578 600
ta117 6576737 240086 208 175 6565792 197 585 600
ta118 6629449 240071 222 166 6619830 197 565 600
ta118 6629449 240182 216 152 6619854 214 598 600
ta118 6629449 240161 225 170 6619513 198 564 600
ta118 6629449 240172 212 160 6619599 207 595 600
ta118 6629387 240099 230 180 6619963 125 450 600
ta118 6629449 240181 225 153 6619810 223 599 600
ta118 6629449 240153 223 169 6619368 201 568 600
ta118 6629449 240048 214 147 6619649 178 536 600
ta118 6629449 240016 220 155 6619607 143 474 600
ta118 6629449 240032 232 178 6619924 192 545 600
ta119 6569309 240019 219 157 6560470 180 539 600
ta119 6569309 240059 214 161 6560762 189 563 600
ta119 6569309 240050 204 163 6560700 159 523 600
ta119 6569309 240036 218 166 6560725 172 536 600
ta119 6569309 240129 214 160 6560378 205 588 600
ta119 6569309 240161 223 169 6560704 218 594 600
ta119 6569309 240052 215 165 6560739 187 562 600
ta119 6569309 240173 207 139 6560555 200 592 601
ta119 6569309 240114 216 166 6560736 134 475 600
ta119 6569309 240016 221 171 6560682 183 546 601
ta120 6616731 240056 224 179 6607020 203 568 600
ta120 6617979 240155 206 171 6606936 201 594 600
ta120 6617556 240133 219 185 6606528 213 593 600
ta120 6617865 240032 228 185 6608277 199 558 600
ta120 6617730 240136 208 156 6607975 177 558 600
ta120 6617654 240182 229 186 6608005 187 537 600
ta120 6617363 240015 230 194 6607703 227 598 600
ta120 6617099 240022 219 179 6607303 200 571 600
ta120 6617722 240087 217 159 6607637 200 575 600
ta120 6617532 240059 221 174 6606410 203 575 600
