# Hostname: ocasrv. Config used: --obj f --timefactor 60 --verbose --verbose_np --npf 0.6 --dv01 3 --dv04 4 --dv07 1 --dv08 1 --dv09 1 --dv11 2 --dv12 0 --dv15 2 --dv16 0 --dv17 4 --dv18 2 --iga --np --dc 7 --rrtd 200 --dc_np 4 --n_ls_np 4 --rrtd_np 70 --alternate_np 3
ta001 14033 3000 10167 4889 13962 6060 4 6
ta001 14033 3000 10169 5542 13962 3452 4 6
ta001 14033 3000 10242 4891 13962 1760 3 6
ta001 14033 3000 10239 4971 13962 1735 3 6
ta001 14033 3000 10293 5421 13962 1773 3 6
ta001 14033 3000 10166 5541 13962 2130 3 6
ta001 14033 3000 10186 5414 13962 3550 4 6
ta001 14033 3000 10150 5177 13990 2164 3 6
ta001 14033 3000 10227 5295 13962 1261 3 6
ta001 14033 3000 10163 5151 13990 1627 3 6
ta002 15151 3000 11489 4725 15103 4813 4 6
ta002 15151 3000 11544 4593 15103 7501 4 6
ta002 15151 3000 11229 4499 15069 8948 5 6
ta002 15151 3000 11256 4601 15093 6224 4 6
ta002 15151 3000 11113 4782 15078 11055 5 6
ta002 15151 3000 11459 4889 15109 11274 5 6
ta002 15151 3000 11366 4697 15103 465 3 6
ta002 15151 3000 11246 4780 15078 7248 4 6
ta002 15151 3000 10810 4234 15078 322 3 6
ta002 15151 3000 11459 4638 15093 10516 5 6
ta003 13301 3000 9251 4301 12956 1809 3 6
ta003 13301 3000 9262 4164 12956 3549 4 6
ta003 13301 3000 9267 4121 13000 1492 3 6
ta003 13301 3000 9143 4168 12956 844 3 6
ta003 13301 3000 9170 4165 12956 1553 3 6
ta003 13301 3000 9204 4188 12956 1343 3 6
ta003 13301 3000 9254 3964 12956 614 3 6
ta003 13301 3000 9322 4036 12956 1594 3 6
ta003 13301 3000 9067 4027 12956 2634 3 6
ta003 13301 3000 9286 3911 12956 1541 3 6
ta004 15447 3000 10491 5494 15391 4318 4 6
ta004 15447 3000 10489 5975 15391 429 3 6
ta004 15447 3000 10327 5534 15391 1510 3 6
ta004 15447 3000 9957 5550 15374 1755 3 6
ta004 15447 3000 10575 5768 15391 320 3 6
ta004 15447 3000 10529 5936 15391 574 3 6
ta004 15447 3000 10371 5907 15391 1862 3 6
ta004 15447 3000 10366 5852 15391 654 3 6
ta004 15447 3000 10523 5945 15391 269 3 6
ta004 15447 3000 10486 5867 15391 495 3 6
ta005 13529 3000 10230 6999 13472 68 3 6
ta005 13529 3000 10411 7211 13472 45 3 6
ta005 13529 3000 10376 7088 13472 80 3 6
ta005 13529 3000 10124 7151 13472 177 3 6
ta005 13529 3000 10283 7025 13472 1688 3 6
ta005 13529 3000 10140 7145 13472 81 3 6
ta005 13529 3000 10371 7151 13472 390 3 6
ta005 13529 3000 10271 7203 13472 13 3 6
ta005 13529 3000 10404 7256 13472 144 3 6
ta005 13529 3000 10329 7313 13472 78 3 6
ta006 13123 3000 10193 5499 13058 1850 3 6
ta006 13123 3000 10368 5527 13058 4271 4 6
ta006 13123 3000 10441 5678 13058 5952 4 6
ta006 13123 3000 10443 6028 13058 493 3 6
ta006 13123 3000 10334 5305 13058 3744 4 6
ta006 13123 3000 10446 5653 13058 358 3 6
ta006 13123 3000 10307 5238 13058 2498 3 6
ta006 13123 3000 10436 5925 13058 2204 3 6
ta006 13123 3000 10396 5844 13058 104 3 6
ta006 13123 3000 10527 6102 13058 1946 3 6
ta007 13548 3000 11218 5543 13479 203 3 6
ta007 13548 3000 11135 5412 13479 1112 3 6
ta007 13548 3000 11177 5400 13479 1003 3 6
ta007 13548 3000 10993 5110 13486 19 3 6
ta007 13548 3000 11227 5596 13479 241 3 6
ta007 13548 3000 10905 4829 13479 256 3 6
ta007 13548 3000 11185 5446 13479 17 3 6
ta007 13548 3000 11113 5670 13479 27 3 6
ta007 13548 3000 11274 5787 13479 334 3 6
ta007 13548 3000 11274 5741 13479 155 3 6
ta008 13948 3000 10085 5814 13882 4325 4 6
ta008 13948 3000 10124 5915 13882 54 3 6
ta008 13948 3000 9885 6040 13882 33 3 6
ta008 13948 3000 10073 6199 13882 551 3 6
ta008 13948 3000 10067 5946 13882 81 3 6
ta008 13948 3000 10242 5558 13882 435 3 6
ta008 13948 3000 9880 5483 13882 720 3 6
ta008 13948 3000 9997 5867 13882 1128 3 6
ta008 13948 3000 9745 5984 13882 58 3 6
ta008 13948 3000 9759 5990 13882 257 3 6
ta009 14295 3000 10460 5392 14047 2556 3 6
ta009 14295 3000 10373 5617 14047 80 3 6
ta009 14295 3000 10528 5800 14047 325 3 6
ta009 14295 3000 10486 5749 14047 368 3 6
ta009 14295 3000 10523 5725 14047 920 3 6
ta009 14295 3000 10477 5678 14047 278 3 6
ta009 14295 3000 10155 5521 14047 505 3 6
ta009 14295 3000 10409 5464 14047 2430 3 6
ta009 14295 3000 10416 5709 14047 3380 3 6
ta009 14295 3000 10340 5685 14047 533 3 6
ta010 12943 3000 10025 5270 12904 4710 4 6
ta010 12943 3000 9812 5212 12904 3427 4 6
ta010 12943 3000 9806 5137 12904 2546 3 6
ta010 12943 3000 9883 5359 12904 1711 3 6
ta010 12943 3000 9765 5155 12904 1311 3 6
ta010 12943 3000 9892 5162 12894 6490 4 6
ta010 12943 3000 10017 5520 12904 2868 3 6
ta010 12943 3000 9995 5418 12904 2702 3 6
ta010 12943 3000 9788 5460 12904 7283 5 6
ta010 12943 3000 9850 5163 12894 4592 4 6
ta011 20911 5000 6998 2378 20428 572 5 12
ta011 20911 5000 7000 2040 20471 1699 6 12
ta011 20911 5000 6854 3489 20577 1899 6 12
ta011 20911 5000 6867 3706 20577 2893 7 12
ta011 20911 5000 6911 3657 20577 2295 7 12
ta011 20911 5000 6758 3129 20527 6494 11 12
ta011 20911 5000 6797 3432 20577 353 5 12
ta011 20911 5000 7035 3457 20496 5326 10 12
ta011 20911 5000 6851 3382 20577 1565 6 12
ta011 20911 5000 6877 3658 20577 820 5 12
ta012 22440 5000 6895 3766 22341 236 5 12
ta012 22440 5000 6801 3729 22341 357 5 12
ta012 22440 5000 6869 3737 22341 334 5 12
ta012 22440 5000 6881 3864 22341 254 5 12
ta012 22440 5000 6845 3702 22341 1118 6 12
ta012 22440 5000 6799 3710 22341 1041 6 12
ta012 22440 5000 6873 3803 22341 564 5 12
ta012 22440 5000 6769 3751 22341 1359 6 12
ta012 22440 5000 6847 3588 22341 505 5 12
ta012 22440 5000 6864 3766 22341 449 5 12
ta013 19833 5000 6995 4119 19493 1002 6 12
ta013 19833 5000 7002 4031 19493 120 5 12
ta013 19833 5000 6775 3823 19493 490 5 12
ta013 19833 5000 7032 4118 19493 73 5 12
ta013 19833 5000 6868 3956 19493 56 5 12
ta013 19833 5000 7016 4138 19493 214 5 12
ta013 19833 5000 6928 4012 19493 170 5 12
ta013 19833 5000 6992 4139 19493 194 5 12
ta013 19833 5000 6987 3983 19493 388 5 12
ta013 19833 5000 7028 3963 19493 283 5 12
ta014 18710 5000 6548 3104 18361 2912 8 12
ta014 18710 5000 6590 2940 18396 5317 10 12
ta014 18710 5000 6527 3478 18388 2286 7 12
ta014 18710 5000 6630 3071 18373 6561 11 12
ta014 18710 5000 6444 3118 18373 1529 6 12
ta014 18710 5000 6573 3005 18373 3458 8 12
ta014 18710 5000 6563 3190 18361 881 5 12
ta014 18710 5000 6518 3287 18373 2147 7 12
ta014 18710 5000 6578 2696 18348 2842 8 12
ta014 18710 5000 6561 2767 18416 3158 8 12
ta015 18641 5000 6732 3909 18240 2111 7 12
ta015 18641 5000 6690 3855 18240 1628 6 12
ta015 18641 5000 6711 3733 18240 150 5 12
ta015 18641 5000 6686 3952 18240 1330 6 12
ta015 18641 5000 6618 3590 18255 783 5 12
ta015 18641 5000 6525 3454 18240 1453 6 12
ta015 18641 5000 6778 3594 18208 5011 10 12
ta015 18641 5000 6511 2811 18274 4931 10 12
ta015 18641 5000 6563 3444 18240 1430 6 12
ta015 18641 5000 6730 3771 18240 2674 7 12
ta016 19245 5000 6393 3597 18581 1573 6 12
ta016 19245 5000 6404 3440 18576 3956 9 12
ta016 19245 5000 6363 3519 18623 610 5 12
ta016 19245 5000 6349 3609 18581 1260 6 12
ta016 19245 5000 6303 3781 18581 2620 7 12
ta016 19245 5000 6481 3332 18649 1387 6 12
ta016 19245 5000 6384 2989 18576 1035 6 12
ta016 19245 5000 6378 3316 18625 846 5 12
ta016 19245 5000 6458 3707 18576 4242 9 12
ta016 19245 5000 6348 3703 18581 1514 6 12
ta017 18363 5000 7249 3010 18042 577 5 12
ta017 18363 5000 7466 4021 18073 40 5 12
ta017 18363 5000 7693 4241 18073 204 5 12
ta017 18363 5000 7726 4119 18073 73 5 12
ta017 18363 5000 7616 4362 18051 282 5 12
ta017 18363 5000 7461 4191 18073 48 5 12
ta017 18363 5000 7608 3766 18042 4844 9 12
ta017 18363 5000 7648 3923 18073 179 5 12
ta017 18363 5000 7558 4180 18073 67 5 12
ta017 18363 5000 7443 3628 18042 3141 7 12
ta018 20241 5000 6492 2892 19830 2877 8 12
ta018 20241 5000 6700 3506 19856 1086 6 12
ta018 20241 5000 6616 3417 19864 4433 9 12
ta018 20241 5000 6475 2732 19830 2013 7 12
ta018 20241 5000 6442 2821 19830 3233 8 12
ta018 20241 5000 7037 3730 19977 6177 11 12
ta018 20241 5000 6424 2833 19830 2071 7 12
ta018 20241 5000 6432 2993 19873 1750 6 12
ta018 20241 5000 6435 3015 19851 4936 10 12
ta018 20241 5000 6534 3192 19936 1599 6 12
ta019 20330 5000 7747 4360 20106 76 5 12
ta019 20330 5000 7780 4355 20106 15 5 12
ta019 20330 5000 7739 4245 20106 16 5 12
ta019 20330 5000 7766 4460 20106 31 5 12
ta019 20330 5000 7777 4474 20106 29 5 12
ta019 20330 5000 7630 4284 20106 73 5 12
ta019 20330 5000 7702 4452 20106 190 5 12
ta019 20330 5000 7711 4448 20106 201 5 12
ta019 20330 5000 7737 4303 20106 51 5 12
ta019 20330 5000 7517 3976 20106 182 5 12
ta020 21320 5000 6799 4052 20955 457 5 12
ta020 21320 5000 6506 3889 20872 5348 10 12
ta020 21320 5000 6611 3824 20872 403 5 12
ta020 21320 5000 6710 3820 20872 391 5 12
ta020 21320 5000 6649 3977 20872 303 5 12
ta020 21320 5000 6712 3884 20872 253 5 12
ta020 21320 5000 6745 4025 20872 2543 7 12
ta020 21320 5000 6619 4073 20872 5267 10 12
ta020 21320 5000 6808 4001 20955 181 5 12
ta020 21320 5000 6692 4044 20872 365 5 12
ta021 33623 10000 4025 2101 33244 614 12 24
ta021 33623 10000 4011 1733 33243 333 11 24
ta021 33623 10000 3821 1180 33274 2116 17 24
ta021 33623 10000 4023 2110 33251 1853 16 24
ta021 33623 10000 4000 1936 33231 629 12 24
ta021 33623 10000 3913 1783 33150 1176 14 24
ta021 33623 10000 3843 1543 33298 2006 17 24
ta021 33623 10000 3983 1964 33278 3704 23 24
ta021 33623 10000 3890 1820 33150 308 11 24
ta021 33623 10000 3968 1481 33278 1193 14 24
ta022 31587 10000 3801 1025 30816 2909 20 24
ta022 31587 10000 3755 1223 30609 3648 23 24
ta022 31587 10000 3853 1294 30865 2920 20 24
ta022 31587 10000 3730 1119 30774 879 13 24
ta022 31587 10000 3762 937 30816 1657 16 24
ta022 31587 10000 3655 1152 30619 2613 19 24
ta022 31587 10000 3640 1227 30609 2825 20 24
ta022 31587 10000 3587 571 30713 3547 23 24
ta022 31587 10000 3604 942 30683 745 12 24
ta022 31587 10000 3633 528 30728 600 12 24
ta023 33920 10000 3684 1703 32980 553 12 24
ta023 33920 10000 3791 1854 33037 1297 14 24
ta023 33920 10000 3689 1942 33037 3522 23 24
ta023 33920 10000 3722 1793 32971 1638 16 24
ta023 33920 10000 3948 1945 32954 3669 22 24
ta023 33920 10000 3687 1643 32971 590 12 24
ta023 33920 10000 3684 1661 32980 2209 18 24
ta023 33920 10000 4029 2077 33174 1533 15 24
ta023 33920 10000 4023 2102 33174 2091 17 24
ta023 33920 10000 3817 1829 33036 451 11 24
ta024 31661 10000 3877 2118 30983 226 10 24
ta024 31661 10000 3703 1675 30996 853 13 24
ta024 31661 10000 3797 2135 30983 142 10 24
ta024 31661 10000 3804 1770 30996 745 12 24
ta024 31661 10000 3847 2178 30983 528 11 24
ta024 31661 10000 3859 2074 30983 77 10 24
ta024 31661 10000 3865 2127 30983 139 10 24
ta024 31661 10000 3828 2088 30983 193 10 24
ta024 31661 10000 3786 1957 30983 1745 16 24
ta024 31661 10000 3854 2147 30983 1580 15 24
ta025 34557 10000 3937 1607 34110 3318 21 24
ta025 34557 10000 3719 1268 33841 1801 16 24
ta025 34557 10000 3882 1404 34153 86 10 24
ta025 34557 10000 3857 1542 34037 2968 20 24
ta025 34557 10000 3850 1918 34111 110 10 24
ta025 34557 10000 3815 1546 33971 937 13 24
ta025 34557 10000 3795 1444 34048 1462 15 24
ta025 34557 10000 3885 1690 34090 267 10 24
ta025 34557 10000 3848 1363 34030 2418 18 24
ta025 34557 10000 3859 1313 34111 266 10 24
ta026 32564 10000 3743 1215 31769 1111 14 24
ta026 32564 10000 3851 1399 31787 1734 16 24
ta026 32564 10000 3958 1344 31827 1924 16 24
ta026 32564 10000 3957 1381 31827 2488 18 24
ta026 32564 10000 3982 1732 31774 3832 23 24
ta026 32564 10000 3971 1299 31827 60 10 24
ta026 32564 10000 3821 1609 31797 3385 22 24
ta026 32564 10000 3937 1281 31827 1131 14 24
ta026 32564 10000 3809 1267 31769 1220 14 24
ta026 32564 10000 4027 1635 31975 3117 20 24
ta027 32922 10000 3944 1583 32271 1259 14 24
ta027 32922 10000 3978 2482 32293 552 12 24
ta027 32922 10000 3898 1469 32244 2710 19 24
ta027 32922 10000 3944 2388 32293 607 12 24
ta027 32922 10000 3969 1667 32291 910 13 24
ta027 32922 10000 3863 1608 32367 3059 21 24
ta027 32922 10000 3890 1302 32526 157 10 24
ta027 32922 10000 3745 1618 32524 1338 15 24
ta027 32922 10000 3814 1291 32238 3698 23 24
ta027 32922 10000 3749 1260 32310 2103 17 24
ta028 32412 10000 3900 1407 31819 3781 23 24
ta028 32412 10000 3876 2413 31763 698 12 24
ta028 32412 10000 3896 2357 31763 1497 15 24
ta028 32412 10000 3941 2063 32056 659 12 24
ta028 32412 10000 3807 1779 31812 2346 18 24
ta028 32412 10000 3841 952 31987 699 12 24
ta028 32412 10000 4003 2158 31764 1776 16 24
ta028 32412 10000 3931 2426 31763 1366 14 24
ta028 32412 10000 3858 2470 31763 898 13 24
ta028 32412 10000 3986 2247 32101 3613 22 24
ta029 33600 10000 3676 1231 32948 2765 20 24
ta029 33600 10000 3587 957 32782 1970 17 24
ta029 33600 10000 3613 1012 32893 2128 18 24
ta029 33600 10000 3750 1597 32921 2759 20 24
ta029 33600 10000 3650 2130 32840 3480 23 24
ta029 33600 10000 3657 1133 32843 1654 16 24
ta029 33600 10000 3540 1348 32744 1217 14 24
ta029 33600 10000 3656 1511 32853 233 10 24
ta029 33600 10000 3629 1473 32910 448 11 24
ta029 33600 10000 3624 1547 32853 3487 23 24
ta030 32262 10000 4096 1934 31653 268 10 24
ta030 32262 10000 4042 1950 31653 289 11 24
ta030 32262 10000 4078 1870 31653 202 10 24
ta030 32262 10000 3957 1752 31618 1239 14 24
ta030 32262 10000 3741 1963 31646 1015 13 24
ta030 32262 10000 4069 1909 31653 292 11 24
ta030 32262 10000 4061 1926 31653 229 10 24
ta030 32262 10000 4038 1908 31653 1073 13 24
ta030 32262 10000 4113 2011 31653 555 11 24
ta030 32262 10000 4042 1858 31653 473 11 24
ta031 64926 6000 6961 3433 64722 2783 9 15
ta031 64963 6000 6937 3478 64843 6359 14 15
ta031 64975 6000 6884 3513 64771 3655 10 15
ta031 64910 6000 6941 3455 64846 385 6 15
ta031 64979 6000 7046 3337 64715 2228 8 15
ta031 64865 6000 6923 3565 64802 2336 8 15
ta031 64875 6000 6898 3152 64780 184 6 15
ta031 64921 6000 6832 3466 64813 2303 9 15
ta031 64936 6000 6956 3501 64761 1475 7 15
ta031 64960 6000 7023 3392 64878 4758 12 15
ta032 68133 6000 7864 4563 68058 3351 9 15
ta032 68180 6000 7919 4618 68052 3053 9 15
ta032 68169 6000 7752 4105 68114 1923 8 15
ta032 68166 6000 7858 4414 67977 1279 7 15
ta032 68088 6000 7628 4494 68020 1405 7 15
ta032 68167 6000 7809 4321 68078 3716 10 15
ta032 68177 6000 7809 4402 68054 3310 9 15
ta032 68180 6000 7823 4209 68059 7438 14 15
ta032 68168 6000 7790 4224 68118 6888 13 15
ta032 68180 6000 7735 4292 68064 1382 7 15
ta033 63294 6000 7264 3871 63139 332 6 15
ta033 63294 6000 7269 3949 63147 541 6 15
ta033 63330 6000 7217 4118 63279 4442 11 15
ta033 63298 6000 7342 4119 63156 6546 14 15
ta033 63294 6000 7337 3985 63104 7335 14 15
ta033 63314 6000 7228 4002 63166 6737 14 15
ta033 63342 6000 7348 4005 63052 6267 13 15
ta033 63331 6000 7441 4172 63049 681 6 15
ta033 63350 6000 7190 3935 63164 4236 11 15
ta033 63286 6000 7307 3928 63157 7156 14 15
ta034 68522 6000 7147 4181 68427 2299 8 15
ta034 68487 6000 7448 4261 68425 443 6 15
ta034 68459 6000 7134 4211 68347 3384 10 15
ta034 68463 6000 7158 4270 68366 296 6 15
ta034 68543 6000 7238 4535 68377 6896 14 15
ta034 68416 6000 7280 4129 68376 5681 13 15
ta034 68450 6000 7266 4317 68367 1163 7 15
ta034 68451 6000 7216 4279 68354 2693 9 15
ta034 68465 6000 7224 4323 68353 1413 7 15
ta034 68469 6000 7242 4182 68420 639 6 15
ta035 69412 6000 6813 3316 69194 4157 11 15
ta035 69483 6000 6759 3185 69269 5567 13 15
ta035 69429 6000 6667 3212 69330 2157 8 15
ta035 69502 6000 6628 3075 69330 137 6 15
ta035 69423 6000 6830 3337 69223 4478 11 15
ta035 69472 6000 6689 3365 69336 3740 11 15
ta035 69495 6000 6714 3396 69322 5498 13 15
ta035 69509 6000 6718 3214 69380 3882 11 15
ta035 69412 6000 6822 3354 69194 5713 13 15
ta035 69423 6000 6716 3219 69254 6661 14 15
ta036 67010 6000 7060 3635 66975 137 6 15
ta036 67004 6000 7085 3910 66892 6776 14 15
ta036 66998 6000 7204 3989 66884 6567 14 15
ta036 67014 6000 7163 4041 66838 3694 10 15
ta036 67014 6000 6995 3806 66933 2023 8 15
ta036 67014 6000 7140 3872 66958 1872 8 15
ta036 67014 6000 7125 3755 66975 1793 8 15
ta036 66981 6000 7019 3755 66935 358 6 15
ta036 67014 6000 7083 3893 66867 4206 11 15
ta036 67014 6000 7082 3685 66958 281 6 15
ta037 66323 6000 6871 3291 66118 5915 13 15
ta037 66340 6000 7291 3420 66217 507 6 15
ta037 66309 6000 6876 3452 66090 6458 14 15
ta037 66344 6000 6933 3590 66050 5953 13 15
ta037 66296 6000 7111 3872 66087 5456 12 15
ta037 66348 6000 6850 3269 66243 5341 13 15
ta037 66328 6000 6767 3295 66141 6345 14 15
ta037 66296 6000 6727 3161 66229 1871 8 15
ta037 66361 6000 7306 3538 66098 5914 13 15
ta037 66397 6000 6971 3426 66176 4436 11 15
ta038 64399 6000 7372 4338 64265 763 6 15
ta038 64413 6000 7269 4300 64250 4949 12 15
ta038 64450 6000 7214 4124 64297 6448 14 15
ta038 64400 6000 7179 4070 64296 3725 10 15
ta038 64423 6000 7107 3986 64370 2436 9 15
ta038 64371 6000 7245 4306 64371 0 6 15
ta038 64406 6000 7267 4318 64273 5928 13 15
ta038 64413 6000 7134 4096 64335 2004 8 15
ta038 64457 6000 7157 4138 64315 5074 12 15
ta038 64388 6000 7399 4212 64337 1466 7 15
ta039 63102 6000 7189 4240 63010 1043 7 15
ta039 63114 6000 7134 4407 63022 281 6 15
ta039 63174 6000 6946 4026 63052 3434 10 15
ta039 63160 6000 7172 4247 63064 5651 13 15
ta039 63112 6000 7142 4503 63001 6093 13 15
ta039 63036 6000 7113 4263 62902 7006 14 15
ta039 63110 6000 7168 4541 63016 5039 12 15
ta039 63196 6000 7128 4404 63002 54 6 15
ta039 63106 6000 7042 4498 62977 3503 10 15
ta039 63080 6000 7000 4113 62884 2619 9 15
ta040 68995 6000 7362 3567 68701 7119 14 15
ta040 68966 6000 7338 3397 68761 5229 12 15
ta040 68968 6000 7472 3367 68816 1272 7 15
ta040 69123 6000 7323 3414 68845 5059 12 15
ta040 68949 6000 7340 3245 68770 1375 7 15
ta040 69004 6000 7369 3560 68818 5173 12 15
ta040 69053 6000 7427 3451 68751 4988 12 15
ta040 69029 6000 7506 3461 68751 996 7 15
ta040 69131 6000 7444 3592 68854 1290 7 15
ta040 69078 6000 7352 3579 68865 7036 14 15
ta041 87887 12000 3878 1787 87102 3042 26 30
ta041 87849 12000 3790 1827 87177 2656 24 30
ta041 87838 12000 4093 2442 87096 4064 29 30
ta041 87589 12000 3934 2088 86975 3093 26 30
ta041 87670 12000 3863 2000 86819 769 15 30
ta041 88123 12000 4220 2289 87729 3519 27 30
ta041 88043 12000 4082 2292 87242 2131 21 30
ta041 87953 12000 4098 2249 87442 339 13 30
ta041 87638 12000 3920 2049 87139 3754 29 30
ta041 87721 12000 3919 2050 87230 1570 19 30
ta042 83514 12000 3911 2278 83306 3791 29 30
ta042 83832 12000 3776 1767 83125 1912 21 30
ta042 83784 12000 3865 1997 83197 3390 27 30
ta042 83922 12000 4004 2072 83274 3428 27 30
ta042 83735 12000 3944 2248 83233 602 14 30
ta042 83251 12000 3820 2344 82803 1237 17 30
ta042 83534 12000 3939 2034 82969 3508 28 30
ta042 83826 12000 3858 1884 83097 2133 21 30
ta042 83742 12000 3906 2218 83252 3891 29 30
ta042 83413 12000 4178 2381 83155 4038 29 30
ta043 80648 12000 3946 2132 80279 3594 28 30
ta043 80648 12000 3919 1994 80255 2538 23 30
ta043 80648 12000 3936 2095 80264 626 14 30
ta043 80648 12000 3901 2184 80299 2164 22 30
ta043 80648 12000 3939 2205 80299 2949 25 30
ta043 80648 12000 3963 2314 80364 975 16 30
ta043 80648 12000 3906 2086 80232 2532 23 30
ta043 80648 12000 3954 2320 80313 2929 25 30
ta043 80648 12000 3850 2105 80211 3258 27 30
ta043 80648 12000 3929 2054 80313 1438 18 30
ta044 86683 12000 3879 2468 86441 3460 28 30
ta044 86942 12000 3741 2285 86529 629 15 30
ta044 86927 12000 3765 2211 86397 2179 22 30
ta044 87075 12000 4053 2497 86959 1162 17 30
ta044 86918 12000 3609 2095 86600 3506 29 30
ta044 87037 12000 3952 2422 86856 3224 26 30
ta044 86916 12000 3705 2136 86515 3291 28 30
ta044 86856 12000 4062 2572 86661 1913 20 30
ta044 87064 12000 4024 2640 86887 685 15 30
ta044 86845 12000 3844 2308 86424 3124 26 30
ta045 86856 12000 4161 2615 86281 3827 28 30
ta045 86838 12000 3906 1958 85862 3258 26 30
ta045 86689 12000 4058 2323 85814 667 14 30
ta045 86766 12000 3842 2053 85989 353 13 30
ta045 86792 12000 3961 1927 86344 2547 23 30
ta045 86869 12000 3951 2183 85468 3380 27 30
ta045 86851 12000 3891 2014 86168 3763 29 30
ta045 87101 12000 4082 2100 86555 3801 28 30
ta045 86918 12000 3953 2227 86449 3945 29 30
ta045 87172 12000 4009 2069 86621 584 14 30
ta046 87062 12000 3790 2390 86350 914 16 30
ta046 86866 12000 3872 2497 86401 3504 28 30
ta046 86897 12000 3855 2201 86106 1850 20 30
ta046 86797 12000 4031 2286 86026 1175 17 30
ta046 86786 12000 3970 2536 86404 2030 21 30
ta046 86845 12000 3857 1952 86286 3352 27 30
ta046 86888 12000 3988 2421 86436 1979 20 30
ta046 87027 12000 3946 2122 86346 1139 17 30
ta046 86716 12000 3993 1963 86314 929 16 30
ta046 86844 12000 4058 2353 86375 719 15 30
ta047 89330 12000 3306 1874 88735 3213 29 30
ta047 89874 12000 3302 1604 88886 1979 22 30
ta047 89325 12000 3547 2101 88936 493 14 30
ta047 89159 12000 3430 1957 88614 1372 19 30
ta047 89670 12000 3345 1832 88735 1302 19 30
ta047 89136 12000 3301 1786 88615 2328 24 30
ta047 89697 12000 3308 1607 88604 2939 28 30
ta047 89431 12000 3414 1873 88731 779 16 30
ta047 89236 12000 3399 1969 88595 3143 28 30
ta047 89435 12000 3353 1584 88924 325 13 30
ta048 87359 12000 3774 2096 86784 2251 22 30
ta048 87274 12000 3811 2243 86768 3530 28 30
ta048 87303 12000 3862 2285 87011 3596 28 30
ta048 87281 12000 3816 2227 87014 3158 26 30
ta048 87274 12000 3767 2234 86943 2677 24 30
ta048 87364 12000 3746 2303 87050 3313 27 30
ta048 87288 12000 3813 2201 86839 3361 27 30
ta048 87309 12000 3739 2272 87051 1348 18 30
ta048 87315 12000 3858 2377 87015 1455 18 30
ta048 87384 12000 3736 2054 86945 2291 23 30
ta049 85822 12000 3582 2146 85584 37 12 30
ta049 85822 12000 3635 2110 85553 836 16 30
ta049 85822 12000 3595 2145 85576 1170 17 30
ta049 85772 12000 3600 2043 85494 3548 29 30
ta049 85822 12000 3654 2104 85548 437 14 30
ta049 85822 12000 3646 2179 85560 2024 21 30
ta049 85822 12000 3586 2006 85582 642 15 30
ta049 85822 12000 3642 2197 85553 303 13 30
ta049 85882 12000 3723 2216 85513 2714 25 30
ta049 85617 12000 3698 2611 85360 3024 26 30
ta050 88241 12000 3341 1736 87835 776 16 30
ta050 88399 12000 3331 1548 87933 1172 18 30
ta050 88241 12000 3340 1795 87853 1950 22 30
ta050 88350 12000 3425 2033 87897 2507 25 30
ta050 87998 12000 3368 1721 87550 3011 28 30
ta050 87998 12000 3373 1880 87389 3250 29 30
ta050 88333 12000 3376 1833 87890 2539 25 30
ta050 88327 12000 3410 1737 87911 612 15 30
ta050 87998 12000 3358 1816 87403 3335 29 30
ta050 88337 12000 3333 1859 87857 2705 26 30
ta051 125998 24000 2268 1354 124732 377 30 60
ta051 126133 24000 2080 1180 124879 2073 59 60
ta051 126133 24000 2074 1268 124878 2001 58 60
ta051 126133 24000 2097 1141 124867 1428 48 60
ta051 126133 24000 2100 1379 124937 2007 58 60
ta051 126133 24000 2187 1464 124972 1877 54 60
ta051 126133 24000 2239 1409 125006 1407 47 60
ta051 126133 24000 2059 1324 124635 2057 59 60
ta051 126133 24000 2258 1521 125345 1325 44 60
ta051 126133 24000 2094 1430 124940 2041 59 60
ta052 120117 24000 2040 1016 118798 1340 47 60
ta052 120101 24000 2207 1016 118775 1680 51 60
ta052 120102 24000 2162 1227 118882 660 35 60
ta052 120093 24000 2183 890 119127 606 33 60
ta052 120105 24000 2156 1122 118561 1897 55 60
ta052 120063 24000 2236 1264 119262 1272 44 60
ta052 120264 24000 2108 830 119226 1660 52 60
ta052 120192 24000 2107 712 118134 1104 42 60
ta052 120093 24000 2111 1106 119063 798 38 60
ta052 120061 24000 2084 961 118312 1950 57 60
ta053 117169 24000 2131 1223 116116 910 39 60
ta053 117334 24000 2046 922 116063 228 27 60
ta053 117356 24000 2128 1090 116098 1832 54 60
ta053 117252 24000 2173 1207 116283 1882 55 60
ta053 117320 24000 2025 896 115796 670 35 60
ta053 117169 24000 2162 1049 116153 1731 52 60
ta053 117410 24000 2057 913 116057 2051 59 60
ta053 117309 24000 2064 1044 116386 1893 57 60
ta053 117293 24000 2066 972 116083 1511 50 60
ta053 117188 24000 2098 1186 115967 2072 59 60
ta054 121391 24000 2007 969 120206 1187 45 60
ta054 121264 24000 2015 1043 120085 1796 56 60
ta054 121209 24000 2007 933 120101 1898 58 60
ta054 121391 24000 2055 990 120347 143 26 60
ta054 121391 24000 2012 1049 120031 1671 53 60
ta054 121306 24000 2044 983 120056 1954 58 60
ta054 121377 24000 2056 916 120225 1748 54 60
ta054 121352 24000 2046 1117 120116 496 32 60
ta054 121252 24000 2060 1048 120100 825 38 60
ta054 121264 24000 2018 1002 120126 1039 42 60
ta055 119074 24000 2067 988 117479 1437 49 60
ta055 118950 24000 1877 567 117131 1360 50 60
ta055 119159 24000 2041 912 117422 1939 58 60
ta055 118788 24000 2151 970 117783 375 30 60
ta055 119183 24000 2121 1074 117167 1600 50 60
ta055 119128 24000 2016 887 117233 1453 49 60
ta055 118819 24000 2053 969 117313 1051 42 60
ta055 118918 24000 2010 913 117288 975 41 60
ta055 118803 24000 2011 951 117498 1685 54 60
ta055 119099 24000 2040 860 117127 1000 41 60
ta056 121327 24000 2059 1042 120304 1614 52 60
ta056 121265 24000 2172 880 120207 1270 45 60
ta056 121060 24000 2127 1130 120114 1819 54 60
ta056 121099 24000 2002 1015 119505 1776 55 60
ta056 121212 24000 2119 1157 120513 1862 55 60
ta056 121296 24000 2014 814 119976 1005 41 60
ta056 121254 24000 2099 1146 120010 1711 53 60
ta056 121089 24000 2058 1194 120144 1389 48 60
ta056 121113 24000 2019 1003 119815 1597 52 60
ta056 121268 24000 2152 1187 120161 2126 59 60
ta057 123375 24000 2054 1021 122329 661 35 60
ta057 123801 24000 2099 759 122457 1764 54 60
ta057 123589 24000 2125 890 122975 1228 44 60
ta057 123673 24000 2182 1301 122927 2075 58 60
ta057 123558 24000 2151 1084 122568 746 36 60
ta057 123256 24000 2139 1189 122432 1442 48 60
ta057 123355 24000 2218 1146 122512 295 29 60
ta057 123276 24000 2238 1211 122633 1811 53 60
ta057 123256 24000 2155 1126 122459 1827 54 60
ta057 123615 24000 2176 899 122542 1909 55 60
ta058 122965 24000 1913 932 120576 1895 59 60
ta058 123246 24000 2009 961 121047 1344 48 60
ta058 122820 24000 2048 906 120486 1228 45 60
ta058 123222 24000 2033 805 121108 1940 58 60
ta058 123295 24000 2077 1051 121337 2031 59 60
ta058 123113 24000 2019 853 121517 1261 46 60
ta058 123214 24000 2091 1154 121140 658 35 60
ta058 123134 24000 1973 863 121086 936 41 60
ta058 122926 24000 1939 824 120382 1518 52 60
ta058 123274 24000 2032 834 121009 1231 45 60
ta059 122206 24000 2060 1013 121203 1795 55 60
ta059 122221 24000 2133 1116 121242 1401 47 60
ta059 122226 24000 2100 1085 121328 1253 45 60
ta059 122221 24000 2022 1038 121575 1196 45 60
ta059 122106 24000 2059 1068 121195 1967 58 60
ta059 122253 24000 2051 1203 121284 1993 59 60
ta059 122246 24000 2180 1123 121257 1384 46 60
ta059 122123 24000 2172 1078 121257 2110 58 60
ta059 122221 24000 2159 1187 121436 1522 49 60
ta059 122206 24000 2107 1228 121494 1118 43 60
ta060 124797 24000 2063 1002 123741 1347 47 60
ta060 124857 24000 2073 917 123733 311 29 60
ta060 124825 24000 2039 892 123735 1154 44 60
ta060 124738 24000 2088 859 123304 1055 42 60
ta060 124670 24000 2005 794 123332 1926 58 60
ta060 124940 24000 1965 882 123346 1837 57 60
ta060 125129 24000 2027 952 123680 1961 58 60
ta060 125129 24000 2007 983 123781 1332 47 60
ta060 124692 24000 2080 864 123892 524 33 60
ta060 124683 24000 2014 1049 123219 1588 52 60
ta061 253202 12000 4169 2647 252979 99 12 30
ta061 253202 12000 4255 2717 252979 389 13 30
ta061 253202 12001 4227 2663 252979 8 12 30
ta061 253202 12000 4219 2674 252979 57 12 30
ta061 253202 12001 4196 2616 252979 93 12 30
ta061 253202 12001 4225 2639 252979 87 12 30
ta061 253202 12000 4229 2672 252979 546 14 30
ta061 253202 12000 4223 2450 253131 14 12 30
ta061 253202 12000 4204 2783 252979 79 12 30
ta061 253202 12000 4233 2633 252979 12 12 30
ta062 242050 12001 5232 3307 241852 394 13 30
ta062 241965 12001 5016 3056 241883 5012 29 30
ta062 242003 12001 5010 3056 241928 1846 18 30
ta062 241985 12001 4801 2924 241866 4304 28 30
ta062 241981 12001 5026 3203 241861 2762 21 30
ta062 242092 12000 4728 2938 241988 463 13 30
ta062 242028 12000 4985 3105 241919 264 12 30
ta062 242055 12000 5131 3213 241934 4015 26 30
ta062 242013 12001 5181 3163 241885 4168 26 30
ta062 242040 12000 5188 3162 241892 4893 29 30
ta063 237886 12000 4732 3152 237848 0 12 30
ta063 237886 12000 4727 3036 237848 2 12 30
ta063 237886 12001 4721 3106 237848 0 12 30
ta063 237886 12001 4727 3108 237848 1 12 30
ta063 237886 12000 4693 3075 237848 18 12 30
ta063 237886 12000 4720 3081 237848 26 12 30
ta063 237886 12000 4773 3186 237848 0 12 30
ta063 237886 12000 4746 3165 237848 0 12 30
ta063 237886 12000 4742 3157 237848 0 12 30
ta063 237886 12000 4754 3127 237848 0 12 30
ta064 227719 12000 4321 2594 227563 2613 22 30
ta064 227733 12001 4401 2852 227480 1187 16 30
ta064 227620 12001 4307 2696 227461 1878 19 30
ta064 227669 12001 4334 2778 227457 2771 23 30
ta064 227712 12001 4376 2796 227636 0 12 30
ta064 227749 12000 4373 2856 227605 204 12 30
ta064 227749 12000 4366 2862 227628 3467 26 30
ta064 227721 12000 4356 2804 227474 2102 20 30
ta064 227579 12000 4430 2788 227420 2510 22 30
ta064 227740 12000 4307 2830 227507 2552 22 30
ta065 240737 12001 4662 2829 240427 570 14 30
ta065 240785 12001 4634 2764 240642 2799 22 30
ta065 240733 12000 4649 2713 240306 3319 24 30
ta065 240756 12000 4434 2477 240552 1826 19 30
ta065 240774 12001 4563 2669 240441 2287 20 30
ta065 240761 12000 4560 2613 240480 2535 22 30
ta065 240826 12000 4621 2834 240568 2531 21 30
ta065 240826 12000 4457 2726 240678 527 14 30
ta065 240824 12001 4465 2632 240504 4229 29 30
ta065 240826 12001 4672 2912 240676 974 15 30
ta066 232355 12000 4683 2566 232179 30 12 30
ta066 232399 12000 4814 2969 232192 143 12 30
ta066 232386 12000 4727 2810 232206 962 15 30
ta066 232399 12001 4837 3060 232185 809 15 30
ta066 232396 12000 4665 2730 232180 2624 22 30
ta066 232397 12000 4852 2864 232226 4108 27 30
ta066 232399 12000 4995 3106 232185 419 13 30
ta066 232371 12000 4748 2901 232192 3277 24 30
ta066 232364 12000 4762 2862 232187 5 12 30
ta066 232398 12001 4735 2905 232166 712 14 30
ta067 240810 12000 4282 2422 240493 3735 27 30
ta067 240802 12000 4251 2407 240620 746 15 30
ta067 240770 12000 4298 2319 240610 2735 23 30
ta067 240790 12000 4351 2497 240526 3179 25 30
ta067 240876 12001 4313 2527 240627 3715 27 30
ta067 240796 12000 4310 2540 240554 1740 19 30
ta067 240841 12000 4314 2503 240637 3445 26 30
ta067 240793 12001 4290 2427 240593 3555 26 30
ta067 240843 12001 4240 2378 240515 2939 24 30
ta067 240852 12000 4267 2349 240683 3508 26 30
ta068 231131 12000 5072 3146 230869 981 15 30
ta068 231114 12001 5235 3003 230905 2 12 30
ta068 231173 12000 5176 2984 230911 7 12 30
ta068 231184 12000 5061 3129 230906 4333 27 30
ta068 231184 12000 5099 3211 230903 3750 25 30
ta068 231151 12001 5269 3019 231002 1 12 30
ta068 231065 12001 5245 3245 230758 4817 28 30
ta068 231169 12001 5144 3242 230894 2202 19 30
ta068 231057 12000 5096 3072 230748 4841 29 30
ta068 231075 12000 5137 3025 231056 1 12 30
ta069 248233 12000 5234 2902 247831 5078 29 30
ta069 248191 12000 5187 2986 247841 4441 27 30
ta069 248160 12000 5192 3052 247823 4018 25 30
ta069 248149 12000 5238 3097 247852 2513 20 30
ta069 248224 12000 5155 2862 247816 2765 21 30
ta069 248195 12000 5179 3027 247903 36 12 30
ta069 248220 12000 5235 3043 247796 1728 18 30
ta069 248254 12001 5053 2898 247943 1268 16 30
ta069 248100 12000 5257 2952 247939 421 13 30
ta069 248157 12000 5179 2919 247827 142 12 30
ta070 244045 12000 4507 2810 243849 1847 19 30
ta070 244005 12001 4309 2267 243650 2449 22 30
ta070 244077 12000 4370 2527 243786 4281 29 30
ta070 243994 12000 4457 2528 243510 3081 24 30
ta070 243857 12000 4302 2286 243515 691 14 30
ta070 243841 12000 4364 2630 243604 699 14 30
ta070 243874 12001 4308 2440 243531 4238 29 30
ta070 244043 12001 4445 2762 243871 2190 20 30
ta070 244038 12001 4316 2480 243607 3743 27 30
ta070 243984 12000 4345 2530 243458 2931 24 30
ta071 300092 24001 2575 1709 299503 1163 40 60
ta071 300047 24000 2590 1787 299507 1919 50 60
ta071 300043 24000 2494 1638 299481 201 26 60
ta071 299987 24000 2558 1587 299313 2349 56 60
ta071 300010 24000 2532 1446 299284 2367 57 60
ta071 300107 24001 2603 1806 299689 1621 46 60
ta071 300091 24001 2563 1699 299497 2069 53 60
ta071 300002 24000 2533 1635 299465 1811 49 60
ta071 300055 24001 2588 1739 299516 1594 46 60
ta071 300057 24001 2566 1542 299498 1712 47 60
ta072 274622 24000 2616 1853 274134 888 36 60
ta072 274622 24002 2665 1944 274159 2527 58 60
ta072 274622 24001 2587 1860 274045 2208 54 60
ta072 274622 24001 2649 1959 274291 976 37 60
ta072 274622 24001 2638 1839 274106 433 29 60
ta072 274622 24000 2625 1856 274106 2548 58 60
ta072 274622 24000 2563 1813 274172 1795 49 60
ta072 274622 24000 2628 1882 274189 1200 40 60
ta072 274622 24001 2626 1872 274136 1627 46 60
ta072 274622 24000 2623 1827 274120 2544 58 60
ta073 289026 24001 2393 1524 288085 1696 49 60
ta073 289006 24000 2474 1635 287972 2423 59 60
ta073 288874 24000 2569 1605 287887 2034 52 60
ta073 289002 24000 2549 1554 287947 2391 57 60
ta073 289111 24000 2411 1561 288107 2407 59 60
ta073 289084 24001 2550 1643 288161 2345 57 60
ta073 288975 24001 2591 1576 287950 1784 48 60
ta073 289056 24001 2457 1417 287943 1989 53 60
ta073 289006 24001 2408 1539 288094 394 29 60
ta073 289038 24000 2610 1618 288088 2034 52 60
ta074 301949 24000 2308 1677 301439 817 36 60
ta074 301949 24000 2361 1713 301468 2133 56 60
ta074 301978 24000 2329 1691 301481 353 29 60
ta074 301949 24000 2340 1700 301439 70 25 60
ta074 301949 24000 2335 1709 301445 190 26 60
ta074 301972 24000 2384 1708 301444 1025 39 60
ta074 302008 24001 2334 1703 301415 1651 49 60
ta074 301949 24001 2353 1660 301473 780 35 60
ta074 301978 24000 2340 1716 301453 1491 46 60
ta074 301949 24001 2337 1673 301439 575 32 60
ta075 284121 24000 2627 1667 283641 1319 42 60
ta075 284256 24001 2608 1682 283531 2056 52 60
ta075 284245 24000 2532 1701 283793 1620 46 60
ta075 284230 24001 2570 1687 283689 2131 53 60
ta075 284235 24000 2626 1810 283731 905 36 60
ta075 284230 24001 2519 1683 283708 522 31 60
ta075 284256 24000 2595 1786 283488 1423 43 60
ta075 284220 24000 2588 1713 283837 2028 52 60
ta075 284230 24000 2603 1742 283625 2505 58 60
ta075 284256 24000 2538 1635 283698 2353 57 60
ta076 271367 24001 2434 1612 270101 918 37 60
ta076 271574 24000 2588 1839 270529 2578 59 60
ta076 271233 24001 2425 1397 270278 2281 57 60
ta076 271535 24000 2478 1600 270504 1816 50 60
ta076 271432 24000 2403 1624 270247 454 30 60
ta076 271591 24000 2434 1476 270401 2304 58 60
ta076 271225 24000 2422 1654 270192 1660 48 60
ta076 271376 24001 2410 1602 270283 1267 42 60
ta076 271531 24001 2460 1540 270357 531 31 60
ta076 271491 24001 2560 1700 270450 490 31 60
ta077 280055 24000 2228 1507 279407 1970 55 60
ta077 279859 24000 2261 1598 279098 2035 56 60
ta077 279765 24000 2243 1574 279084 2095 57 60
ta077 279979 24001 2246 1576 279139 984 39 60
ta077 279936 24000 2276 1577 279096 1449 47 60
ta077 279724 24001 2242 1535 278921 451 31 60
ta077 279734 24000 2268 1558 278913 1730 51 60
ta077 279790 24000 2255 1603 279011 1838 53 60
ta077 279697 24001 2261 1574 279021 744 35 60
ta077 279831 24000 2282 1555 279105 1160 42 60
ta078 290868 24000 2497 1526 290316 244 27 60
ta078 290954 24001 2507 1438 290466 849 36 60
ta078 290954 24001 2504 1466 290503 237 27 60
ta078 290930 24001 2512 1450 290304 1204 41 60
ta078 290969 24000 2520 1505 290159 937 37 60
ta078 290642 24001 2547 1562 289864 2296 56 60
ta078 290826 24000 2378 1399 290348 2365 59 60
ta078 290858 24001 2528 1514 290161 416 29 60
ta078 290829 24000 2535 1528 290131 251 27 60
ta078 290964 24000 2621 1551 290400 770 34 60
ta079 303300 24001 2786 1555 302358 2666 58 60
ta079 303304 24000 2817 1590 302331 1451 42 60
ta079 303305 24000 2780 1596 302347 2770 59 60
ta079 303285 24000 2866 1612 302485 2820 59 60
ta079 303244 24000 2874 1659 302542 2013 49 60
ta079 303357 24001 2899 1572 302435 2419 54 60
ta079 303368 24000 2854 1613 302855 2233 52 60
ta079 303266 24000 2818 1514 302154 2475 55 60
ta079 303301 24001 2796 1552 302516 2457 55 60
ta079 303300 24001 2772 1457 302522 2657 58 60
ta080 291699 24000 2923 1809 291150 24 24 60
ta080 291631 24001 2871 1607 291031 1171 38 60
ta080 291853 24001 2847 1686 291207 1009 36 60
ta080 291630 24001 2880 1802 291118 2864 59 60
ta080 291676 24001 2891 1825 291127 4 24 60
ta080 291668 24001 2876 1798 291075 246 27 60
ta080 291952 24000 2902 1787 291252 1591 43 60
ta080 291983 24001 2845 1714 291339 1458 42 60
ta080 291860 24001 2893 1797 291283 143 25 60
ta080 291793 24001 2887 1844 291159 457 29 60
ta081 367608 48001 1064 670 364933 727 97 120
ta081 367731 48002 1223 625 364542 1209 119 120
ta081 367759 48002 1082 689 365189 993 114 120
ta081 367727 48001 1151 668 364601 1122 118 120
ta081 367776 48000 1178 724 364565 1012 110 120
ta081 367759 48000 1113 671 365043 921 107 120
ta081 367855 48000 1191 686 364763 826 98 120
ta081 367777 48000 1221 666 364616 1202 118 120
ta081 367777 48002 1181 549 364480 472 76 120
ta081 367777 48001 1230 758 364492 1029 108 120
ta082 372210 48001 1295 811 370656 1031 105 120
ta082 372023 48001 1274 818 369962 1029 106 120
ta082 372023 48000 1278 826 370182 1167 113 120
ta082 372023 48001 1279 771 370400 941 101 120
ta082 372164 48002 1276 715 370191 1211 116 120
ta082 372354 48002 1323 778 370657 1205 113 120
ta082 372023 48001 1321 754 370177 1313 119 120
ta082 372176 48001 1309 792 370790 914 98 120
ta082 372175 48000 1291 735 370299 938 100 120
ta082 372186 48000 1312 784 370040 1156 111 120
ta083 373048 48001 1427 834 371121 1182 107 120
ta083 373174 48002 1291 655 370797 762 91 120
ta083 373320 48001 1436 858 371254 1048 100 120
ta083 372926 48000 1368 714 370223 1057 104 120
ta083 373363 48002 1319 715 371369 1268 117 120
ta083 372454 48000 1272 676 370229 1041 107 120
ta083 373225 48000 1403 685 370333 1178 108 120
ta083 373055 48000 1348 837 370624 1252 114 120
ta083 373148 48002 1374 715 370088 1298 116 120
ta083 373118 48001 1447 732 370201 517 74 120
ta084 375855 48003 1272 780 372181 1048 107 120
ta084 375535 48003 1277 830 371848 1275 119 120
ta084 375814 48000 1268 780 372815 1241 118 120
ta084 375835 48001 1264 746 372706 295 65 120
ta084 375943 48000 1160 663 372939 1123 117 120
ta084 375811 48002 1217 767 373199 957 104 120
ta084 375857 48003 1311 778 372461 841 93 120
ta084 375708 48001 1215 701 372359 1183 118 120
ta084 375902 48001 1221 666 372930 422 72 120
ta084 375906 48000 1225 722 372445 851 97 120
ta085 369840 48000 1237 756 366572 872 99 120
ta085 369659 48001 1172 716 366336 1169 119 120
ta085 370156 48000 1212 663 366248 1153 116 120
ta085 369588 48000 1212 754 366425 1184 118 120
ta085 369823 48000 1201 708 367288 1023 109 120
ta085 369633 48000 1186 720 365869 764 94 120
ta085 369589 48000 1214 786 366322 1004 107 120
ta085 369648 48001 1150 701 366363 627 87 120
ta085 369823 48003 1179 741 366529 770 95 120
ta085 369720 48001 1183 707 366876 1024 110 120
ta086 374333 48001 1410 847 370652 1233 111 120
ta086 374732 48001 1377 757 370626 1212 111 120
ta086 374795 48001 1193 711 371470 897 102 120
ta086 374551 48000 1270 607 370357 1180 115 120
ta086 374616 48000 1171 656 370794 1072 114 120
ta086 373845 48001 1345 821 369855 1005 101 120
ta086 375137 48000 1108 569 370803 889 105 120
ta086 374435 48002 1223 635 371739 651 86 120
ta086 374890 48001 1206 732 370924 1189 119 120
ta086 374436 48000 1209 630 371187 1093 113 120
ta087 374886 48002 1252 700 370726 999 105 120
ta087 374802 48003 1250 753 370835 940 101 120
ta087 374845 48000 1310 752 370446 1283 118 120
ta087 374671 48001 1366 806 370945 1351 119 120
ta087 374947 48001 1264 565 371527 826 95 120
ta087 374849 48001 1301 787 370561 1265 118 120
ta087 374994 48001 1304 786 370959 1284 118 120
ta087 374935 48000 1280 662 370324 954 101 120
ta087 375018 48000 1305 801 370999 1296 119 120
ta087 374857 48002 1221 682 370597 1120 114 120
ta088 386398 48001 1228 686 383906 1129 114 120
ta088 386280 48000 1223 762 383087 1172 116 120
ta088 386483 48000 1165 711 383538 1148 118 120
ta088 386400 48001 1111 605 383561 1100 119 120
ta088 386351 48000 1162 673 383805 1089 115 120
ta088 386275 48003 1162 700 382769 967 108 120
ta088 386332 48000 1123 619 383242 619 87 120
ta088 386280 48000 1201 662 383378 1108 114 120
ta088 386147 48000 1182 681 382861 989 107 120
ta088 386348 48000 1133 624 383085 1040 114 120
ta089 376425 48000 1138 643 373200 1085 116 120
ta089 376297 48003 1192 649 372642 962 106 120
ta089 376874 48000 1071 643 372904 865 106 120
ta089 376606 48000 1142 682 373351 637 88 120
ta089 376498 48000 1122 686 372662 980 111 120
ta089 376455 48000 1149 665 372476 1075 115 120
ta089 376482 48000 1162 635 372341 1122 117 120
ta089 376326 48001 1120 661 372923 636 89 120
ta089 376307 48001 1108 529 372014 954 110 120
ta089 376874 48000 1048 593 372963 931 112 120
ta090 379868 48000 1224 739 377863 584 83 120
ta090 380213 48002 1117 685 377428 1056 116 120
ta090 379954 48001 1111 577 377268 982 111 120
ta090 380080 48001 1143 670 377722 540 83 120
ta090 380073 48003 1143 659 377980 999 111 120
ta090 379949 48002 1168 652 376525 1094 115 120
ta090 380463 48000 1107 696 377339 770 97 120
ta090 380407 48001 1118 668 377255 1071 117 120
ta090 380280 48001 1150 642 377611 890 104 120
ta090 380047 48003 1079 618 377490 1019 116 120
ta091 1042547 48003 1168 837 1041032 874 101 120
ta091 1042625 48006 1185 786 1041237 897 102 120
ta091 1042694 48006 1181 876 1041072 1134 117 120
ta091 1042689 48001 1191 850 1041324 1104 114 120
ta091 1042580 48003 1171 766 1041155 1151 118 120
ta091 1042510 48011 1190 851 1041224 1131 116 120
ta091 1042588 48004 1190 868 1041177 942 105 120
ta091 1042489 48009 1183 848 1041098 1077 113 120
ta091 1042211 48003 1191 868 1041019 1065 112 120
ta091 1042563 48005 1210 748 1041094 1090 113 120
ta092 1028953 48005 1369 1026 1027943 276 62 120
ta092 1028880 48009 1373 1094 1027925 1332 117 120
ta092 1028879 48002 1395 1113 1027962 1043 101 120
ta092 1028880 48004 1391 1080 1027939 350 66 120
ta092 1028879 48001 1381 1089 1027962 661 82 120
ta092 1028879 48009 1379 1081 1027914 1273 114 120
ta092 1028897 48002 1380 1075 1027959 494 73 120
ta092 1028880 48010 1433 1101 1028013 104 53 120
ta092 1028775 48003 1398 1040 1027999 1123 105 120
ta092 1028879 48001 1386 1070 1027939 95 53 120
ta093 1043723 48010 1221 848 1042572 1202 118 120
ta093 1043929 48008 1225 884 1042623 865 99 120
ta093 1043788 48000 1245 839 1042761 1213 118 120
ta093 1043555 48008 1303 881 1042187 1038 105 120
ta093 1043605 48002 1246 854 1042660 601 83 120
ta093 1043726 48009 1251 883 1042719 1001 105 120
ta093 1043808 48003 1194 846 1042654 1166 118 120
ta093 1043450 48008 1222 872 1042369 1088 112 120
ta093 1043631 48006 1231 904 1042461 947 103 120
ta093 1043608 48002 1255 893 1042507 1213 117 120
ta094 1023750 48008 1841 1294 1022544 1650 112 120
ta094 1023750 48004 1802 1201 1022396 1398 103 120
ta094 1023467 48001 1831 1240 1022396 567 70 120
ta094 1023976 48003 1843 1216 1022687 1833 119 120
ta094 1024048 48001 1784 1235 1022767 1222 97 120
ta094 1024054 48008 1812 1215 1022847 981 86 120
ta094 1024005 48005 1800 1215 1022716 1772 118 120
ta094 1023606 48003 1799 1224 1022174 1707 116 120
ta094 1023502 48004 1806 1172 1022654 980 87 120
ta094 1023538 48004 1820 1187 1022366 1754 117 120
ta095 1028689 48005 1356 956 1027392 786 89 120
ta095 1028734 48005 1298 966 1027060 1273 118 120
ta095 1029019 48002 1273 936 1027539 796 93 120
ta095 1028587 48008 1310 1019 1026985 1273 118 120
ta095 1029047 48008 1313 967 1027484 1224 115 120
ta095 1028716 48008 1308 988 1027138 1109 109 120
ta095 1028770 48008 1233 917 1027208 983 105 120
ta095 1028805 48003 1272 863 1027055 498 76 120
ta095 1029043 48003 1270 950 1027314 1123 111 120
ta095 1029228 48008 1242 857 1027589 873 98 120
ta096 999515 48009 1308 1087 998151 679 85 120
ta096 999793 48006 1271 1050 998146 1257 119 120
ta096 999550 48001 1442 1148 998139 1234 109 120
ta096 999429 48010 1430 1128 998006 1318 114 120
ta096 999490 48005 1392 1083 998245 538 75 120
ta096 999458 48002 1403 1152 998122 1280 113 120
ta096 999549 48001 1294 1055 998224 404 70 120
ta096 999563 48003 1455 1187 998240 772 86 120
ta096 999337 48009 1398 1146 998125 1154 107 120
ta096 999405 48005 1287 1040 998298 1248 117 120
ta097 1042607 48001 1698 1316 1041391 378 64 120
ta097 1042629 48003 1745 1346 1041309 1090 93 120
ta097 1042591 48000 1739 1304 1041325 1471 109 120
ta097 1042650 48003 1714 1328 1041263 1652 117 120
ta097 1042626 48002 1754 1360 1041260 1367 104 120
ta097 1042591 48006 1742 1364 1041330 1582 113 120
ta097 1042584 48003 1739 1329 1041296 666 75 120
ta097 1042594 48009 1727 1327 1041371 1452 108 120
ta097 1042653 48008 1738 1337 1041312 1667 116 120
ta097 1042586 48000 1679 1276 1041315 943 88 120
ta098 1035900 48005 1252 933 1034583 1248 119 120
ta098 1035905 48005 1420 1075 1034580 1202 108 120
ta098 1035900 48001 1275 984 1034538 714 88 120
ta098 1035915 48005 1295 996 1034337 1257 117 120
ta098 1035915 48007 1254 980 1034400 788 93 120
ta098 1035915 48010 1246 961 1034428 1049 108 120
ta098 1035915 48010 1279 999 1034483 1115 110 120
ta098 1035915 48005 1270 995 1034452 1237 118 120
ta098 1035915 48008 1273 985 1034431 998 104 120
ta098 1035915 48006 1280 1002 1034374 637 82 120
ta099 1015466 48010 1334 1093 1014460 1165 110 120
ta099 1015614 48004 1329 1122 1014702 1272 117 120
ta099 1015776 48001 1331 1106 1014699 1154 110 120
ta099 1015466 48008 1354 1124 1014438 1318 118 120
ta099 1015529 48003 1334 1123 1014500 885 95 120
ta099 1015626 48005 1344 1122 1014754 1183 111 120
ta099 1015584 48001 1343 1107 1014674 790 90 120
ta099 1015625 48001 1329 1079 1014749 943 99 120
ta099 1015343 48001 1391 1155 1014516 157 56 120
ta099 1015599 48007 1341 1094 1014712 648 83 120
ta100 1021834 48004 1520 1064 1020776 54 50 120
ta100 1021903 48003 1519 1098 1020620 1162 103 120
ta100 1021707 48007 1566 1163 1020606 1336 109 120
ta100 1021678 48002 1547 1146 1020587 954 92 120
ta100 1021777 48004 1627 1192 1020454 1484 113 120
ta100 1021662 48006 1587 1151 1020547 472 69 120
ta100 1021697 48008 1493 1082 1020640 70 51 120
ta100 1021710 48004 1571 1154 1020575 1031 95 120
ta100 1021660 48007 1647 1226 1020568 607 74 120
ta100 1021878 48006 1579 1079 1020648 873 87 120
ta101 1222960 96008 847 537 1217290 796 232 240
ta101 1224708 96014 793 496 1219051 751 232 240
ta101 1226557 96003 871 486 1221446 864 239 240
ta101 1224710 96003 847 436 1218967 644 206 240
ta101 1226868 96006 883 514 1222576 881 239 240
ta101 1226133 96005 850 526 1220794 751 222 240
ta101 1225834 96004 808 498 1218827 772 234 240
ta101 1224007 96005 833 443 1218391 733 222 240
ta101 1225737 96002 881 549 1220257 683 208 240
ta101 1225295 96001 795 424 1218957 279 147 240
ta102 1233550 96008 599 410 1227889 551 228 240
ta102 1233251 96005 576 398 1228452 508 223 240
ta102 1233681 96006 591 405 1228702 536 226 240
ta102 1233781 96009 599 384 1228707 547 227 240
ta102 1233568 96011 587 395 1227630 559 233 240
ta102 1233387 96004 574 373 1228472 568 238 240
ta102 1233273 96008 612 418 1228097 445 201 240
ta102 1232975 96010 594 384 1228170 423 198 240
ta102 1233547 96010 585 397 1228733 556 233 240
ta102 1233696 96002 585 400 1228417 537 228 240
ta103 1254842 96012 758 524 1250084 719 232 240
ta103 1254757 96005 748 464 1249456 714 233 240
ta103 1254765 96015 757 539 1249744 623 214 240
ta103 1254681 96012 721 449 1249849 630 221 240
ta103 1255110 96016 724 443 1249560 646 224 240
ta103 1254474 96016 737 471 1249171 722 237 240
ta103 1254538 96002 763 573 1249669 728 233 240
ta103 1254805 96010 749 480 1249818 697 230 240
ta103 1255068 96002 772 560 1250031 667 220 240
ta103 1255074 96002 730 466 1249431 725 239 240
ta104 1227559 96005 632 442 1222954 617 236 240
ta104 1227513 96001 643 477 1223180 539 216 240
ta104 1226794 96004 656 497 1222835 357 174 240
ta104 1227473 96004 635 485 1222320 598 232 240
ta104 1227204 96013 627 457 1222710 581 229 240
ta104 1227501 96009 632 483 1222293 524 215 240
ta104 1227382 96000 626 491 1223336 586 231 240
ta104 1227350 96010 635 497 1222025 633 239 240
ta104 1227335 96006 623 461 1223197 357 179 240
ta104 1227419 96008 633 515 1222557 571 227 240
ta105 1215709 96001 801 453 1209312 637 210 240
ta105 1216695 96001 806 514 1210737 800 239 240
ta105 1216862 96009 795 518 1211734 741 230 240
ta105 1215970 96003 825 519 1210649 694 217 240
ta105 1216855 96011 818 527 1211745 256 142 240
ta105 1216357 96005 803 506 1210374 709 223 240
ta105 1216103 96004 821 511 1210361 525 188 240
ta105 1215784 96006 763 490 1209746 706 229 240
ta105 1216290 96009 805 510 1209536 716 224 240
ta105 1216457 96008 807 492 1210842 804 239 240
ta106 1219740 96011 750 486 1214642 661 223 240
ta106 1219919 96014 739 463 1215294 691 230 240
ta106 1219805 96001 753 442 1215182 592 209 240
ta106 1219755 96016 741 449 1215062 737 239 240
ta106 1219941 96009 732 479 1214988 671 228 240
ta106 1219805 96006 751 477 1214974 703 231 240
ta106 1219915 96008 737 385 1214907 637 220 240
ta106 1219867 96010 709 450 1214046 697 237 240
ta106 1219922 96006 731 461 1214893 712 236 240
ta106 1219843 96017 736 488 1215025 584 210 240
ta107 1237162 96011 630 376 1232336 609 235 240
ta107 1237195 96005 605 387 1231994 568 232 240
ta107 1237358 96007 656 445 1232867 632 234 240
ta107 1237358 96010 649 421 1232961 483 203 240
ta107 1237358 96012 657 420 1232528 523 211 240
ta107 1237358 96007 659 455 1232494 639 235 240
ta107 1237358 96007 662 424 1231964 659 239 240
ta107 1237258 96011 629 393 1232126 528 217 240
ta107 1237358 96006 658 414 1232446 633 234 240
ta107 1237358 96005 657 415 1232368 577 223 240
ta108 1233746 96001 724 443 1229066 700 235 240
ta108 1233986 96012 725 463 1229361 685 231 240
ta108 1234104 96016 704 439 1229219 676 234 240
ta108 1234064 96007 717 457 1229346 656 227 240
ta108 1233638 96011 675 406 1228930 573 218 240
ta108 1233465 96001 701 475 1229315 584 215 240
ta108 1233603 96010 732 467 1229214 700 234 240
ta108 1233965 96008 705 417 1229306 696 238 240
ta108 1233843 96003 669 453 1229314 644 234 240
ta108 1233944 96016 707 447 1229341 624 223 240
ta109 1222564 96003 666 444 1215603 639 234 240
ta109 1222659 96009 654 427 1216034 637 236 240
ta109 1222468 96004 657 461 1215964 612 230 240
ta109 1222277 96008 666 471 1215635 655 237 240
ta109 1222360 96008 670 466 1215849 649 235 240
ta109 1222420 96001 660 464 1216205 632 233 240
ta109 1222322 96004 674 444 1215829 540 211 240
ta109 1222500 96011 624 436 1215924 613 237 240
ta109 1222481 96017 664 431 1215842 358 174 240
ta109 1222437 96001 637 417 1215808 560 223 240
ta110 1235369 96007 682 462 1231168 584 220 240
ta110 1235369 96014 619 454 1231226 616 239 240
ta110 1235379 96014 620 437 1231007 616 239 240
ta110 1235369 96010 626 458 1230595 559 225 240
ta110 1235369 96013 614 414 1231366 575 230 240
ta110 1235369 96003 649 447 1231118 622 234 240
ta110 1235495 96009 641 450 1231423 547 219 240
ta110 1235379 96001 616 441 1231338 607 238 240
ta110 1235369 96016 628 438 1231032 563 225 240
ta110 1235369 96003 633 407 1230548 543 220 240
ta111 6562803 240169 251 217 6555695 228 570 600
ta111 6562803 240085 252 216 6555432 223 561 600
ta111 6562802 240174 251 219 6555399 240 586 600
ta111 6562698 240155 254 210 6556011 245 590 600
ta111 6562803 240227 250 218 6555576 248 599 600
ta111 6562802 240145 254 221 6555510 174 493 600
ta111 6562803 240027 258 222 6555292 226 560 600
ta111 6562803 240160 249 209 6555936 246 598 600
ta111 6562803 240152 249 213 6555652 231 576 600
ta111 6562771 240159 254 225 6555863 231 570 600
ta112 6678673 240073 269 223 6670335 209 524 600
ta112 6677683 240157 319 247 6669581 232 505 600
ta112 6678249 240164 312 235 6670404 309 597 600
ta112 6677979 240199 301 242 6669772 266 560 600
ta112 6679009 240034 295 238 6671257 246 543 600
ta112 6678707 240153 286 229 6670527 263 575 600
ta112 6678823 240047 286 226 6670698 265 574 600
ta112 6677924 240065 306 241 6670485 294 587 600
ta112 6678105 240156 299 231 6669965 261 558 600
ta112 6678485 240050 298 246 6670052 293 596 600
ta113 6632778 240182 250 211 6625174 246 596 600
ta113 6632778 240140 250 208 6625841 242 590 600
ta113 6632778 240085 251 214 6625384 223 561 600
ta113 6632778 240135 245 199 6625308 222 568 600
ta113 6632778 240046 245 201 6625408 239 593 600
ta113 6632778 240115 247 212 6625440 238 589 600
ta113 6632778 240107 247 207 6625833 157 473 600
ta113 6632778 240160 244 195 6625282 212 557 600
ta113 6632778 240054 247 199 6625282 204 542 600
ta113 6632778 240220 245 209 6625389 222 569 600
ta114 6633891 240111 248 206 6623487 237 586 600
ta114 6633937 240074 250 213 6623448 239 586 600
ta114 6633953 240148 248 206 6623646 164 481 600
ta114 6633946 240082 250 217 6623438 214 550 600
ta114 6634053 240059 249 200 6623348 240 590 600
ta114 6633861 240116 250 212 6622331 246 596 600
ta114 6634413 240008 250 198 6623224 248 599 600
ta114 6633802 240075 254 210 6623869 200 529 600
ta114 6633932 240067 251 224 6623402 246 595 600
ta114 6634066 240067 252 220 6623828 243 590 600
ta115 6610884 240029 295 236 6599282 244 542 600
ta115 6611128 240109 250 203 6598995 248 599 600
ta115 6611105 240056 266 217 6602056 262 596 600
ta115 6611058 240033 275 222 6599395 247 565 600
ta115 6611476 240036 259 219 6599157 253 594 600
ta115 6611201 240018 273 212 6598412 249 572 600
ta115 6611104 240028 286 221 6598715 280 595 600
ta115 6611078 240103 274 212 6598923 232 550 600
ta115 6612112 240113 254 206 6599731 236 577 600
ta115 6611415 240115 283 222 6599269 269 586 600
ta116 6606298 240035 301 256 6599582 164 440 600
ta116 6606189 240075 313 272 6599720 309 596 600
ta116 6606173 240064 302 266 6600020 292 590 600
ta116 6606120 240133 308 267 6599429 199 478 600
ta116 6606189 240017 317 282 6600011 307 589 600
ta116 6606189 240159 317 276 6599923 222 497 600
ta116 6606215 240063 301 271 6599762 292 591 600
ta116 6606300 240156 317 277 6599283 296 578 600
ta116 6606178 240169 303 257 6599621 301 599 600
ta116 6606285 240070 311 277 6600170 213 491 600
ta117 6576737 240152 247 211 6566092 244 597 600
ta117 6576734 240169 240 207 6566197 232 590 600
ta117 6576737 240013 242 205 6565926 232 587 600
ta117 6576737 240107 242 204 6565500 239 597 600
ta117 6576737 240010 241 204 6565460 234 592 600
ta117 6576737 240152 241 202 6566059 211 559 600
ta117 6576737 240050 242 192 6565100 239 598 600
ta117 6576737 240153 244 219 6565565 216 562 600
ta117 6576737 240103 240 208 6565655 229 585 600
ta117 6576734 240013 241 199 6565710 217 568 600
ta118 6629138 240120 256 212 6619754 231 566 600
ta118 6629139 240222 268 223 6619711 239 563 600
ta118 6629338 240101 254 207 6620980 215 548 600
ta118 6629406 240058 266 199 6620299 256 588 600
ta118 6629252 240162 253 213 6619467 248 594 600
ta118 6629449 240123 258 199 6619950 232 566 600
ta118 6629343 240085 264 221 6620326 220 541 600
ta118 6629024 240015 258 197 6620175 251 593 600
ta118 6629449 240152 265 216 6620070 264 600 600
ta118 6629275 240081 264 210 6620089 243 573 600
ta119 6569291 240077 240 198 6561129 217 568 600
ta119 6569309 240124 244 206 6561151 170 497 600
ta119 6569309 240082 245 212 6561018 238 591 600
ta119 6569309 240124 241 195 6561010 228 584 600
ta119 6569309 240011 250 214 6561530 205 539 600
ta119 6569309 240015 243 207 6561216 228 581 600
ta119 6569309 240030 246 206 6560964 232 583 600
ta119 6569309 240078 248 207 6561095 239 590 600
ta119 6569291 240155 242 201 6560491 228 581 600
ta119 6569309 240112 247 201 6560993 233 581 600
ta120 6617017 240100 273 240 6608166 241 562 600
ta120 6617582 240189 266 235 6608131 260 593 600
ta120 6617114 240023 270 231 6607726 191 498 600
ta120 6617716 240015 263 220 6607391 260 597 600
ta120 6617448 240141 278 230 6608327 240 554 600
ta120 6616804 240048 276 223 6606824 267 590 600
ta120 6617504 240177 263 214 6607985 226 555 600
ta120 6617574 240016 265 218 6608005 165 473 600
ta120 6616977 240193 268 231 6606706 266 599 600
ta120 6617202 240180 284 237 6607378 282 599 600
