# Hostname: ocasrv. Config used: --obj f --timefactor 60 --verbose --verbose_np --npf 0.74 --dv01 3 --dv04 4 --dv07 1 --dv08 2 --dv09 9 --dv10 6 --dv11 2 --dv12 2 --dv14 0 --dv15 2 --dv16 0 --dv17 3 --dv18 2 --iga --np --dc 5 --n_ls 3 --rrtd 500 --dc_np 5 --n_ls_np 10000 --rrtd_np 60 --alternate_np 3
ta001 14033 2000 11413 4158 13962 5106 3 6
ta001 14033 2000 11400 4275 13962 2337 2 6
ta001 14033 2000 11633 3451 13962 442 2 6
ta001 14033 2000 11351 4606 13962 3955 3 6
ta001 14033 2000 11332 4484 13962 1631 2 6
ta001 14033 2000 11444 3976 13968 11232 5 6
ta001 14033 2000 11597 3341 13962 1074 2 6
ta001 14033 2000 11380 3916 13962 1539 2 6
ta001 14033 2000 11450 3948 13962 2349 2 6
ta001 14033 2000 11508 3784 13962 1945 2 6
ta002 15151 2000 12145 2890 15103 4587 3 6
ta002 15151 2000 12292 2847 15084 9631 5 6
ta002 15151 2000 12429 2776 15068 3855 3 6
ta002 15151 2000 12213 3006 15092 9730 5 6
ta002 15151 2000 12467 3164 15098 12125 5 6
ta002 15151 2000 12347 2801 15103 10409 5 6
ta002 15151 2000 12168 2950 15069 4712 3 6
ta002 15151 2000 12391 2989 15077 3481 3 6
ta002 15151 2000 12376 3122 15088 5639 3 6
ta002 15151 2000 12215 2970 15078 5996 3 6
ta003 13301 2000 10287 2808 12956 2046 2 6
ta003 13301 2000 10002 2992 12956 1893 2 6
ta003 13301 2000 10094 2837 12956 863 2 6
ta003 13301 2000 10194 2991 12956 2091 2 6
ta003 13301 2000 10253 3141 12956 77 2 6
ta003 13301 2000 10052 2897 12956 34 2 6
ta003 13301 2000 10224 3066 12956 794 2 6
ta003 13301 2000 10145 2977 12956 476 2 6
ta003 13301 2000 10199 3020 12956 1215 2 6
ta003 13301 2000 10222 3080 12956 261 2 6
ta004 15447 2000 10844 3932 15374 7569 4 6
ta004 15447 2000 11236 4234 15391 294 2 6
ta004 15447 2000 11191 4269 15391 110 2 6
ta004 15447 2000 11296 4371 15391 191 2 6
ta004 15447 2000 11202 4151 15391 1411 2 6
ta004 15447 2000 11325 4076 15391 5974 4 6
ta004 15447 2000 10964 3589 15374 3422 3 6
ta004 15447 2000 11205 4290 15391 855 2 6
ta004 15447 2000 11333 4126 15391 796 2 6
ta004 15447 2000 11266 4279 15391 489 2 6
ta005 13529 2000 11487 6636 13472 17 2 6
ta005 13529 2000 11367 6458 13472 336 2 6
ta005 13529 2000 11494 6721 13472 149 2 6
ta005 13529 2000 11397 6584 13472 16 2 6
ta005 13529 2000 11420 6470 13472 36 2 6
ta005 13529 2000 11545 6356 13472 36 2 6
ta005 13529 2000 11516 6552 13472 781 2 6
ta005 13529 2000 11447 6712 13472 384 2 6
ta005 13529 2000 11544 6358 13472 152 2 6
ta005 13529 2000 11286 6631 13472 73 2 6
ta006 13123 2000 11324 4227 13058 1387 2 6
ta006 13123 2000 11272 4101 13058 685 2 6
ta006 13123 2000 11249 4249 13058 2740 2 6
ta006 13123 2000 11262 4257 13058 623 2 6
ta006 13123 2000 11236 4510 13058 4459 3 6
ta006 13123 2000 11285 3941 13058 1533 2 6
ta006 13123 2000 11305 4264 13058 5305 3 6
ta006 13123 2000 11264 4315 13058 922 2 6
ta006 13123 2000 11148 4277 13058 5711 4 6
ta006 13123 2000 11150 4270 13058 3555 3 6
ta007 13548 2000 11888 3524 13479 5 2 6
ta007 13548 2000 12330 4446 13479 288 2 6
ta007 13548 2000 12084 4329 13479 353 2 6
ta007 13548 2000 11967 3404 13479 35 2 6
ta007 13548 2000 12128 4290 13479 91 2 6
ta007 13548 2000 12229 4273 13479 226 2 6
ta007 13548 2000 12003 4112 13479 581 2 6
ta007 13548 2000 12217 4373 13479 41 2 6
ta007 13548 2000 12071 4252 13479 130 2 6
ta007 13548 2000 12282 4480 13479 207 2 6
ta008 13948 2000 11001 4784 13882 14 2 6
ta008 13948 2000 11017 4511 13882 539 2 6
ta008 13948 2000 10810 4582 13882 79 2 6
ta008 13948 2000 10926 4636 13882 191 2 6
ta008 13948 2000 11057 4728 13882 643 2 6
ta008 13948 2000 10949 4718 13882 8 2 6
ta008 13948 2000 10757 4446 13882 34 2 6
ta008 13948 2000 10957 4954 13882 1305 2 6
ta008 13948 2000 11037 4578 13882 8 2 6
ta008 13948 2000 10962 4845 13882 66 2 6
ta009 14295 2000 11372 4338 14047 692 2 6
ta009 14295 2000 11466 4430 14047 86 2 6
ta009 14295 2000 11260 4255 14047 303 2 6
ta009 14295 2000 11099 4224 14047 453 2 6
ta009 14295 2000 11264 4279 14047 404 2 6
ta009 14295 2000 11474 4208 14047 227 2 6
ta009 14295 2000 11375 4128 14047 670 2 6
ta009 14295 2000 11411 4312 14047 417 2 6
ta009 14295 2000 11127 4206 14047 449 2 6
ta009 14295 2000 11498 4389 14047 232 2 6
ta010 12943 2000 10602 3877 12904 4684 3 6
ta010 12943 2000 10623 3461 12894 2303 2 6
ta010 12943 2000 10829 3604 12904 3960 3 6
ta010 12943 2000 10685 3623 12894 9015 5 6
ta010 12943 2000 10903 3580 12904 27 2 6
ta010 12943 2000 10688 3665 12904 943 2 6
ta010 12943 2000 10746 3521 12904 204 2 6
ta010 12943 2000 10835 3525 12904 7402 4 6
ta010 12943 2000 10673 3648 12894 9270 5 6
ta010 12943 2000 10742 3814 12904 2142 2 6
ta011 20911 4000 6326 2103 20577 1303 5 12
ta011 20911 4000 6523 2197 20529 2552 7 12
ta011 20911 4000 6534 2548 20496 2862 7 12
ta011 20911 4000 6314 2224 20577 2782 7 12
ta011 20911 4000 5896 1466 20513 1486 5 12
ta011 20911 4000 6319 1886 20428 5245 10 12
ta011 20911 4000 6499 1911 20612 75 4 12
ta011 20911 4000 6727 2646 20496 310 4 12
ta011 20911 4000 6337 2083 20577 878 5 12
ta011 20911 4000 6432 1885 20590 6248 11 12
ta012 22440 4000 6330 2286 22341 149 4 12
ta012 22440 4000 6219 2443 22316 380 4 12
ta012 22440 4000 6338 2290 22341 272 4 12
ta012 22440 4000 6014 2164 22341 422 4 12
ta012 22440 4000 6219 2355 22341 2308 7 12
ta012 22440 4000 6324 2288 22341 670 4 12
ta012 22440 4000 6238 1940 22360 303 4 12
ta012 22440 4000 6107 2226 22368 487 4 12
ta012 22440 4000 6280 2570 22316 554 4 12
ta012 22440 4000 5983 1873 22341 3536 8 12
ta013 19833 4000 6597 2535 19493 8 4 12
ta013 19833 4000 6682 2672 19493 46 4 12
ta013 19833 4000 6623 2621 19493 359 4 12
ta013 19833 4000 6555 2445 19493 58 4 12
ta013 19833 4000 6628 2649 19493 270 4 12
ta013 19833 4000 6640 2502 19493 330 4 12
ta013 19833 4000 6584 2597 19493 137 4 12
ta013 19833 4000 6639 2562 19493 19 4 12
ta013 19833 4000 6551 2508 19493 55 4 12
ta013 19833 4000 6574 2430 19493 27 4 12
ta014 18710 4000 5823 1361 18361 532 4 12
ta014 18710 4000 6019 1880 18373 730 4 12
ta014 18710 4000 5986 1844 18373 1825 6 12
ta014 18710 4000 5927 1937 18516 3887 9 12
ta014 18710 4000 5983 1900 18373 398 4 12
ta014 18710 4000 6040 1784 18361 1572 6 12
ta014 18710 4000 6125 1555 18348 492 4 12
ta014 18710 4000 5993 2293 18388 622 4 12
ta014 18710 4000 6019 1557 18407 834 5 12
ta014 18710 4000 6088 1594 18373 1800 6 12
ta015 18641 4000 6149 2329 18220 4106 9 12
ta015 18641 4000 6106 2356 18240 1075 5 12
ta015 18641 4000 6229 2436 18240 387 4 12
ta015 18641 4000 5994 2211 18240 751 4 12
ta015 18641 4000 5555 1331 18276 1472 6 12
ta015 18641 4000 6180 2482 18240 587 4 12
ta015 18641 4000 6137 2259 18207 1944 6 12
ta015 18641 4000 6042 2236 18255 1570 6 12
ta015 18641 4000 6028 2016 18240 2855 7 12
ta015 18641 4000 6013 2095 18206 447 4 12
ta016 19245 4000 5960 1832 18554 1619 6 12
ta016 19245 4000 6088 2095 18576 133 4 12
ta016 19245 4000 5842 1865 18610 2364 7 12
ta016 19245 4000 5722 2055 18625 166 4 12
ta016 19245 4000 5708 2477 18581 939 5 12
ta016 19245 4000 5759 1720 18610 3739 9 12
ta016 19245 4000 5901 2151 18625 2338 7 12
ta016 19245 4000 5756 2555 18581 893 5 12
ta016 19245 4000 6125 2173 18576 3616 8 12
ta016 19245 4000 6024 2180 18593 2334 7 12
ta017 18363 4000 6904 2009 18042 2533 6 12
ta017 18363 4000 6806 2704 18073 35 4 12
ta017 18363 4000 6849 2150 18042 976 5 12
ta017 18363 4000 6869 2764 18073 72 4 12
ta017 18363 4000 6962 2507 18042 4292 8 12
ta017 18363 4000 6859 2840 18073 36 4 12
ta017 18363 4000 6874 2743 18073 55 4 12
ta017 18363 4000 6904 2406 18042 4923 9 12
ta017 18363 4000 6924 2102 18042 254 4 12
ta017 18363 4000 7077 2254 18042 1060 5 12
ta018 20241 4000 5944 1918 19870 3566 8 12
ta018 20241 4000 5933 1684 19830 1604 6 12
ta018 20241 4000 5792 1912 19852 3410 8 12
ta018 20241 4000 5853 1816 19830 2403 7 12
ta018 20241 4000 5906 1634 19830 2898 7 12
ta018 20241 4000 6079 2188 19846 4633 10 12
ta018 20241 4000 6086 1727 19830 1781 6 12
ta018 20241 4000 5959 1561 19852 1373 5 12
ta018 20241 4000 5818 1786 19837 3538 8 12
ta018 20241 4000 6241 2154 19836 2659 7 12
ta019 20330 4000 7230 2912 20106 6 4 12
ta019 20330 4000 7205 2815 20106 48 4 12
ta019 20330 4000 7245 2804 20106 74 4 12
ta019 20330 4000 7247 2912 20106 281 4 12
ta019 20330 4000 7232 2907 20106 5 4 12
ta019 20330 4000 7162 2909 20106 62 4 12
ta019 20330 4000 7223 2797 20106 5 4 12
ta019 20330 4000 7165 2946 20106 81 4 12
ta019 20330 4000 7263 2908 20106 1 4 12
ta019 20330 4000 7219 2848 20106 40 4 12
ta020 21320 4000 6323 2890 20872 2696 7 12
ta020 21320 4000 6385 2918 20872 2858 7 12
ta020 21320 4000 6287 2952 20872 436 4 12
ta020 21320 4000 6283 2873 20872 769 4 12
ta020 21320 4000 6325 2622 20955 129 4 12
ta020 21320 4000 6237 2779 20872 1501 5 12
ta020 21320 4000 6323 2826 20872 219 4 12
ta020 21320 4000 6312 2574 20955 361 4 12
ta020 21320 4000 6267 2885 20872 2249 6 12
ta020 21320 4000 6349 2911 20872 359 4 12
ta021 33623 7000 3741 991 33150 1787 15 24
ta021 33623 7000 3766 1140 33150 2236 17 24
ta021 33623 7000 3616 1074 33150 2044 16 24
ta021 33623 7000 3778 1081 33150 882 10 24
ta021 33623 7000 3748 1023 33150 1017 11 24
ta021 33623 7000 3662 1293 33278 2577 18 24
ta021 33623 7000 3678 1099 33278 1002 11 24
ta021 33623 7000 3833 1094 33142 3435 22 24
ta021 33623 7000 3675 953 33150 1503 14 24
ta021 33623 7000 3780 1053 33150 1092 11 24
ta022 31587 7000 3380 526 30777 2772 20 24
ta022 31587 7000 3081 243 30713 1075 12 24
ta022 31587 7000 3587 1032 30795 3535 23 24
ta022 31587 7000 3367 607 30683 2772 20 24
ta022 31587 7000 3264 481 30571 3077 23 24
ta022 31587 7000 3127 267 30713 581 10 24
ta022 31587 7000 3369 687 30609 373 8 24
ta022 31587 7000 3310 429 30725 1967 16 24
ta022 31587 7000 3332 320 30550 1392 13 24
ta022 31587 7000 3197 273 30713 2874 22 24
ta023 33920 7000 3641 770 32954 850 10 24
ta023 33920 7000 3542 888 32945 1276 13 24
ta023 33920 7000 3419 673 32967 301 8 24
ta023 33920 7000 3507 842 32945 713 10 24
ta023 33920 7000 3579 794 32954 3232 22 24
ta023 33920 7000 3653 1150 33028 1415 13 24
ta023 33920 7000 3713 899 32954 3342 22 24
ta023 33920 7000 3519 1394 33028 1501 13 24
ta023 33920 7000 3568 877 32945 650 10 24
ta023 33920 7000 3489 1345 33016 1705 15 24
ta024 31661 7000 3795 1170 30983 310 8 24
ta024 31661 7000 3779 1322 30983 842 10 24
ta024 31661 7000 3802 1172 30983 478 9 24
ta024 31661 7000 3821 1276 30983 1090 11 24
ta024 31661 7000 3786 1240 30983 185 7 24
ta024 31661 7000 3775 1240 30983 761 10 24
ta024 31661 7000 3630 1081 30996 227 8 24
ta024 31661 7000 3736 1228 30983 487 9 24
ta024 31661 7000 3777 1175 30983 880 11 24
ta024 31661 7000 3765 1212 30983 614 9 24
ta025 34557 7000 3662 763 33976 1175 12 24
ta025 34557 7000 3907 1119 34006 2783 18 24
ta025 34557 7000 3800 1044 33880 1485 13 24
ta025 34557 7000 3908 905 33823 811 10 24
ta025 34557 7000 3969 1286 34048 3625 22 24
ta025 34557 7000 3964 1316 34106 2590 18 24
ta025 34557 7000 3884 1246 34111 715 10 24
ta025 34557 7000 3800 873 33955 2818 19 24
ta025 34557 7000 3773 906 34030 2875 19 24
ta025 34557 7000 3823 1013 33882 1724 14 24
ta026 32564 7000 3449 829 31769 2572 19 24
ta026 32564 7000 3435 853 31769 1639 15 24
ta026 32564 7000 3391 801 31769 863 11 24
ta026 32564 7000 3517 525 31816 740 10 24
ta026 32564 7000 3652 893 31868 1110 12 24
ta026 32564 7000 3509 832 31786 3011 21 24
ta026 32564 7000 3683 713 31827 1197 12 24
ta026 32564 7000 3531 943 31786 1527 14 24
ta026 32564 7000 3503 980 31769 1705 14 24
ta026 32564 7000 3450 693 31769 378 8 24
ta027 32922 7000 3792 1044 32271 3746 23 24
ta027 32922 7000 3753 1282 32293 477 9 24
ta027 32922 7000 3842 928 32185 3736 23 24
ta027 32922 7000 3513 744 32365 1913 16 24
ta027 32922 7000 3792 991 32271 547 9 24
ta027 32922 7000 3809 889 32238 3752 23 24
ta027 32922 7000 3761 1261 32293 684 10 24
ta027 32922 7000 3906 1103 32453 1141 11 24
ta027 32922 7000 3497 725 32310 1098 12 24
ta027 32922 7000 3471 673 32452 2673 19 24
ta028 32412 7000 3924 1794 31763 1617 13 24
ta028 32412 7000 3821 1817 31763 507 9 24
ta028 32412 7000 3889 1395 31796 1397 13 24
ta028 32412 7000 3678 890 31812 1177 12 24
ta028 32412 7000 3740 1313 31763 2214 17 24
ta028 32412 7000 3727 1746 31763 246 8 24
ta028 32412 7000 3917 1477 31763 1167 12 24
ta028 32412 7000 3833 1735 31763 1343 12 24
ta028 32412 7000 3816 1752 31763 637 9 24
ta028 32412 7000 3828 1563 31763 1532 13 24
ta029 33600 7000 3335 665 32888 2821 21 24
ta029 33600 7000 3403 1082 32747 2535 19 24
ta029 33600 7000 3324 662 32772 788 10 24
ta029 33600 7000 3285 921 32896 925 11 24
ta029 33600 7000 3502 953 32837 2658 19 24
ta029 33600 7000 3382 913 32895 2894 21 24
ta029 33600 7000 3480 1281 32837 959 11 24
ta029 33600 7000 3462 1195 32833 2750 20 24
ta029 33600 7000 3484 1365 32832 3332 23 24
ta029 33600 7000 3482 1082 32837 1864 16 24
ta030 32262 7000 3890 950 31587 610 9 24
ta030 32262 7000 3895 1106 31653 3745 23 24
ta030 32262 7000 3839 971 31466 3739 23 24
ta030 32262 7000 3824 510 31543 1908 15 24
ta030 32262 7000 3943 1255 31466 492 9 24
ta030 32262 7000 3856 1018 31653 112 7 24
ta030 32262 7000 3612 408 31514 695 10 24
ta030 32262 7000 3764 904 31466 3029 20 24
ta030 32262 7000 3879 1242 31466 1622 14 24
ta030 32262 7000 3830 895 31466 3511 22 24
ta031 65041 4000 6550 2133 64903 2591 8 15
ta031 65096 4000 6574 2148 64813 6451 14 15
ta031 65011 4000 6486 2138 64856 3180 9 15
ta031 64967 4000 6658 2525 64819 4547 11 15
ta031 64977 4000 6455 2127 64794 1647 6 15
ta031 64991 4000 6630 2302 64883 6263 14 15
ta031 65031 4000 6666 2399 64961 2416 7 15
ta031 65000 4000 6432 2184 64845 6266 14 15
ta031 65043 4000 6367 2050 64919 2283 7 15
ta031 65018 4000 6522 2099 64790 3523 9 15
ta032 68180 4000 7269 2649 68027 5421 12 15
ta032 68180 4000 7475 2912 68023 3673 9 15
ta032 68180 4000 7314 2753 68064 442 4 15
ta032 68180 4000 7405 2715 68067 0 4 15
ta032 68180 4000 7434 2716 68064 2411 7 15
ta032 68180 4000 7480 2772 68064 1519 6 15
ta032 68180 4000 7436 2661 67944 7003 14 15
ta032 68180 4000 7288 2647 68024 4573 10 15
ta032 68180 4000 7229 2568 68067 0 4 15
ta032 68180 4000 7341 2474 68064 2643 7 15
ta033 63350 4000 6995 2702 63177 1876 6 15
ta033 63347 4000 6837 2804 63209 6802 14 15
ta033 63350 4000 6947 2565 63168 1502 6 15
ta033 63350 4000 6843 2475 63124 3769 10 15
ta033 63350 4000 6943 2558 63150 6154 13 15
ta033 63350 4000 6737 2431 63164 662 5 15
ta033 63350 4000 6972 2748 63169 2869 8 15
ta033 63350 4000 6953 2603 63146 1860 6 15
ta033 63350 4000 6769 2546 63178 3137 9 15
ta033 63350 4000 6773 2583 63203 849 5 15
ta034 68538 4000 6673 2176 68467 175 4 15
ta034 68514 4000 6785 2768 68455 27 4 15
ta034 68528 4000 7146 3229 68396 769 5 15
ta034 68543 4000 6860 3042 68415 669 5 15
ta034 68580 4000 6780 2734 68419 98 4 15
ta034 68554 4000 6765 2776 68416 314 4 15
ta034 68580 4000 7180 3025 68368 6511 13 15
ta034 68580 4000 6994 3203 68419 142 4 15
ta034 68543 4000 6825 2692 68430 2360 7 15
ta034 68580 4000 7017 3165 68419 5660 12 15
ta035 69524 4000 6171 1877 69185 4570 12 15
ta035 69524 4000 6181 1900 69194 3194 9 15
ta035 69524 4000 6380 1983 69194 5351 13 15
ta035 69524 4000 6273 1960 69210 3289 9 15
ta035 69470 4000 6175 1842 69247 5031 12 15
ta035 69470 4000 6181 1930 69194 412 4 15
ta035 69493 4000 6090 1863 69177 5042 13 15
ta035 69466 4000 6168 1901 69177 2161 7 15
ta035 69470 4000 6420 1894 69208 4442 11 15
ta035 69512 4000 5938 1879 69307 3640 10 15
ta036 67014 4000 6564 2454 66942 6446 14 15
ta036 67014 4000 6552 2479 66950 2957 9 15
ta036 67014 4000 6602 2536 66946 6499 14 15
ta036 67014 4000 6593 2426 66958 588 5 15
ta036 67014 4000 6702 2661 66861 6542 14 15
ta036 67014 4000 6606 2448 66925 6433 14 15
ta036 67014 4000 6650 2498 66966 5575 13 15
ta036 67014 4000 6524 2302 66965 828 5 15
ta036 67014 4000 6593 2460 66949 5580 13 15
ta036 67014 4000 6630 2487 66961 4430 11 15
ta037 66370 4000 6501 2186 66204 1699 6 15
ta037 66353 4000 6381 2116 66076 5417 13 15
ta037 66359 4000 6568 2049 66256 1390 6 15
ta037 66361 4000 6245 1999 66099 4509 11 15
ta037 66370 4000 6456 2030 66177 4595 11 15
ta037 66370 4000 6293 2110 66136 4341 11 15
ta037 66370 4000 6347 2017 66195 719 5 15
ta037 66357 4000 5997 1814 66197 5467 14 15
ta037 66328 4000 6619 2169 66247 6024 14 15
ta037 66370 4000 6281 2196 66142 5722 14 15
ta038 64466 4000 6715 2668 64252 3164 9 15
ta038 64463 4000 6903 2959 64339 12 4 15
ta038 64466 4000 6851 2548 64289 6553 14 15
ta038 64466 4000 6865 2524 64266 6599 14 15
ta038 64466 4000 6644 2353 64331 139 4 15
ta038 64466 4000 6582 2371 64319 1601 6 15
ta038 64453 4000 6867 2690 64316 6819 14 15
ta038 64466 4000 6879 2636 64343 0 4 15
ta038 64466 4000 6711 2481 64298 6121 14 15
ta038 64459 4000 6710 2604 64359 6703 14 15
ta039 63239 4000 7108 3087 62933 5754 12 15
ta039 63257 4000 6734 2752 62924 6664 14 15
ta039 63286 4000 6877 2814 63132 6470 14 15
ta039 63196 4000 6857 2917 63051 5925 13 15
ta039 63317 4000 6939 2859 63115 6251 13 15
ta039 63279 4000 7020 2966 63067 5477 12 15
ta039 63256 4000 7113 3186 63052 1560 6 15
ta039 63270 4000 6989 2633 63026 979 5 15
ta039 63240 4000 6956 3041 63120 6021 13 15
ta039 63233 4000 6902 2681 63068 4222 10 15
ta040 69144 4000 6518 1889 68834 1974 7 15
ta040 69202 4000 6731 2120 68746 1743 6 15
ta040 69202 4000 6781 2213 68750 2819 8 15
ta040 69202 4000 6760 2098 68750 3821 10 15
ta040 69202 4000 6645 2124 68772 6386 14 15
ta040 69202 4000 6765 2157 68733 2652 8 15
ta040 69181 4000 6675 1971 68730 3470 9 15
ta040 69096 4000 6571 1936 68755 6230 14 15
ta040 69121 4000 6845 2207 68766 1037 5 15
ta040 69078 4000 6721 2096 68751 1572 6 15
ta041 87566 8000 3505 1427 86786 2573 24 30
ta041 88174 8000 3393 1524 87053 1629 18 30
ta041 87791 8000 3645 1547 87227 1990 20 30
ta041 87418 8000 3632 1907 86632 355 10 30
ta041 87734 8000 3431 1171 87160 1588 18 30
ta041 87836 8000 3496 1437 87150 1833 19 30
ta041 87942 8000 3463 1238 87179 2847 25 30
ta041 87668 8000 3505 1234 87066 3341 28 30
ta041 87617 8000 3333 1407 86693 2608 25 30
ta041 87721 8000 3512 1570 87113 3419 29 30
ta042 83639 8000 3397 1447 82848 2995 27 30
ta042 83245 8000 3439 1541 82856 2008 20 30
ta042 83299 8000 3435 1519 82912 3319 29 30
ta042 82998 8000 3370 1772 82625 2047 21 30
ta042 83220 8000 3655 1550 82918 3172 27 30
ta042 83431 8000 3527 1495 82811 2067 20 30
ta042 83227 8000 3318 1248 82277 3288 29 30
ta042 83101 8001 3483 1455 82501 3434 29 30
ta042 83086 8000 3485 1281 82307 1223 15 30
ta042 83356 8000 3663 1598 82883 3189 27 30
ta043 80339 8000 3718 1558 79648 3698 29 30
ta043 80574 8000 3284 1268 79486 954 14 30
ta043 80486 8000 3372 1506 79574 1349 16 30
ta043 80516 8000 3478 1230 79714 332 10 30
ta043 80603 8000 3394 1361 79958 1078 15 30
ta043 80409 8000 3522 1663 79956 2949 26 30
ta043 80520 8000 3303 1210 79456 2500 24 30
ta043 80521 8000 3649 1740 79693 1813 18 30
ta043 80444 8000 3397 1446 79472 1965 20 30
ta043 80321 8000 3509 1579 79620 3175 27 30
ta044 87039 8000 3471 1658 86404 1916 20 30
ta044 87050 8000 3441 1362 86647 2757 25 30
ta044 86877 8000 3509 1653 86576 2964 26 30
ta044 87025 8000 3635 1483 86682 3506 29 30
ta044 87018 8000 3517 1670 86620 3470 29 30
ta044 86924 8000 3299 1535 86481 561 11 30
ta044 86994 8000 3407 1484 86863 3083 27 30
ta044 86851 8000 3422 1311 86471 3188 28 30
ta044 86787 8000 3452 1737 86538 196 9 30
ta044 87020 8000 3579 1606 86269 1725 18 30
ta045 87124 8000 3439 1273 86363 1299 16 30
ta045 86803 8000 3256 1109 86055 2736 26 30
ta045 87073 8000 3430 1212 86467 1763 19 30
ta045 86913 8000 3527 1433 86104 932 13 30
ta045 86696 8000 3370 1216 85824 579 11 30
ta045 86790 8000 3563 1391 86281 2411 23 30
ta045 86847 8000 3361 1035 85754 3082 28 30
ta045 86971 8000 3605 1352 86424 1201 15 30
ta045 86789 8000 3489 1173 85602 3397 29 30
ta045 86928 8000 3491 1240 86042 3364 29 30
ta046 86716 8000 3617 1162 86210 1439 16 30
ta046 86817 8000 3589 1453 86002 2679 24 30
ta046 86938 8000 3502 1407 86109 1401 16 30
ta046 86840 8000 3558 1131 86071 1153 15 30
ta046 87039 8000 3520 1344 86294 3350 28 30
ta046 86989 8000 3319 1087 86034 3221 29 30
ta046 87050 8000 3628 1577 86231 3044 26 30
ta046 87022 8000 3517 1317 86327 3503 29 30
ta046 86950 8000 3784 1395 85845 3018 25 30
ta046 87157 8000 3556 1472 86550 2625 24 30
ta047 89230 8000 3352 1261 88644 1400 17 30
ta047 89251 8001 3046 1238 88458 1558 19 30
ta047 89098 8000 3000 1151 87980 2538 26 30
ta047 89289 8000 3127 1539 88788 1703 19 30
ta047 89193 8000 3245 1453 88481 3096 29 30
ta047 89287 8000 3058 1268 88698 2848 28 30
ta047 89335 8000 3126 1260 88569 1885 21 30
ta047 89619 8000 3238 1055 89014 3044 28 30
ta047 89209 8000 3130 1250 88486 2695 27 30
ta047 89166 8000 3085 1051 88283 2851 28 30
ta048 87398 8000 3449 1386 86884 3279 28 30
ta048 87377 8000 3544 1427 86997 1500 17 30
ta048 87344 8000 3459 1590 86567 3418 29 30
ta048 87274 8001 3455 1229 86791 1107 14 30
ta048 87274 8000 3477 1281 86847 3238 28 30
ta048 87348 8000 3653 1514 86825 3298 27 30
ta048 87196 8000 3499 1627 86313 1359 16 30
ta048 87269 8000 3620 1706 86436 3182 27 30
ta048 87253 8000 3556 1480 86642 2982 26 30
ta048 87367 8000 3312 1207 86840 2596 25 30
ta049 85990 8000 3224 1174 85109 3173 29 30
ta049 85957 8000 3391 1349 85379 3169 28 30
ta049 85809 8000 3368 1192 85173 2809 26 30
ta049 85930 8001 3356 1199 85440 3354 29 30
ta049 86041 8000 3193 1206 85349 3179 29 30
ta049 85919 8000 3439 1443 84997 2900 26 30
ta049 85793 8000 3455 1407 85080 1704 18 30
ta049 85740 8001 3325 1294 85329 949 14 30
ta049 85873 8000 3002 1198 85588 506 11 30
ta049 85774 8000 3406 1270 85356 1314 16 30
ta050 88376 8000 3200 1371 87895 1484 18 30
ta050 88222 8000 3290 1423 87735 671 12 30
ta050 88230 8000 3371 1336 87813 3263 29 30
ta050 88248 8000 2986 1052 87848 2337 25 30
ta050 88302 8001 3286 1234 87595 876 13 30
ta050 87998 8000 3301 1122 87570 2187 22 30
ta050 88415 8000 3369 1553 87985 2370 23 30
ta050 88419 8001 3115 1206 87784 1872 21 30
ta050 88462 8000 3090 1281 87952 3026 29 30
ta050 88496 8000 3147 1542 88244 983 14 30
ta051 126063 16002 1807 708 124590 1588 54 60
ta051 125877 16001 1925 861 124198 1558 51 60
ta051 125960 16001 1704 499 124261 1488 54 60
ta051 126164 16000 1715 627 124805 1194 45 60
ta051 125975 16000 1852 725 124978 1100 42 60
ta051 126036 16001 1756 621 124657 1092 43 60
ta051 125954 16000 1774 587 124676 1116 43 60
ta051 125951 16000 1847 655 124569 1577 53 60
ta051 125937 16000 1886 707 124331 1211 44 60
ta051 125922 16000 1826 652 124728 507 28 60
ta052 120066 16000 1673 466 118408 1565 57 60
ta052 119993 16001 1906 681 118968 1801 57 60
ta052 120118 16002 1666 550 117923 1661 59 60
ta052 120108 16001 1702 438 118198 1132 46 60
ta052 120043 16000 1772 528 117963 1473 52 60
ta052 120078 16002 1794 568 118183 1530 53 60
ta052 119493 16001 1765 768 117271 685 33 60
ta052 120060 16001 1682 547 118743 1624 58 60
ta052 119852 16002 1795 586 118359 870 37 60
ta052 120149 16000 1701 624 118775 1359 51 60
ta053 117040 16001 1958 711 115810 1773 55 60
ta053 117042 16000 1864 647 115938 1248 45 60
ta053 117220 16000 1765 555 115002 1167 45 60
ta053 117398 16000 1799 587 116045 1629 55 60
ta053 116991 16001 1846 829 115693 907 37 60
ta053 117248 16001 1827 645 116104 714 33 60
ta053 117171 16000 1787 605 115858 796 35 60
ta053 117307 16001 1866 751 116148 1081 41 60
ta053 116693 16000 1732 719 115028 1390 51 60
ta053 117056 16000 1851 750 116024 1790 58 60
ta054 121135 16001 1789 611 119734 1090 42 60
ta054 121048 16001 1850 970 120091 856 36 60
ta054 121104 16000 1746 621 119901 1572 55 60
ta054 121252 16001 1671 601 119537 1538 56 60
ta054 121184 16001 1840 712 120023 1673 56 60
ta054 120898 16001 1839 709 119760 1401 48 60
ta054 121280 16001 1755 755 119720 1270 47 60
ta054 121314 16001 1786 685 119749 1759 59 60
ta054 121240 16001 1859 768 119869 1682 55 60
ta054 121280 16000 1703 625 119728 1363 51 60
ta055 118853 16001 1727 484 116913 1553 55 60
ta055 118417 16000 1696 640 116852 1184 46 60
ta055 118715 16001 1815 770 117269 1755 58 60
ta055 119040 16000 1643 597 116744 1426 54 60
ta055 118757 16001 1891 661 117442 1290 45 60
ta055 118429 16000 1693 590 116994 1035 43 60
ta055 118551 16001 1647 770 116802 769 36 60
ta055 118909 16002 1696 593 117290 542 30 60
ta055 119081 16001 1594 642 117244 1531 58 60
ta055 118856 16000 1658 581 117098 1081 44 60
ta056 121028 16001 1887 662 119661 1608 53 60
ta056 121447 16000 1550 393 119701 826 39 60
ta056 121048 16002 1668 705 120024 1183 47 60
ta056 121060 16000 1761 598 119830 1714 58 60
ta056 120905 16001 1740 542 119410 1636 57 60
ta056 121169 16000 1747 635 119946 481 28 60
ta056 120715 16001 1666 680 119560 1546 56 60
ta056 121214 16000 1751 782 120095 1739 59 60
ta056 120922 16001 1647 543 119598 1498 56 60
ta056 121018 16001 1917 808 119594 1795 57 60
ta057 123534 16000 1789 700 122265 1371 49 60
ta057 123256 16001 1933 722 122457 1239 44 60
ta057 123404 16000 1998 821 122517 812 33 60
ta057 123367 16000 1806 727 122077 936 38 60
ta057 123290 16000 1759 667 122122 1679 57 60
ta057 123256 16000 2039 951 122737 159 19 60
ta057 123256 16000 1913 690 122322 1745 56 60
ta057 123256 16000 1901 687 122165 1317 46 60
ta057 123339 16000 1850 841 122167 1328 47 60
ta057 123277 16001 1764 561 121824 1063 42 60
ta058 122901 16002 1645 594 120693 1467 55 60
ta058 122945 16001 1629 666 121009 1295 51 60
ta058 122618 16000 1751 685 121466 1550 55 60
ta058 122550 16001 1663 638 120687 1622 58 60
ta058 123026 16001 1654 703 121368 923 40 60
ta058 122691 16000 1500 530 120484 1140 49 60
ta058 122963 16000 1680 492 120812 1250 48 60
ta058 122820 16002 1751 762 120585 1133 45 60
ta058 123039 16002 1626 516 120442 1585 58 60
ta058 122520 16002 1525 575 120936 1442 57 60
ta059 122003 16001 1806 638 120755 1473 52 60
ta059 122052 16000 1651 456 121243 1376 52 60
ta059 122301 16001 1904 851 121273 1414 49 60
ta059 122144 16002 1671 478 120488 1598 58 60
ta059 122203 16001 1796 730 120870 1583 54 60
ta059 122200 16000 1770 674 121319 1416 51 60
ta059 122266 16000 1832 672 121348 1231 45 60
ta059 122043 16000 1855 586 121024 1612 54 60
ta059 121933 16001 1738 586 120609 725 34 60
ta059 121932 16001 1881 692 120582 1317 46 60
ta060 124699 16000 1589 531 123795 1337 52 60
ta060 124624 16002 1769 776 123568 1300 48 60
ta060 124439 16001 1592 555 123424 1516 57 60
ta060 124459 16002 1695 781 123346 1489 54 60
ta060 124262 16000 1754 632 123055 1421 51 60
ta060 124691 16001 1667 659 123544 729 35 60
ta060 124426 16000 1645 568 123615 1314 51 60
ta060 124464 16000 1653 505 123232 1005 42 60
ta060 124362 16000 1763 697 123314 1235 47 60
ta060 124481 16001 1724 617 123678 505 28 60
ta061 253202 8002 3969 1888 252979 196 9 30
ta061 253202 8000 3986 1942 252979 384 10 30
ta061 253202 8002 3894 1736 252979 89 8 30
ta061 253202 8002 3934 1775 252979 3 8 30
ta061 253202 8000 3937 1833 252979 16 8 30
ta061 253202 8002 3932 1696 252979 34 8 30
ta061 253202 8000 3955 1828 252979 61 8 30
ta061 253202 8000 3959 1837 252979 57 8 30
ta061 253202 8001 3884 1653 252979 774 12 30
ta061 253202 8000 3878 1638 252979 77 8 30
ta062 242090 8000 4469 2017 241980 3111 23 30
ta062 242086 8000 4313 2067 241984 1151 13 30
ta062 242014 8001 4232 1883 241911 1254 14 30
ta062 242090 8000 4332 1811 241980 492 10 30
ta062 242090 8002 4467 1983 242002 536 10 30
ta062 242090 8000 4333 1965 241982 3649 26 30
ta062 242090 8000 4528 1971 242002 14 8 30
ta062 242090 8002 4496 1988 241879 2412 19 30
ta062 242090 8001 4368 1957 241985 2597 21 30
ta062 242090 8000 4317 2018 241985 113 8 30
ta063 237886 8001 4322 2056 237848 4 8 30
ta063 237886 8000 4378 2151 237865 924 12 30
ta063 237886 8001 4371 2233 237848 0 8 30
ta063 237886 8002 4341 2120 237848 1 8 30
ta063 237886 8000 4379 2127 237848 0 8 30
ta063 237886 8002 4356 2162 237848 1 8 30
ta063 237886 8002 4336 2090 237848 3 8 30
ta063 237886 8002 4298 2068 237848 0 8 30
ta063 237886 8001 4320 2126 237848 0 8 30
ta063 237886 8001 4344 2195 237848 1 8 30
ta064 227749 8002 4059 2071 227619 2737 22 30
ta064 227749 8000 4107 2102 227598 3594 27 30
ta064 227734 8000 4117 1795 227496 946 13 30
ta064 227749 8001 4060 1980 227619 1096 13 30
ta064 227709 8000 4012 1851 227507 2898 23 30
ta064 227749 8001 4108 2057 227607 2639 22 30
ta064 227749 8001 4058 2075 227607 795 12 30
ta064 227749 8000 4065 2030 227598 608 11 30
ta064 227749 8000 4063 2073 227612 1891 18 30
ta064 227749 8002 4042 1963 227612 2940 23 30
ta065 240826 8000 4222 1848 240677 4 8 30
ta065 240815 8001 4186 1784 240666 0 8 30
ta065 240825 8000 4184 1767 240676 0 8 30
ta065 240826 8000 4130 1894 240672 35 8 30
ta065 240826 8000 4183 1852 240574 1016 13 30
ta065 240826 8000 4174 1873 240604 3754 27 30
ta065 240785 8000 3926 1589 240527 3856 29 30
ta065 240826 8002 4202 1794 240575 3605 26 30
ta065 240826 8000 4093 1750 240553 4038 29 30
ta065 240826 8002 4220 1851 240676 2483 20 30
ta066 232399 8001 4537 1953 232218 23 8 30
ta066 232399 8001 4472 2092 232202 2869 22 30
ta066 232399 8000 4424 2083 232171 356 9 30
ta066 232399 8003 4423 2007 232171 988 12 30
ta066 232399 8000 4494 2073 232171 2389 19 30
ta066 232399 8000 4491 2014 232185 3804 26 30
ta066 232399 8003 4387 1943 232187 1813 16 30
ta066 232399 8002 4461 1988 232185 332 9 30
ta066 232399 8002 4470 1968 232202 656 11 30
ta066 232399 8001 4450 2059 232171 2437 19 30
ta067 240867 8000 3960 1512 240657 2676 22 30
ta067 240867 8001 4146 1592 240652 3592 27 30
ta067 240810 8000 3715 1391 240499 1936 19 30
ta067 240739 8001 3930 1593 240502 2858 24 30
ta067 240867 8000 4034 1596 240721 3717 28 30
ta067 240867 8000 4012 1633 240616 3123 25 30
ta067 240824 8000 4070 1582 240628 3493 26 30
ta067 240867 8002 4023 1692 240564 3962 29 30
ta067 240867 8000 4053 1637 240631 3606 27 30
ta067 240867 8000 4090 1627 240689 2628 22 30
ta068 231184 8000 4729 2016 230946 2442 19 30
ta068 231160 8000 4716 1947 231011 296 9 30
ta068 231184 8000 4803 2039 230924 2880 21 30
ta068 231184 8002 4700 2020 230906 1014 12 30
ta068 231184 8000 4679 2011 230942 1987 17 30
ta068 231184 8000 4663 1921 230942 4159 27 30
ta068 231162 8000 4709 2094 230914 3547 24 30
ta068 231184 8000 4773 2033 230971 0 8 30
ta068 231184 8000 4626 2032 230942 1493 15 30
ta068 231181 8002 4497 1909 230950 3346 24 30
ta069 248152 8000 4587 1872 247786 3854 26 30
ta069 248152 8000 4538 1859 247809 2169 18 30
ta069 248152 8001 4554 1942 247798 2657 21 30
ta069 248152 8001 4361 1851 247823 3043 23 30
ta069 248152 8001 4404 1814 247837 324 9 30
ta069 248152 8002 4598 1897 247786 3214 23 30
ta069 248152 8000 4580 1914 247836 4331 28 30
ta069 248151 8000 4553 1847 247794 3641 25 30
ta069 248152 8000 4495 1844 247806 2166 18 30
ta069 248152 8000 4586 1874 247832 420 10 30
ta070 244167 8002 4204 1898 243904 1749 17 30
ta070 244134 8000 4165 1877 243851 1476 15 30
ta070 244167 8000 4091 1856 243839 3362 26 30
ta070 244086 8001 4315 1888 243849 3867 27 30
ta070 244055 8000 4148 1918 243783 4126 29 30
ta070 243866 8001 3966 1514 243253 3397 26 30
ta070 244028 8000 3991 1594 243659 3767 28 30
ta070 244134 8002 4172 1833 243834 2629 21 30
ta070 244147 8002 4152 1854 243902 3948 28 30
ta070 244083 8000 4210 1850 243849 0 8 30
ta071 300128 16001 2290 1142 299462 1855 51 60
ta071 300180 16004 2308 1089 299511 1590 46 60
ta071 300259 16006 2144 947 299504 2080 58 60
ta071 300134 16004 2213 1028 299409 1922 54 60
ta071 300268 16001 2279 1016 299577 1414 43 60
ta071 300182 16001 2276 1114 299575 622 28 60
ta071 300205 16005 2234 939 299836 1673 48 60
ta071 300138 16005 2270 1133 299548 1969 54 60
ta071 300070 16006 2217 1004 299448 1716 50 60
ta071 300158 16000 2271 1168 299567 1953 53 60
ta072 274622 16001 2302 1350 274151 1956 53 60
ta072 274622 16006 2372 1422 274189 2341 59 60
ta072 274622 16001 2276 1324 274066 1966 53 60
ta072 274622 16005 2333 1379 274089 2055 54 60
ta072 274622 16000 2274 1313 274063 2054 55 60
ta072 274622 16000 2313 1273 274257 1674 47 60
ta072 274622 16000 2296 1272 274107 1557 45 60
ta072 274622 16005 2301 1311 274022 1925 52 60
ta072 274622 16006 2340 1306 274160 1934 51 60
ta072 274622 16001 2367 1314 274190 2053 54 60
ta073 289084 16005 2087 997 288016 1734 52 60
ta073 289084 16001 2061 959 288069 1878 56 60
ta073 289036 16002 2195 1040 287974 2092 57 60
ta073 289110 16000 2183 930 287924 1825 53 60
ta073 289084 16001 2219 1007 288028 1364 43 60
ta073 289084 16001 2111 941 288068 1055 37 60
ta073 289102 16005 2205 1046 288154 1386 43 60
ta073 289084 16005 2108 952 288042 948 35 60
ta073 289102 16005 2147 948 288155 1971 56 60
ta073 289084 16006 2155 923 288080 750 31 60
ta074 302056 16003 2185 1286 301459 1460 45 60
ta074 302021 16002 2067 1172 301534 728 31 60
ta074 302056 16000 2048 1160 301495 1997 59 60
ta074 301973 16003 2141 1269 301458 1240 41 60
ta074 302056 16002 2184 1310 301458 1243 41 60
ta074 301981 16002 2289 1297 301441 2086 56 60
ta074 302056 16000 2091 1219 301448 1523 48 60
ta074 301973 16001 2152 1226 301417 1301 43 60
ta074 302020 16001 2102 1185 301507 1566 49 60
ta074 302056 16000 2087 1201 301448 459 25 60
ta075 284214 16001 2321 1158 283791 1081 36 60
ta075 284256 16003 2268 1178 283445 1902 52 60
ta075 284256 16004 2330 1212 283681 824 31 60
ta075 284256 16002 2359 1196 283641 1885 51 60
ta075 284256 16000 2273 1111 283617 2136 57 60
ta075 284256 16000 2372 1192 283676 1796 49 60
ta075 284221 16000 2296 1177 283641 1591 46 60
ta075 284235 16006 2335 1182 283731 145 18 60
ta075 284256 16000 2361 1233 283689 928 33 60
ta075 284155 16004 2291 1153 283708 1779 50 60
ta076 271448 16000 2081 1052 270018 2069 59 60
ta076 271601 16004 2231 1177 270416 2074 56 60
ta076 271492 16001 2030 1009 270110 1338 45 60
ta076 271601 16003 2249 1215 270430 2203 59 60
ta076 271601 16001 2245 1217 270466 2037 56 60
ta076 271452 16003 2078 967 270322 1710 52 60
ta076 271475 16004 2165 1105 270449 2162 59 60
ta076 271382 16005 1957 904 270321 1783 56 60
ta076 271418 16006 2133 1036 270517 1048 37 60
ta076 271360 16001 2129 994 270229 1597 48 60
ta077 280128 16004 1963 1135 279150 1051 39 60
ta077 280162 16005 1994 1070 279300 278 22 60
ta077 279840 16000 1995 1119 278869 1800 55 60
ta077 279987 16001 2017 1150 279132 1520 49 60
ta077 280019 16001 1971 1048 279170 759 33 60
ta077 279974 16006 1986 1095 279422 780 33 60
ta077 280377 16003 1933 1083 279618 167 19 60
ta077 280025 16004 1967 1176 279221 1744 55 60
ta077 280017 16000 1958 1149 278915 1522 50 60
ta077 280030 16002 2056 1216 278865 2044 59 60
ta078 290962 16002 2207 1035 290560 1869 53 60
ta078 290972 16004 2214 985 290347 968 35 60
ta078 291011 16005 2117 1015 290475 1264 41 60
ta078 291032 16004 2268 1054 290590 1479 44 60
ta078 291032 16006 2194 997 290489 1900 54 60
ta078 291032 16001 2258 918 290505 1323 42 60
ta078 291032 16006 2197 997 290650 2019 56 60
ta078 290969 16002 2162 1047 290457 1489 46 60
ta078 290597 16005 2246 1034 290182 1826 51 60
ta078 290958 16005 2110 840 290502 1074 39 60
ta079 303425 16001 2093 808 302390 2072 59 60
ta079 303399 16005 2131 848 302428 2116 59 60
ta079 303321 16000 2191 904 302322 1564 47 60
ta079 303104 16006 2169 867 302300 1757 52 60
ta079 303018 16002 2105 828 302093 1561 48 60
ta079 303392 16000 2208 958 302467 2179 59 60
ta079 303434 16004 2062 739 301995 1143 40 60
ta079 303291 16004 2074 815 302167 2025 59 60
ta079 303231 16005 2220 849 302405 1553 46 60
ta079 303425 16002 2285 931 302516 1613 46 60
ta080 291921 16002 2327 1124 291294 2121 56 60
ta080 291961 16003 2468 1227 291346 1459 41 60
ta080 291997 16001 2417 1056 291292 900 32 60
ta080 291978 16000 2395 1099 291183 1161 37 60
ta080 291861 16005 2277 950 291233 2070 55 60
ta080 291966 16000 2375 992 291224 984 33 60
ta080 291868 16000 2389 1090 291267 2002 53 60
ta080 291947 16001 2529 1115 291308 1121 35 60
ta080 291939 16005 2335 1001 291254 1060 35 60
ta080 291964 16001 2377 1129 291305 1499 43 60
ta081 367999 32015 973 474 365095 912 114 120
ta081 367165 32007 939 380 364444 936 119 120
ta081 367824 32010 900 372 365641 518 83 120
ta081 367282 32002 936 411 364389 674 94 120
ta081 367709 32005 887 379 364408 830 114 120
ta081 367577 32010 968 469 364747 847 109 120
ta081 367398 32004 908 420 364228 857 115 120
ta081 367981 32002 871 358 364518 860 119 120
ta081 367860 32013 889 352 364875 595 91 120
ta081 367740 32008 957 414 364930 950 119 120
ta082 372249 32003 1044 531 370311 1016 117 120
ta082 372356 32002 1046 526 370154 991 114 120
ta082 372255 32014 1053 491 370338 931 109 120
ta082 372488 32009 1074 475 370571 900 106 120
ta082 372354 32004 1011 420 369799 937 113 120
ta082 372366 32004 1054 564 369879 1035 118 120
ta082 372058 32001 993 415 369452 909 112 120
ta082 372234 32007 1006 459 370012 747 97 120
ta082 372088 32011 1047 547 370518 832 101 120
ta082 371907 32016 1100 604 370112 887 103 120
ta083 373017 32002 996 381 370523 799 102 120
ta083 373523 32013 955 350 370766 941 118 120
ta083 372988 32004 1021 376 370850 556 79 120
ta083 373000 32011 948 330 369985 735 98 120
ta083 373026 32013 1022 412 370193 708 93 120
ta083 373847 32001 1030 423 371040 834 104 120
ta083 373122 32007 908 416 369571 882 117 120
ta083 373316 32001 988 399 370489 830 106 120
ta083 373142 32016 1000 444 369568 917 112 120
ta083 373315 32002 1008 444 370413 990 118 120
ta084 375459 32008 981 425 372189 400 68 120
ta084 375522 32012 1081 556 372475 706 89 120
ta084 375885 32012 1004 492 372643 893 110 120
ta084 375397 32008 1063 509 371724 745 95 120
ta084 375571 32001 963 471 372080 756 100 120
ta084 375659 32004 1037 506 372448 768 97 120
ta084 375673 32003 1036 523 372673 858 104 120
ta084 375159 32011 1018 522 371858 839 104 120
ta084 375071 32003 1024 517 371501 969 115 120
ta084 375374 32012 1038 564 371927 1028 119 120
ta085 369767 32001 1024 479 366038 757 97 120
ta085 369802 32013 912 381 366411 754 104 120
ta085 369528 32009 982 438 366162 674 93 120
ta085 369657 32001 1007 430 366434 699 92 120
ta085 369890 32002 1029 432 366109 954 114 120
ta085 370326 32014 947 402 365779 931 118 120
ta085 369836 32012 1011 448 365846 776 100 120
ta085 369651 32002 968 504 365786 817 106 120
ta085 369388 32006 954 499 366182 692 96 120
ta085 369591 32014 978 470 366591 893 112 120
ta086 374058 32015 959 430 369917 951 119 120
ta086 374021 32012 979 478 370427 972 119 120
ta086 374433 32005 992 417 370446 828 106 120
ta086 373700 32010 915 463 369967 579 87 120
ta086 374918 32007 846 261 370537 833 118 120
ta086 374460 32005 888 395 371041 819 112 120
ta086 374135 32014 893 378 370370 813 112 120
ta086 374233 32000 1011 361 369645 1008 119 120
ta086 374248 32014 987 440 370823 968 118 120
ta086 374633 32011 939 355 370493 717 99 120
ta087 374831 32003 1025 442 370282 695 91 120
ta087 375014 32005 1115 545 370396 1099 118 120
ta087 374918 32000 1034 374 370429 753 96 120
ta087 374990 32012 1078 519 371084 1056 118 120
ta087 375064 32004 1088 449 371057 764 93 120
ta087 374919 32002 1134 570 370016 1067 115 120
ta087 374915 32015 1082 568 370581 1041 116 120
ta087 375102 32006 1043 416 370848 622 85 120
ta087 375028 32015 1081 466 370662 1065 118 120
ta087 375060 32015 1047 475 370376 1028 118 120
ta088 386325 32000 934 445 383272 922 119 120
ta088 386295 32005 921 331 382667 834 112 120
ta088 386525 32008 949 434 382650 640 91 120
ta088 386325 32015 896 374 383359 819 112 120
ta088 386527 32009 888 426 382547 807 111 120
ta088 386407 32014 898 373 382621 645 96 120
ta088 385639 32000 889 393 381694 736 105 120
ta088 386277 32003 819 360 382237 777 115 120
ta088 386323 32011 927 437 383262 846 112 120
ta088 386366 32011 994 440 383553 788 102 120
ta089 376734 32002 819 352 373898 648 101 120
ta089 376746 32014 870 411 373111 786 111 120
ta089 376033 32013 902 384 371990 681 99 120
ta089 376757 32003 905 364 372775 777 107 120
ta089 376701 32009 907 370 373353 852 114 120
ta089 376127 32007 917 371 371710 900 118 120
ta089 376504 32002 892 389 373296 831 114 120
ta089 376299 32010 926 482 372323 917 119 120
ta089 376271 32000 894 395 372491 819 112 120
ta089 376238 32017 894 356 373551 828 113 120
ta090 379824 32012 965 432 377057 838 108 120
ta090 379879 32001 945 348 377025 708 96 120
ta090 379777 32014 956 461 376450 894 114 120
ta090 379758 32000 986 397 376681 764 99 120
ta090 380117 32011 949 408 377630 862 111 120
ta090 380082 32001 925 450 377563 675 96 120
ta090 380060 32016 862 408 376916 668 101 120
ta090 379642 32005 912 385 377410 845 113 120
ta090 379984 32015 932 465 376774 924 119 120
ta090 379996 32007 1000 454 376785 883 109 120
ta091 1042514 32004 1054 580 1041395 591 81 120
ta091 1042514 32029 1042 581 1041016 843 103 120
ta091 1042482 32039 1081 669 1041056 996 113 120
ta091 1042549 32048 1036 583 1041226 1014 118 120
ta091 1042495 32011 1097 573 1040879 938 108 120
ta091 1042579 32029 1054 571 1041193 966 112 120
ta091 1042552 32007 1018 501 1041207 557 80 120
ta091 1042666 32018 1020 549 1041111 692 91 120
ta091 1042767 32002 1061 618 1041191 946 110 120
ta091 1042511 32035 976 514 1041575 797 104 120
ta092 1028880 32024 1196 764 1027676 897 97 120
ta092 1028880 32036 1179 735 1027924 956 104 120
ta092 1028880 32017 1200 808 1027952 705 83 120
ta092 1028880 32038 1220 814 1027920 1008 104 120
ta092 1028879 32008 1229 816 1027886 575 74 120
ta092 1028879 32014 1186 704 1027432 804 91 120
ta092 1028880 32027 1196 713 1027766 201 46 120
ta092 1028880 32039 1200 783 1027948 898 98 120
ta092 1028880 32006 1223 788 1027864 627 77 120
ta092 1028879 32024 1184 749 1027896 1032 108 120
ta093 1044057 32008 1029 537 1043055 835 103 120
ta093 1043952 32010 947 457 1043002 833 109 120
ta093 1043537 32030 1047 605 1041939 888 106 120
ta093 1044188 32004 1038 562 1042920 736 95 120
ta093 1044525 32008 992 493 1043224 502 77 120
ta093 1044208 32041 1036 506 1042707 999 117 120
ta093 1043452 32002 1058 567 1041679 548 78 120
ta093 1044407 32045 1081 617 1043291 907 106 120
ta093 1043621 32036 940 448 1042628 760 103 120
ta093 1043889 32036 1025 527 1042641 790 100 120
ta094 1023493 32004 1319 629 1022342 854 89 120
ta094 1023775 32018 1260 594 1022723 1201 116 120
ta094 1023704 32048 1254 644 1022496 1066 107 120
ta094 1023588 32005 1296 688 1022354 1134 108 120
ta094 1023708 32003 1317 734 1022462 990 98 120
ta094 1023509 32006 1248 612 1022278 800 89 120
ta094 1023487 32008 1217 605 1022500 1045 107 120
ta094 1023730 32031 1324 697 1022466 1317 119 120
ta094 1023828 32003 1219 608 1022680 1094 112 120
ta094 1023425 32047 1401 755 1022320 1115 102 120
ta095 1028935 32032 1127 673 1027243 940 105 120
ta095 1028600 32037 1095 709 1026739 912 105 120
ta095 1028993 32006 1110 653 1027442 635 84 120
ta095 1028847 32035 1061 610 1027432 352 61 120
ta095 1028922 32004 1083 631 1027320 1065 118 120
ta095 1028819 32016 1120 688 1027139 1107 119 120
ta095 1029015 32005 1083 696 1027491 1013 114 120
ta095 1029324 32026 1097 616 1027833 630 82 120
ta095 1029007 32016 1124 704 1027267 1030 113 120
ta095 1029268 32036 1149 676 1027653 1044 112 120
ta096 999651 32033 1230 866 998219 1077 108 120
ta096 999510 32007 1107 748 998178 830 98 120
ta096 999416 32010 1211 827 998070 1139 115 120
ta096 999575 32007 1205 817 998119 1016 106 120
ta096 999637 32010 1150 816 998379 904 101 120
ta096 999795 32006 1193 815 998271 1085 112 120
ta096 999596 32010 1226 833 998180 759 86 120
ta096 999501 32023 1245 881 997966 978 101 120
ta096 999701 32010 1172 802 998293 811 93 120
ta096 999490 32006 1268 893 998245 1004 101 120
ta097 1042583 32037 1475 940 1041262 391 55 120
ta097 1042583 32042 1492 983 1041220 1460 118 120
ta097 1042583 32002 1473 946 1041247 160 41 120
ta097 1042583 32016 1461 939 1041227 862 84 120
ta097 1042583 32013 1512 994 1041248 576 65 120
ta097 1042583 32011 1471 953 1041325 738 76 120
ta097 1042583 32021 1453 916 1041343 1071 97 120
ta097 1042578 32005 1484 985 1041358 1455 118 120
ta097 1042583 32049 1499 992 1041242 743 75 120
ta097 1042583 32004 1470 939 1041258 1441 118 120
ta098 1035915 32032 1178 744 1034463 551 73 120
ta098 1035915 32023 1222 767 1034229 963 100 120
ta098 1035915 32048 1137 731 1034232 965 107 120
ta098 1035915 32041 1147 753 1034374 748 89 120
ta098 1035915 32040 1115 675 1034277 502 71 120
ta098 1035915 32040 1088 604 1034275 1084 119 120
ta098 1035915 32011 1151 750 1034398 357 58 120
ta098 1035915 32036 1119 718 1034235 1079 116 120
ta098 1035915 32000 1182 718 1034479 279 52 120
ta098 1035915 32019 1121 710 1034395 960 107 120
ta099 1015691 32011 1176 817 1014693 881 98 120
ta099 1015692 32031 1202 894 1015149 907 98 120
ta099 1015649 32019 1193 873 1014688 828 92 120
ta099 1015729 32004 1215 867 1014697 412 61 120
ta099 1015774 32007 1205 884 1014790 1024 107 120
ta099 1015682 32022 1191 890 1014828 717 85 120
ta099 1015715 32016 1217 884 1014770 354 58 120
ta099 1015535 32033 1208 862 1014465 1149 115 120
ta099 1015651 32001 1210 891 1014662 723 85 120
ta099 1015476 32037 1221 883 1014572 1036 107 120
ta100 1021750 32020 1299 772 1020432 1109 106 120
ta100 1021680 32008 1317 796 1020497 673 77 120
ta100 1021698 32035 1325 784 1020597 1300 118 120
ta100 1021853 32043 1326 735 1020286 993 97 120
ta100 1021903 32040 1296 720 1020563 738 82 120
ta100 1021903 32036 1286 759 1020689 1097 106 120
ta100 1021874 32049 1232 739 1020825 357 57 120
ta100 1021903 32013 1272 732 1020428 1253 118 120
ta100 1021791 32035 1307 769 1020565 473 63 120
ta100 1021681 32038 1369 749 1020443 546 66 120
ta101 1225026 63039 525 257 1218429 513 236 240
ta101 1225757 63054 529 233 1220859 489 227 240
ta101 1225385 63103 565 268 1220215 542 233 240
ta101 1227301 63088 591 277 1221203 585 238 240
ta101 1227674 63097 595 262 1221975 487 205 240
ta101 1224620 63030 558 283 1218967 553 238 240
ta101 1223849 63060 576 301 1217784 478 212 240
ta101 1224164 63008 511 232 1219804 459 223 240
ta101 1226261 63083 567 290 1220302 562 238 240
ta101 1226945 63117 576 292 1222232 324 165 240
ta102 1232643 63026 522 303 1228081 495 231 240
ta102 1233203 63016 498 316 1228001 496 239 240
ta102 1233138 63012 488 264 1228411 458 230 240
ta102 1233169 63087 478 271 1228026 468 237 240
ta102 1233525 63007 486 252 1228850 458 230 240
ta102 1232906 63045 501 296 1227717 405 206 240
ta102 1233720 63009 486 273 1227927 484 239 240
ta102 1233049 63004 476 278 1226729 425 222 240
ta102 1233639 63027 539 315 1228537 532 238 240
ta102 1233086 63126 497 281 1227875 462 227 240
ta103 1255020 63109 603 328 1249609 598 239 240
ta103 1255013 63107 601 384 1249840 594 238 240
ta103 1254992 63118 574 306 1249058 482 212 240
ta103 1255188 63074 579 322 1249707 239 140 240
ta103 1255143 63007 555 288 1249255 518 229 240
ta103 1254800 63011 545 295 1248091 506 227 240
ta103 1255208 63001 588 308 1249258 545 226 240
ta103 1255022 63014 576 264 1249497 550 233 240
ta103 1254940 63030 613 326 1249894 547 221 240
ta103 1254902 63042 610 316 1249349 294 150 240
ta104 1227303 63066 539 350 1222917 479 221 240
ta104 1227724 63065 552 370 1223327 266 149 240
ta104 1227616 63011 527 353 1222947 500 232 240
ta104 1227600 63010 528 367 1222946 518 236 240
ta104 1227660 63096 470 249 1224709 368 204 240
ta104 1227362 63082 523 315 1221831 496 231 240
ta104 1227067 63080 511 332 1221510 441 215 240
ta104 1227664 63033 516 320 1222913 514 239 240
ta104 1227353 63011 533 334 1222803 454 214 240
ta104 1227391 63084 520 317 1222549 442 213 240
ta105 1216774 63116 581 287 1209037 565 235 240
ta105 1216837 63085 561 302 1210527 546 235 240
ta105 1216723 63075 570 295 1210537 557 236 240
ta105 1216707 63100 551 260 1210301 535 235 240
ta105 1216004 63045 579 326 1209248 575 239 240
ta105 1216240 63057 534 283 1209255 526 237 240
ta105 1216742 63025 583 308 1210474 565 235 240
ta105 1216004 63069 553 269 1208157 519 231 240
ta105 1216325 63079 590 309 1210925 548 227 240
ta105 1216492 63061 560 290 1210224 553 238 240
ta106 1219931 63009 566 288 1214780 520 226 240
ta106 1219851 63104 565 334 1214790 465 209 240
ta106 1220022 63026 555 326 1215531 333 169 240
ta106 1219819 63007 575 316 1214412 566 237 240
ta106 1219541 63055 591 346 1214155 542 225 240
ta106 1219518 63101 559 309 1216079 538 233 240
ta106 1219824 63112 550 294 1216106 519 230 240
ta106 1219828 63007 518 268 1213984 488 228 240
ta106 1219901 63018 572 292 1214810 513 222 240
ta106 1220102 63121 575 275 1214764 568 237 240
ta107 1237358 63028 484 268 1232707 472 235 240
ta107 1237174 63003 472 251 1231241 390 211 240
ta107 1237270 63063 474 263 1232949 450 230 240
ta107 1237222 63023 492 286 1232080 482 237 240
ta107 1237223 63063 477 264 1232637 447 228 240
ta107 1237358 63002 492 267 1232209 484 237 240
ta107 1237358 63056 478 264 1231712 463 234 240
ta107 1237358 63087 495 262 1232346 466 229 240
ta107 1237358 63034 466 246 1232086 444 231 240
ta107 1237343 63035 492 278 1232557 465 231 240
ta108 1234002 63006 504 280 1229629 484 232 240
ta108 1233746 63001 522 285 1229055 495 231 240
ta108 1233741 63067 553 282 1229572 395 189 240
ta108 1233770 63071 557 283 1228912 555 239 240
ta108 1234121 63107 577 326 1228838 516 219 240
ta108 1234132 63086 572 310 1229700 505 219 240
ta108 1233808 63111 551 287 1228504 493 222 240
ta108 1233783 63118 585 285 1229272 517 219 240
ta108 1234519 63020 536 272 1230219 394 193 240
ta108 1234175 63045 585 291 1229888 570 236 240
ta109 1222660 63063 489 280 1219921 468 232 240
ta109 1222492 63055 525 299 1216158 432 210 240
ta109 1222675 63003 534 292 1215550 506 231 240
ta109 1222537 63022 525 269 1215704 499 231 240
ta109 1222659 63077 535 267 1215097 490 226 240
ta109 1222586 63113 553 322 1215829 550 239 240
ta109 1222590 63022 532 287 1215939 521 237 240
ta109 1222501 63068 551 307 1215520 515 228 240
ta109 1222547 63111 539 306 1215208 531 237 240
ta109 1222659 63097 527 242 1215902 312 167 240
ta110 1235511 63075 549 345 1231466 537 236 240
ta110 1235488 63007 548 358 1230812 532 235 240
ta110 1235511 63113 511 306 1229871 494 234 240
ta110 1235413 63110 547 318 1231072 515 229 240
ta110 1235379 63054 532 303 1231035 477 222 240
ta110 1235440 63003 537 363 1231086 513 233 240
ta110 1235386 63115 524 324 1230608 329 176 240
ta110 1235410 63033 523 325 1231169 518 239 240
ta110 1235379 63006 534 333 1230799 387 195 240
ta110 1235394 63019 495 279 1230442 455 226 240
ta111 6562803 157382 195 154 6555615 190 593 600
ta111 6562803 156659 226 177 6555655 150 463 600
ta111 6562803 157702 222 185 6555783 149 467 600
ta111 6562803 157000 219 172 6555680 218 600 600
ta111 6562803 156194 214 157 6555026 206 586 600
ta111 6562803 157141 220 168 6555740 167 500 600
ta111 6562803 156967 223 179 6555533 203 568 601
ta111 6562803 157611 214 179 6555084 207 590 600
ta111 6562803 156533 218 169 6555296 200 569 600
ta111 6562803 156098 239 208 6555723 234 594 601
ta112 6678104 156122 236 170 6670460 154 456 600
ta112 6678148 157397 236 171 6669602 234 598 600
ta112 6678633 157314 230 156 6669982 220 587 600
ta112 6677944 157926 244 174 6669629 206 533 600
ta112 6679061 156961 222 162 6671425 212 581 600
ta112 6678011 157459 248 182 6669411 210 541 600
ta112 6677968 156739 240 162 6669827 203 532 600
ta112 6678811 156313 218 152 6670188 215 596 600
ta112 6678209 156723 232 157 6669682 176 501 600
ta112 6678045 156178 232 169 6668868 192 531 600
ta113 6632778 157762 216 152 6625270 204 579 600
ta113 6632708 157814 209 149 6625233 142 458 600
ta113 6632708 156201 205 147 6625218 199 589 600
ta113 6632778 157623 205 145 6625155 110 405 600
ta113 6632778 156435 216 144 6625183 52 279 600
ta113 6632778 156178 202 138 6624665 163 517 600
ta113 6632610 156239 205 130 6624563 202 597 600
ta113 6632778 156673 202 143 6625395 121 430 600
ta113 6632778 156020 191 128 6624913 166 547 600
ta113 6632778 157785 209 151 6625219 133 448 600
ta114 6633824 157449 215 153 6622429 194 564 600
ta114 6633879 157281 209 161 6623417 205 592 600
ta114 6633975 156016 195 135 6623755 176 553 600
ta114 6634219 156986 201 139 6623677 180 564 600
ta114 6633967 157162 215 170 6622631 210 594 600
ta114 6634264 156710 206 156 6623407 179 552 600
ta114 6633982 156095 209 162 6622681 199 584 601
ta114 6634081 156876 218 160 6623831 210 588 600
ta114 6634100 156971 210 149 6623033 95 380 600
ta114 6634198 156066 207 149 6623639 205 599 601
ta115 6611099 156137 201 136 6604767 197 594 600
ta115 6611054 157066 216 135 6598840 199 571 600
ta115 6610931 156135 202 133 6598132 193 586 600
ta115 6611946 157240 231 145 6599583 228 597 600
ta115 6611511 156266 187 109 6598936 131 477 601
ta115 6610781 157665 208 135 6598408 163 499 600
ta115 6610224 156280 206 149 6599900 189 567 601
ta115 6610534 156576 223 145 6598033 176 516 601
ta115 6610003 156074 227 154 6597946 224 596 600
ta115 6610656 156325 238 162 6598363 232 587 600
ta116 6606150 156130 243 190 6599103 209 543 600
ta116 6606107 157057 265 208 6599170 256 583 600
ta116 6606143 157833 268 216 6599536 252 576 600
ta116 6606202 157419 261 218 6599205 257 596 600
ta116 6606189 156954 253 197 6602142 246 592 600
ta116 6606189 156034 282 236 6599749 276 594 600
ta116 6606189 157403 275 218 6599798 238 546 600
ta116 6606189 157854 265 222 6599831 243 567 600
ta116 6606189 156805 268 213 6599673 247 569 600
ta116 6606189 156013 278 220 6599876 241 548 600
ta117 6576737 157880 206 150 6565779 204 596 600
ta117 6576737 156856 199 142 6565421 180 563 600
ta117 6576734 157756 194 144 6565976 189 587 600
ta117 6576737 157510 196 142 6565712 163 539 600
ta117 6576734 157427 198 145 6565890 185 579 600
ta117 6576737 157003 206 155 6566108 202 595 600
ta117 6576737 157739 200 145 6566068 182 566 600
ta117 6576737 157769 202 147 6565815 190 580 600
ta117 6576736 156295 202 156 6565853 173 543 600
ta117 6576737 156089 202 151 6565581 188 576 600
ta118 6629343 156196 221 165 6619268 205 574 600
ta118 6629446 157817 218 153 6619893 197 562 600
ta118 6628873 157167 212 142 6620022 200 576 600
ta118 6629367 156960 221 150 6619814 139 440 600
ta118 6629310 156293 210 147 6619946 161 507 600
ta118 6629284 156127 232 171 6619725 212 570 600
ta118 6629327 157818 217 135 6620306 190 553 600
ta118 6629362 156702 224 150 6619667 219 595 600
ta118 6629264 157448 214 152 6620285 168 509 600
ta118 6629265 157667 226 172 6619671 217 586 600
ta119 6569309 157253 215 147 6560755 166 507 600
ta119 6569293 156014 220 147 6560595 193 553 600
ta119 6569309 156205 221 143 6560677 126 416 600
ta119 6569309 156127 221 161 6560740 147 469 600
ta119 6569309 156139 223 152 6560573 119 409 600
ta119 6569309 156986 220 147 6560535 210 584 600
ta119 6569309 156463 220 165 6560466 192 547 601
ta119 6569309 157887 216 145 6560696 202 578 601
ta119 6569309 157662 221 154 6560579 198 557 600
ta119 6569309 156177 215 159 6560568 211 594 600
ta120 6617480 157843 219 159 6607995 177 514 600
ta120 6617489 156784 226 169 6607278 213 577 600
ta120 6617984 157549 234 182 6605835 218 576 600
ta120 6617521 156029 229 175 6607969 209 566 600
ta120 6616165 156051 244 200 6606622 237 589 600
ta120 6617984 156079 222 161 6609354 193 551 600
ta120 6617256 156951 216 164 6607367 194 560 600
ta120 6616859 156967 230 167 6607182 208 557 601
ta120 6618064 157182 233 172 6608411 220 580 600
ta120 6617427 156584 213 161 6607156 211 599 600
