# Hostname: ocasrv. Config used: --obj f --timefactor 60 --verbose --verbose_np --npf 0.76 --dv01 3 --dv07 3 --dv08 2 --dv09 9 --dv10 6 --dv11 2 --dv12 1 --dv13 3 --dv15 2 --dv16 3 --dv17 0 --dv18 2 --iga --np --dc 3 --n_ls 4 --rrtd 80 --dc_np 5 --n_ls_np 10000 --rrtd_np 30 --alternate_np 3
ta001 14033 2000 11289 3628 13962 5253 3 6
ta001 14033 2000 11462 3251 14002 59 2 6
ta001 14033 2000 11337 3216 14002 125 2 6
ta001 14033 2000 11220 3816 13962 2747 2 6
ta001 14033 2000 11527 3416 14002 27 2 6
ta001 14033 2000 11372 3335 14002 105 2 6
ta001 14033 2000 11389 3419 13990 11114 5 6
ta001 14033 2000 11403 3270 14002 18 2 6
ta001 14033 2000 11336 3850 13962 5263 3 6
ta001 14033 2000 11330 4139 13962 733 2 6
ta002 15151 2000 12198 2060 15068 6057 3 6
ta002 15151 2000 12228 2301 15113 3285 3 6
ta002 15151 2000 12639 2880 15140 11653 5 6
ta002 15151 2000 12449 2457 15145 7137 4 6
ta002 15151 2000 12572 2476 15145 6369 4 6
ta002 15151 2000 12802 2857 15151 0 2 6
ta002 15151 2000 12727 2715 15145 908 2 6
ta002 15151 2000 12535 2883 15078 10293 5 6
ta002 15151 2000 12567 2605 15088 383 2 6
ta002 15151 2000 12312 2828 15078 7600 4 6
ta003 13301 2000 10244 3006 12956 1095 2 6
ta003 13301 2000 10359 2972 12956 1650 2 6
ta003 13301 2000 10465 2809 12956 4711 3 6
ta003 13313 2000 10455 3012 12956 307 2 6
ta003 13301 2000 10456 3055 12956 763 2 6
ta003 13301 2000 10459 2978 12956 1664 2 6
ta003 13301 2000 10336 2998 12956 2782 3 6
ta003 13301 2000 10206 2821 12956 4148 3 6
ta003 13301 2000 10318 2792 12956 3703 3 6
ta003 13301 2000 10316 3044 12956 1440 2 6
ta004 15447 2000 11524 4102 15391 390 2 6
ta004 15447 2000 11491 4052 15391 2742 2 6
ta004 15447 2000 11570 4038 15391 2296 2 6
ta004 15447 2000 11474 4146 15391 212 2 6
ta004 15447 2000 11362 3803 15391 951 2 6
ta004 15447 2000 11499 4225 15391 1454 2 6
ta004 15447 2000 11584 4132 15391 869 2 6
ta004 15447 2000 11591 4217 15391 2761 2 6
ta004 15447 2000 11370 4086 15391 1779 2 6
ta004 15447 2000 11479 4034 15391 478 2 6
ta005 13529 2000 11520 6609 13472 15 2 6
ta005 13529 2000 11509 6465 13472 16 2 6
ta005 13529 2000 11454 6361 13472 7 2 6
ta005 13529 2000 11467 6450 13472 34 2 6
ta005 13529 2000 11542 6565 13472 0 2 6
ta005 13529 2000 11368 6591 13472 98 2 6
ta005 13529 2000 11491 6467 13472 16 2 6
ta005 13529 2000 11508 6438 13472 86 2 6
ta005 13529 2000 11551 6518 13472 18 2 6
ta005 13529 2000 11292 6455 13472 26 2 6
ta006 13123 2000 11676 3868 13058 8395 4 6
ta006 13123 2000 11530 3631 13058 11369 5 6
ta006 13123 2000 11611 3803 13058 7735 4 6
ta006 13123 2000 11665 3360 13058 1426 2 6
ta006 13123 2000 11579 3799 13058 412 2 6
ta006 13123 2000 11450 3470 13058 987 2 6
ta006 13123 2000 11724 3666 13058 1026 2 6
ta006 13123 2000 11485 3551 13058 2323 2 6
ta006 13123 2000 11511 3807 13058 8121 4 6
ta006 13123 2000 11526 3271 13058 1819 2 6
ta007 13557 2000 11708 3702 13495 178 2 6
ta007 13557 2000 11687 3696 13495 450 2 6
ta007 13548 2000 12088 3537 13479 71 2 6
ta007 13557 2000 11824 3888 13540 172 2 6
ta007 13557 2000 11611 3656 13495 142 2 6
ta007 13548 2000 12204 3677 13479 34 2 6
ta007 13557 2000 12188 3609 13498 839 2 6
ta007 13557 2000 11652 3591 13495 483 2 6
ta007 13557 2000 11715 3735 13495 467 2 6
ta007 13548 2000 12194 3583 13479 189 2 6
ta008 13948 2000 10978 4474 13882 16 2 6
ta008 13948 2000 11103 4386 13882 9 2 6
ta008 13948 2000 11069 4437 13882 6 2 6
ta008 13948 2000 10928 4260 13882 129 2 6
ta008 13948 2000 10964 4243 13882 264 2 6
ta008 13948 2000 11019 4351 13882 172 2 6
ta008 13948 2000 11064 4394 13882 60 2 6
ta008 13948 2000 11090 4437 13882 64 2 6
ta008 13948 2000 11065 4383 13882 1361 2 6
ta008 13948 2000 11122 4487 13882 187 2 6
ta009 14295 2000 11368 3985 14047 297 2 6
ta009 14295 2000 11395 3995 14047 146 2 6
ta009 14295 2000 11371 3978 14047 321 2 6
ta009 14295 2000 11429 3989 14047 470 2 6
ta009 14295 2000 11533 4098 14047 4215 3 6
ta009 14295 2000 11518 4094 14047 224 2 6
ta009 14295 2000 11276 3961 14047 159 2 6
ta009 14295 2000 11321 3918 14047 748 2 6
ta009 14295 2000 11554 4217 14047 56 2 6
ta009 14295 2000 11524 4040 14047 896 2 6
ta010 12943 2000 11010 3396 12904 611 2 6
ta010 12943 2000 10956 3719 12904 1389 2 6
ta010 12943 2000 10780 3497 12904 324 2 6
ta010 12943 2000 10995 3725 12904 1376 2 6
ta010 12943 2000 11004 3735 12904 98 2 6
ta010 12943 2000 10935 3237 12904 36 2 6
ta010 12943 2000 10956 3461 12904 454 2 6
ta010 12943 2000 10997 3512 12904 2190 2 6
ta010 12943 2000 10861 3486 12904 555 2 6
ta010 12943 2000 10980 3367 12904 66 2 6
ta011 20911 3000 7261 1455 20577 53 3 12
ta011 20911 3000 7165 1741 20616 178 3 12
ta011 20911 3000 7268 1403 20577 20 3 12
ta011 20911 3000 7321 1923 20609 1272 4 12
ta011 20911 3000 7341 2284 20527 5556 9 12
ta011 20911 3000 7788 2153 20626 1762 5 12
ta011 20911 3000 7048 1513 20577 3597 7 12
ta011 20911 3000 7209 1903 20519 3861 7 12
ta011 20911 3000 7431 1697 20577 2672 6 12
ta011 20911 3000 7610 2151 20626 1916 5 12
ta012 22440 3000 7009 3623 22368 56 3 12
ta012 22440 3000 7106 2904 22316 2046 5 12
ta012 22440 3000 7003 3500 22368 206 3 12
ta012 22440 3000 6872 2025 22368 261 3 12
ta012 22440 3000 6771 1435 22263 4191 8 12
ta012 22440 3000 6999 2052 22368 347 3 12
ta012 22440 3000 6981 3564 22368 566 3 12
ta012 22440 3000 6648 1891 22379 148 3 12
ta012 22440 3000 6746 2608 22368 4061 8 12
ta012 22440 3000 7003 3545 22368 341 3 12
ta013 19833 3000 7545 2909 19493 259 3 12
ta013 19833 3000 7462 2797 19493 25 3 12
ta013 19833 3000 7526 2895 19493 85 3 12
ta013 19833 3000 7445 2821 19493 47 3 12
ta013 19833 3000 7516 2925 19493 23 3 12
ta013 19833 3000 7469 2830 19493 50 3 12
ta013 19833 3000 7513 2861 19493 305 3 12
ta013 19833 3000 7428 2879 19493 161 3 12
ta013 19833 3000 7492 2797 19493 56 3 12
ta013 19833 3000 7551 2920 19493 128 3 12
ta014 18710 3000 6628 1831 18373 350 3 12
ta014 18710 3000 6807 2004 18373 5467 10 12
ta014 18710 3000 6837 1519 18406 5904 10 12
ta014 18710 3000 6921 2089 18436 913 4 12
ta014 18710 3000 6833 1112 18284 1778 5 12
ta014 18710 3000 6582 1864 18373 506 3 12
ta014 18710 3000 6781 2393 18388 775 4 12
ta014 18710 3000 6588 1827 18373 675 3 12
ta014 18710 3000 6763 819 18284 294 3 12
ta014 18710 3000 6778 1627 18407 1119 4 12
ta015 18641 3000 6999 2506 18240 246 3 12
ta015 18641 3000 7003 2532 18240 747 4 12
ta015 18641 3000 6453 2025 18255 2839 7 12
ta015 18641 3000 6745 2415 18323 1343 4 12
ta015 18641 3000 6629 2533 18323 4461 9 12
ta015 18641 3000 6478 2322 18323 1070 4 12
ta015 18641 3000 6807 2364 18255 2510 6 12
ta015 18641 3000 6769 2434 18240 3494 7 12
ta015 18641 3000 6640 2400 18323 1175 4 12
ta015 18641 3000 6435 2116 18231 5819 11 12
ta016 19245 3000 6441 2119 18625 63 3 12
ta016 19249 3000 6541 2460 18649 2502 6 12
ta016 19249 3000 6939 2103 18554 4371 8 12
ta016 19245 3000 6789 2050 18554 2786 6 12
ta016 19245 3000 6459 2113 18625 182 3 12
ta016 19245 3000 6390 2122 18625 634 3 12
ta016 19245 3000 6840 2422 18576 691 3 12
ta016 19245 3000 6504 2327 18581 171 3 12
ta016 19245 3000 6514 2311 18581 157 3 12
ta016 19245 3000 6454 2347 18581 190 3 12
ta017 18363 3000 8067 3441 18073 21 3 12
ta017 18363 3000 8078 3482 18073 105 3 12
ta017 18363 3000 8024 3456 18073 51 3 12
ta017 18363 3000 8115 3563 18073 100 3 12
ta017 18363 3000 8128 3529 18073 46 3 12
ta017 18363 3000 8078 3419 18073 56 3 12
ta017 18363 3000 7843 1976 18042 88 3 12
ta017 18363 3000 8052 3519 18073 69 3 12
ta017 18363 3000 7774 2018 18042 2015 5 12
ta017 18363 3000 8034 3396 18073 450 3 12
ta018 20241 3000 7094 2022 19836 1542 4 12
ta018 20241 3000 6890 2008 19913 6798 11 12
ta018 20241 3000 7198 2390 19847 1462 4 12
ta018 20241 3000 6794 2064 19864 5275 9 12
ta018 20241 3000 6540 1495 19837 2418 6 12
ta018 20241 3000 6822 1589 19830 1532 5 12
ta018 20241 3000 6794 1595 19830 1702 5 12
ta018 20241 3000 6594 1544 20032 70 3 12
ta018 20241 3000 6851 1812 19962 574 3 12
ta018 20241 3000 6603 1799 19873 134 3 12
ta019 20330 3000 8253 3355 20106 397 3 12
ta019 20330 3000 8267 3449 20106 21 3 12
ta019 20330 3000 8224 3309 20106 4 3 12
ta019 20330 3000 8270 3430 20106 42 3 12
ta019 20330 3000 8128 3292 20106 121 3 12
ta019 20330 3000 8206 3213 20106 40 3 12
ta019 20330 3000 8067 3294 20106 84 3 12
ta019 20330 3000 8272 3342 20106 38 3 12
ta019 20330 3000 8212 3321 20106 595 3 12
ta019 20330 3000 8204 3320 20106 186 3 12
ta020 21320 3000 7180 3281 20872 457 3 12
ta020 21320 3000 7121 3287 20872 168 3 12
ta020 21320 3000 7169 3237 20872 423 3 12
ta020 21320 3000 6985 2664 20955 4311 8 12
ta020 21320 3000 7153 3359 20872 41 3 12
ta020 21320 3000 7097 3256 20872 269 3 12
ta020 21320 3000 7145 3269 20872 431 3 12
ta020 21320 3000 7135 3278 20872 148 3 12
ta020 21320 3000 7159 3324 20872 143 3 12
ta020 21320 3000 7308 2298 20955 28 3 12
ta021 33623 6000 3944 733 33316 646 9 24
ta021 33623 6000 3985 856 33150 1409 12 24
ta021 33623 6000 4062 880 33150 1633 13 24
ta021 33623 6000 4181 936 33251 378 7 24
ta021 33623 6000 3997 934 33150 1213 11 24
ta021 33623 6000 3959 756 33316 379 7 24
ta021 33623 6000 4230 1110 33244 290 7 24
ta021 33623 6000 4103 920 33150 592 8 24
ta021 33623 6000 4100 912 33150 817 9 24
ta021 33623 6000 3915 1232 33278 1514 12 24
ta022 31587 6000 3321 237 30713 1317 12 24
ta022 31587 6000 3392 555 30683 814 10 24
ta022 31587 6000 3438 309 30794 591 9 24
ta022 31587 6000 3777 898 30970 2629 18 24
ta022 31587 6000 3360 546 30565 3037 22 24
ta022 31587 6000 3518 643 30609 1351 12 24
ta022 31587 6000 3650 650 30863 3493 23 24
ta022 31587 6000 3553 537 30821 1611 14 24
ta022 31587 6000 3245 217 30713 679 9 24
ta022 31587 6000 3597 648 30865 1461 13 24
ta023 33920 6000 3876 1023 32980 827 9 24
ta023 33920 6000 3852 1053 33033 1595 13 24
ta023 33920 6000 3930 999 32954 2567 17 24
ta023 33920 6000 3852 810 32945 1550 13 24
ta023 33920 6000 3835 1064 32987 2879 19 24
ta023 33920 6000 3942 1169 33037 58 6 24
ta023 33920 6000 4053 1307 33037 3602 21 24
ta023 33920 6000 3917 805 32916 1741 14 24
ta023 33920 6000 3852 1088 32980 2585 18 24
ta023 33920 6000 4012 1128 33026 687 9 24
ta024 31661 6000 3886 1111 30983 1120 11 24
ta024 31661 6000 3787 1034 30983 2703 18 24
ta024 31661 6000 4009 1283 30983 3391 21 24
ta024 31661 6000 3962 866 30854 2608 17 24
ta024 31661 6000 3970 1259 30983 1898 14 24
ta024 31661 6000 4208 600 31166 470 8 24
ta024 31661 6000 3881 1147 30983 1224 11 24
ta024 31661 6000 3721 1040 30983 3116 21 24
ta024 31661 6000 3843 1123 30983 72 6 24
ta024 31661 6000 3875 1074 30983 798 9 24
ta025 34557 6000 4042 842 34030 1641 13 24
ta025 34557 6000 4322 825 34160 250 7 24
ta025 34557 6000 4053 1010 34115 3973 23 24
ta025 34557 6000 4214 1294 34111 317 7 24
ta025 34557 6000 4044 946 33954 3325 20 24
ta025 34557 6000 3841 586 33841 3824 23 24
ta025 34557 6000 4027 734 33964 3839 23 24
ta025 34557 6000 4113 1319 34106 1958 14 24
ta025 34557 6000 4228 734 34160 264 7 24
ta025 34557 6000 4215 1375 34111 117 6 24
ta026 32564 6000 3601 590 31769 219 7 24
ta026 32564 6000 3589 610 31769 382 7 24
ta026 32564 6000 3838 655 31816 1964 15 24
ta026 32564 6000 3606 613 31769 1930 15 24
ta026 32564 6000 3652 606 31769 195 6 24
ta026 32564 6000 4055 769 31816 2651 17 24
ta026 32564 6000 3795 574 31808 1255 11 24
ta026 32564 6000 3660 621 31769 409 7 24
ta026 32564 6000 3593 667 31769 1222 12 24
ta026 32564 6000 3608 639 31769 184 6 24
ta027 32922 6000 3681 718 32364 425 8 24
ta027 32922 6000 4043 521 32201 3434 21 24
ta027 32922 6000 3867 665 32291 710 9 24
ta027 32922 6000 3961 494 32147 2285 16 24
ta027 32922 6000 3803 775 32291 1166 11 24
ta027 32922 6000 3931 774 32504 402 7 24
ta027 32922 6000 3821 597 32469 846 9 24
ta027 32922 6000 4052 853 32229 1424 12 24
ta027 32922 6000 3979 726 32185 1851 14 24
ta027 32922 6000 3778 781 32291 1036 10 24
ta028 32444 6000 3990 1210 31819 3193 20 24
ta028 32412 6000 4295 1531 32056 934 9 24
ta028 32412 6000 4126 1500 32101 377 7 24
ta028 32412 6000 4103 1580 31763 1585 12 24
ta028 32444 6000 4050 1540 31821 828 9 24
ta028 32412 6000 4130 1446 31796 1434 12 24
ta028 32412 6000 3966 904 31783 559 8 24
ta028 32412 6000 3999 1481 31763 2698 18 24
ta028 32412 6000 4083 1364 31822 2664 17 24
ta028 32412 6000 4037 1224 31814 2474 16 24
ta029 33600 6000 3538 728 32744 1603 14 24
ta029 33600 6000 3610 707 32853 3428 23 24
ta029 33600 6000 3539 544 32831 589 8 24
ta029 33600 6000 3684 1062 32823 2018 15 24
ta029 33600 6000 3494 398 32773 1139 11 24
ta029 33600 6000 3700 1250 32837 2161 16 24
ta029 33600 6000 3493 623 32744 802 9 24
ta029 33600 6000 3732 1363 32837 1219 11 24
ta029 33600 6000 3476 531 32864 421 8 24
ta029 33600 6000 3395 483 32923 230 7 24
ta030 32262 6000 4315 484 31497 1131 10 24
ta030 32262 6000 4092 911 31603 1649 13 24
ta030 32262 6000 4158 1040 31618 3994 23 24
ta030 32262 6000 4158 946 31587 1018 10 24
ta030 32262 6000 4152 975 31613 1432 12 24
ta030 32262 6000 4143 1041 31540 3700 22 24
ta030 32262 6000 4099 1178 31595 192 6 24
ta030 32262 6000 4190 566 31665 1102 10 24
ta030 32262 6000 3948 1061 31466 98 6 24
ta030 32262 6000 4189 1094 31653 43 6 24
ta031 64892 4000 6341 1698 64787 5249 13 15
ta031 64905 4000 6287 1595 64857 712 5 15
ta031 64908 4000 6605 2213 64814 4958 12 15
ta031 64888 4000 6529 1785 64786 1654 6 15
ta031 64911 4000 6657 2066 64714 1607 6 15
ta031 64802 4000 6674 2344 64797 1 4 15
ta031 64863 4000 6232 1981 64821 3333 9 15
ta031 64863 4000 6511 2047 64779 506 4 15
ta031 64838 4000 6690 2003 64748 1016 5 15
ta031 64838 4000 6726 1921 64777 2978 8 15
ta032 68144 4000 7430 2753 67990 44 4 15
ta032 68097 4000 7294 2706 68011 740 5 15
ta032 68097 4000 7484 2885 67970 5467 12 15
ta032 68169 4000 7258 2630 68100 2764 8 15
ta032 68097 4000 7348 2863 68005 3921 9 15
ta032 68164 4000 7193 2523 68066 2708 8 15
ta032 68169 4000 7465 2765 68047 7321 14 15
ta032 68097 4000 7435 2813 67982 6548 13 15
ta032 68169 4000 7457 2734 68047 2111 7 15
ta032 68097 4000 7364 2732 68011 1256 5 15
ta033 63314 4000 6958 2618 63154 3630 9 15
ta033 63298 4000 6719 2455 63156 1376 6 15
ta033 63305 4000 6934 2525 63158 59 4 15
ta033 63298 4000 6829 2499 63156 3688 9 15
ta033 63298 4000 6793 2562 63156 2905 8 15
ta033 63298 4000 6869 2551 63164 266 4 15
ta033 63295 4000 6799 2564 63165 2821 8 15
ta033 63295 4000 6972 2342 63142 5256 12 15
ta033 63295 4000 6843 2400 63143 61 4 15
ta033 63298 4000 6701 2475 63156 450 4 15
ta034 68456 4000 6917 2838 68396 28 4 15
ta034 68413 4000 7161 2955 68357 2600 7 15
ta034 68451 4000 7149 2872 68392 497 4 15
ta034 68452 4000 6940 2640 68400 20 4 15
ta034 68441 4000 6771 2523 68404 43 4 15
ta034 68440 4000 7231 2750 68362 41 4 15
ta034 68440 4000 7214 2870 68362 7 4 15
ta034 68413 4000 7244 3105 68353 4403 10 15
ta034 68434 4000 7052 2524 68395 10 4 15
ta034 68508 4000 6797 2583 68427 1265 6 15
ta035 69408 4000 6449 1910 69192 5223 12 15
ta035 69408 4000 6357 1836 69226 4358 11 15
ta035 69408 4000 6396 1785 69212 3844 10 15
ta035 69412 4000 6419 1848 69196 6147 14 15
ta035 69408 4000 6439 1955 69194 5582 13 15
ta035 69408 4000 6342 1931 69194 5166 12 15
ta035 69408 4000 6307 1986 69194 2517 8 15
ta035 69408 4000 6184 1767 69194 6063 14 15
ta035 69408 4000 6337 1936 69194 2283 7 15
ta035 69408 4000 6415 1983 69211 5880 14 15
ta036 66979 4000 6789 2290 66881 2539 8 15
ta036 66995 4000 6325 2146 66929 511 4 15
ta036 66984 4000 6825 2269 66866 3442 9 15
ta036 66979 4000 6865 2296 66899 638 5 15
ta036 66982 4000 6867 2432 66946 1165 5 15
ta036 66982 4000 6820 2226 66922 1160 5 15
ta036 66986 4000 6762 2281 66929 2735 8 15
ta036 66974 4000 6776 2222 66900 149 4 15
ta036 66984 4000 6816 2570 66832 4324 11 15
ta036 66982 4000 6947 2512 66832 2230 7 15
ta037 66334 4000 6383 2036 66186 1606 6 15
ta037 66343 4000 6631 2170 66126 3917 10 15
ta037 66318 4000 6349 2087 66131 5026 12 15
ta037 66343 4000 6406 2067 66125 4779 12 15
ta037 66343 4000 6124 2016 66136 2506 8 15
ta037 66343 4000 6319 2155 66108 6143 14 15
ta037 66326 4000 6415 1997 66280 5289 13 15
ta037 66343 4000 6660 2246 66106 5386 12 15
ta037 66333 4000 6926 2150 66315 2657 8 15
ta037 66332 4000 6344 1878 66064 5568 13 15
ta038 64406 4000 6991 2841 64297 5339 12 15
ta038 64411 4000 6802 2553 64348 5444 12 15
ta038 64391 4000 6969 2828 64246 3753 9 15
ta038 64450 4000 6740 2396 64395 38 4 15
ta038 64431 4000 7031 2761 64296 1 4 15
ta038 64422 4000 7054 2843 64318 4220 10 15
ta038 64391 4000 6908 2703 64272 462 4 15
ta038 64359 4000 7143 2788 64307 4277 10 15
ta038 64391 4000 7085 2774 64224 2889 8 15
ta038 64422 4000 7043 2848 64303 3160 8 15
ta039 63103 4000 6872 2847 63004 4361 10 15
ta039 63231 4000 7034 2817 63043 178 4 15
ta039 63224 4000 7035 3085 63126 285 4 15
ta039 63206 4000 6943 2910 62998 640 5 15
ta039 63162 4000 7034 2751 63030 3062 8 15
ta039 63209 4000 6898 2893 63036 2260 7 15
ta039 63132 4000 6925 2685 63041 464 4 15
ta039 63172 4000 6815 2751 63055 4101 10 15
ta039 63119 4000 6985 3087 62909 6305 13 15
ta039 63162 4000 6915 2603 63084 435 4 15
ta040 68969 4000 6561 1877 68781 4867 12 15
ta040 68976 4000 6768 1955 68779 205 4 15
ta040 68924 4000 6282 1953 68793 0 4 15
ta040 68915 4000 6789 2059 68733 5506 12 15
ta040 68924 4000 6360 1998 68712 2677 8 15
ta040 68995 4000 6668 2071 68839 2466 8 15
ta040 68916 4000 6752 2121 68736 18 4 15
ta040 69005 4000 6646 1887 68772 3574 9 15
ta040 68944 4000 6616 2000 68750 4018 10 15
ta040 68944 4000 6721 1997 68827 5508 12 15
ta041 87628 8000 3276 1061 86701 1232 16 30
ta041 88016 8000 3426 1034 87040 2298 22 30
ta041 87701 8000 3585 1389 87091 1580 17 30
ta041 88050 8000 3623 1221 86567 3058 26 30
ta041 88000 8000 3607 1064 86846 3417 28 30
ta041 87770 8000 3754 1145 86577 2680 23 30
ta041 87628 8000 3532 880 86559 1982 20 30
ta041 87739 8000 3454 1001 86812 2277 21 30
ta041 87622 8000 3523 1445 86823 2601 24 30
ta041 87632 8000 3662 1307 86828 2386 22 30
ta042 83532 8000 3588 1536 83272 2782 25 30
ta042 83302 8000 3258 1177 82508 1245 16 30
ta042 83804 8000 3292 1057 82872 2509 24 30
ta042 83551 8000 3390 1379 83151 3201 28 30
ta042 83517 8000 3412 1481 83244 2945 26 30
ta042 83517 8000 3440 1470 83149 2171 21 30
ta042 83517 8000 3481 1745 83271 3064 27 30
ta042 83197 8000 3590 1462 82412 2289 22 30
ta042 83936 8000 3758 1557 83392 1209 15 30
ta042 83458 8000 3441 1523 83177 381 10 30
ta043 80653 8000 3632 1427 80392 765 12 30
ta043 80653 8000 3620 1451 80378 1101 14 30
ta043 80653 8000 3592 1389 80378 2713 24 30
ta043 80653 8000 3586 1440 80378 2250 21 30
ta043 80653 8000 3658 1557 80421 511 11 30
ta043 80653 8000 3693 1585 80421 385 10 30
ta043 80653 8000 3600 1484 80378 3241 27 30
ta043 80653 8000 3599 1350 80378 1103 14 30
ta043 80653 8000 3614 1209 80325 1464 16 30
ta043 80653 8000 3617 1536 80421 333 10 30
ta044 86900 8000 3425 1222 86700 2929 26 30
ta044 86900 8000 3463 1121 86699 2658 24 30
ta044 86900 8000 3517 1437 86612 3501 29 30
ta044 86953 8000 3321 1210 86512 2646 25 30
ta044 86953 8000 3521 1217 86678 1909 19 30
ta044 86900 8001 3521 1391 86720 1982 20 30
ta044 86953 8000 3581 1560 86769 1545 17 30
ta044 86900 8000 3459 1256 86719 752 12 30
ta044 86900 8000 3598 1263 86554 3077 26 30
ta044 87022 8000 3662 1716 86595 1880 19 30
ta045 86778 8000 3319 1147 85960 1155 15 30
ta045 87059 8000 3539 1201 86713 1394 16 30
ta045 86692 8000 3435 1273 86498 1266 15 30
ta045 86425 8000 3715 1298 85536 2632 23 30
ta045 86952 8000 3489 1125 86187 1720 18 30
ta045 86808 8000 3346 1101 86492 403 10 30
ta045 87304 8000 3584 1133 86657 2044 20 30
ta045 87023 8000 3428 1276 86594 1515 17 30
ta045 86949 8000 3740 1332 86613 3327 27 30
ta045 86905 8000 3408 1024 86393 3188 28 30
ta046 86926 8000 3490 1114 86251 2428 23 30
ta046 86866 8000 3684 1650 86367 824 13 30
ta046 86943 8000 3618 1320 86605 2372 22 30
ta046 86927 8000 3526 1237 86387 2312 22 30
ta046 86890 8000 3633 1457 86155 3303 27 30
ta046 86923 8000 3528 1324 86042 2647 24 30
ta046 86979 8000 3499 1554 86626 2879 26 30
ta046 86866 8000 3603 1488 86206 3451 29 30
ta046 86887 8000 3527 1393 86234 2783 25 30
ta046 86866 8000 3416 1381 86422 3047 27 30
ta047 89177 8000 3018 1013 88467 2970 29 30
ta047 89148 8000 3020 917 88686 654 12 30
ta047 89170 8000 3184 1211 88721 2100 22 30
ta047 89373 8000 3268 1368 88949 1820 20 30
ta047 89643 8000 3258 995 88734 1002 15 30
ta047 89169 8000 3082 1130 88368 1935 22 30
ta047 89276 8000 3080 1157 88686 1066 15 30
ta047 89092 8000 3067 1011 88530 857 14 30
ta047 89347 8000 3321 1273 89000 3258 29 30
ta047 89113 8000 2872 917 88471 675 13 30
ta048 87274 8000 3614 1290 87003 2014 20 30
ta048 87274 8000 3611 1290 86998 2150 21 30
ta048 87336 8000 3491 1227 86750 3170 27 30
ta048 87315 8000 3562 1305 86917 3454 29 30
ta048 87274 8000 3615 1238 87002 1434 16 30
ta048 87287 8000 3445 1202 86940 2251 22 30
ta048 87336 8000 3614 1460 86841 1831 19 30
ta048 87287 8000 3455 1102 86935 984 14 30
ta048 87287 8000 3420 1262 86903 1124 15 30
ta048 87287 8000 3447 1211 86940 3008 27 30
ta049 85769 8000 3519 1573 85273 2686 24 30
ta049 85822 8000 3274 1338 85527 3003 28 30
ta049 85740 8000 3378 930 85270 570 11 30
ta049 85822 8000 3343 1375 85498 517 11 30
ta049 85827 8000 3418 1333 85561 3402 29 30
ta049 85822 8000 3263 1287 85548 2269 23 30
ta049 85822 8000 3245 1256 85399 2518 25 30
ta049 85830 8000 3549 1373 85115 3127 27 30
ta049 85822 8000 3252 1283 85553 1121 15 30
ta049 85679 8000 3382 1305 85368 479 11 30
ta050 87998 8000 3243 1065 87492 2740 26 30
ta050 88496 8000 2979 1220 87791 2883 29 30
ta050 88496 8000 2977 1259 87791 757 13 30
ta050 88421 8000 3141 1252 87653 3016 29 30
ta050 88164 8000 2956 1029 87782 546 11 30
ta050 87998 8000 3200 1177 87558 2571 25 30
ta050 88337 8000 3016 1137 87844 909 14 30
ta050 88486 8000 2930 1132 87856 773 13 30
ta050 88337 8000 3026 1086 87844 2477 25 30
ta050 88337 8000 3069 1080 87728 2577 26 30
ta051 126133 15000 1905 696 124756 1647 53 60
ta051 125885 15000 1844 643 124552 1750 57 60
ta051 125935 15000 1940 677 124698 1659 53 60
ta051 125885 15001 1833 616 124364 1583 53 60
ta051 125885 15001 1955 641 124739 883 35 60
ta051 126133 15000 1876 726 124840 1619 54 60
ta051 125885 15001 1767 614 124549 1416 50 60
ta051 126133 15000 1936 768 124916 1755 55 60
ta051 125955 15001 1974 784 124358 1569 50 60
ta051 126133 15001 1830 454 124811 816 34 60
ta052 120069 15001 1712 367 118039 1701 59 60
ta052 120329 15000 1980 629 118994 1118 40 60
ta052 119944 15000 2017 652 118873 1577 50 60
ta052 120103 15001 1892 620 118967 1717 55 60
ta052 120147 15001 1874 578 118955 1594 53 60
ta052 119944 15001 1898 557 118974 1325 46 60
ta052 120102 15000 1879 764 118118 1877 59 60
ta052 120069 15000 1749 469 118259 1049 42 60
ta052 120232 15001 1793 457 117897 1716 58 60
ta052 120096 15000 1776 472 118937 1283 47 60
ta053 116981 15001 1896 524 115668 1490 50 60
ta053 117252 15000 1948 616 116133 1547 50 60
ta053 117053 15000 2042 856 115961 1261 42 60
ta053 117095 15001 1960 568 116182 1507 49 60
ta053 117169 15001 2044 724 116208 419 24 60
ta053 117271 15000 1921 582 116346 1187 42 60
ta053 117169 15000 2001 619 116127 1925 58 60
ta053 117443 15000 1750 445 116262 1147 44 60
ta053 117375 15001 1941 679 116241 1589 51 60
ta053 117352 15001 1793 660 116268 1087 42 60
ta054 121252 15000 1857 578 120089 1358 47 60
ta054 121264 15001 1811 663 120011 1575 53 60
ta054 121264 15001 1825 595 120122 1387 49 60
ta054 121252 15002 1816 501 120048 1093 41 60
ta054 121264 15000 1798 586 119896 1447 51 60
ta054 121264 15000 1835 687 120091 1659 55 60
ta054 121264 15002 1825 604 120126 987 39 60
ta054 121264 15000 1853 477 120105 461 26 60
ta054 121164 15001 1778 554 120085 1317 48 60
ta054 121264 15001 1740 465 120068 909 38 60
ta055 119280 15000 1815 467 116556 1729 57 60
ta055 119097 15002 1775 479 117605 1692 57 60
ta055 119095 15002 1714 525 116896 1558 55 60
ta055 119050 15002 1728 392 117167 1116 44 60
ta055 119226 15000 1734 382 116663 1223 46 60
ta055 118908 15001 1695 414 117648 630 32 60
ta055 119180 15002 1881 418 117497 1363 48 60
ta055 118994 15000 1857 598 116899 1461 50 60
ta055 118609 15000 1641 420 116693 1302 50 60
ta055 118822 15002 1716 591 117293 964 40 60
ta056 121216 15001 1854 630 120250 1847 59 60
ta056 121290 15000 1650 537 120227 1373 52 60
ta056 121072 15000 1759 531 119725 1197 45 60
ta056 121247 15000 1698 546 119942 1026 42 60
ta056 121216 15001 1795 498 120126 1083 42 60
ta056 121331 15000 1776 464 120375 1435 51 60
ta056 121311 15000 1705 566 119712 1321 49 60
ta056 121060 15000 1669 579 119891 969 41 60
ta056 121060 15000 1724 377 119800 1521 54 60
ta056 121072 15001 1720 556 120080 1445 52 60
ta057 123622 15000 1779 523 122489 662 30 60
ta057 123603 15000 1917 464 121926 1489 50 60
ta057 123372 15000 1843 503 122224 1285 46 60
ta057 123703 15000 1973 469 122910 199 19 60
ta057 123349 15000 1929 551 122486 563 28 60
ta057 123774 15001 1905 543 122756 1783 57 60
ta057 123615 15001 1925 534 122808 1868 58 60
ta057 123826 15000 1884 524 122826 1295 45 60
ta057 123673 15002 1983 672 122865 1134 40 60
ta057 123276 15000 2019 734 122631 1650 51 60
ta058 123074 15001 1764 473 121156 1723 58 60
ta058 123323 15000 1750 552 120663 1586 55 60
ta058 123323 15000 1735 710 120588 1014 41 60
ta058 123323 15001 1707 642 120514 783 35 60
ta058 123323 15000 1738 569 120631 1736 59 60
ta058 123323 15000 1676 540 120667 1180 46 60
ta058 123323 15000 1738 558 120611 1266 47 60
ta058 122965 15000 1802 609 121093 859 36 60
ta058 123323 15000 1817 623 120933 1756 58 60
ta058 123357 15001 1692 430 120698 1137 45 60
ta059 122221 15001 1824 672 121287 894 37 60
ta059 122206 15002 1843 656 121333 922 37 60
ta059 122206 15000 1872 695 121367 1111 41 60
ta059 122221 15001 1968 728 121336 178 19 60
ta059 122206 15001 1951 761 121251 1112 40 60
ta059 122217 15000 1817 580 121434 1774 58 60
ta059 122112 15001 1889 703 121248 443 25 60
ta059 122230 15000 1877 645 121247 1077 40 60
ta059 122163 15001 1888 645 121078 1683 55 60
ta059 122206 15000 1776 533 121347 1027 41 60
ta060 124666 15000 1700 510 123077 1567 56 60
ta060 124705 15002 1572 348 122957 1544 59 60
ta060 124521 15001 1955 665 123584 1608 51 60
ta060 125112 15000 1702 468 123697 923 39 60
ta060 125129 15000 1793 461 123755 808 35 60
ta060 124773 15001 1768 595 123779 1091 42 60
ta060 124701 15000 1781 404 123229 851 36 60
ta060 125129 15000 1927 674 123782 833 34 60
ta060 124666 15001 1714 553 123163 437 26 60
ta060 125112 15000 1723 495 123716 1662 58 60
ta061 253202 8000 4005 1852 252979 114 8 30
ta061 253202 8000 3959 1826 252979 69 8 30
ta061 253202 8000 3982 1780 252979 80 8 30
ta061 253202 8000 3885 1802 252979 110 8 30
ta061 253202 8002 3975 1864 252979 178 9 30
ta061 253202 8002 3997 1872 252979 105 8 30
ta061 253202 8001 3992 1826 252979 17 8 30
ta061 253202 8002 4047 1911 252979 43 8 30
ta061 253202 8000 4023 1915 252979 6 8 30
ta061 253202 8002 4013 1833 252979 42 8 30
ta062 241983 8001 4607 1936 241869 2556 20 30
ta062 242024 8000 4570 1974 241949 160 8 30
ta062 241983 8000 4626 1902 241930 225 9 30
ta062 241995 8001 4497 1905 241905 1162 13 30
ta062 242022 8000 4413 1946 241888 1605 16 30
ta062 241986 8000 4554 1998 241899 3997 27 30
ta062 241940 8000 4491 1909 241865 4343 29 30
ta062 242010 8002 4307 1829 241883 353 9 30
ta062 242024 8003 4363 1901 241941 2906 22 30
ta062 241940 8002 4476 1892 241831 3812 26 30
ta063 237886 8000 4377 2091 237848 0 8 30
ta063 237886 8002 4394 2214 237848 2 8 30
ta063 237886 8000 4357 2093 237848 0 8 30
ta063 237886 8001 4363 2134 237848 4 8 30
ta063 237886 8001 4325 2106 237848 2 8 30
ta063 237886 8001 4398 2197 237848 2 8 30
ta063 237886 8001 4350 2152 237848 1 8 30
ta063 237886 8002 4391 2189 237848 0 8 30
ta063 237886 8000 4393 2147 237848 5 8 30
ta063 237886 8000 4393 2194 237848 4 8 30
ta064 227749 8001 3952 1806 227607 2885 24 30
ta064 227749 8000 3988 1793 227574 3371 26 30
ta064 227724 8000 3986 1849 227566 113 8 30
ta064 227709 8002 4045 1934 227514 259 9 30
ta064 227725 8001 4102 1885 227569 2089 19 30
ta064 227714 8002 4045 1849 227541 754 12 30
ta064 227749 8001 4068 1994 227586 3437 26 30
ta064 227744 8000 4048 1885 227588 3789 28 30
ta064 227744 8002 4021 1852 227587 830 12 30
ta064 227744 8002 3959 1875 227592 1564 16 30
ta065 240826 8000 4278 1776 240592 4222 29 30
ta065 240826 8001 4167 1741 240580 3707 27 30
ta065 240826 8000 4240 1789 240574 2242 19 30
ta065 240806 8002 4088 1550 240599 2223 20 30
ta065 240826 8001 4192 1690 240665 2131 19 30
ta065 240707 8000 4091 1661 240431 2292 20 30
ta065 240804 8002 4112 1740 240653 1110 14 30
ta065 240826 8000 4248 1857 240580 3883 28 30
ta065 240826 8001 4206 1741 240665 2595 21 30
ta065 240826 8001 4167 1753 240585 530 10 30
ta066 232399 8002 4483 1996 232173 311 9 30
ta066 232399 8000 4461 2015 232185 497 10 30
ta066 232398 8001 4267 1773 232216 4248 29 30
ta066 232399 8000 4460 1910 232171 1681 16 30
ta066 232390 8003 4225 1567 232222 851 12 30
ta066 232399 8002 4567 2029 232171 3566 25 30
ta066 232399 8001 4502 2100 232171 738 11 30
ta066 232390 8000 4332 1749 232217 1563 16 30
ta066 232399 8001 4346 1942 232198 2097 18 30
ta066 232390 8000 4226 1714 232204 4107 29 30
ta067 240679 8000 4063 1510 240448 2417 21 30
ta067 240803 8002 4023 1536 240521 1514 16 30
ta067 240734 8002 3976 1297 240569 692 11 30
ta067 240627 8000 4043 1544 240369 2093 19 30
ta067 240529 8003 4002 1637 240392 3715 28 30
ta067 240731 8001 4085 1629 240532 1634 16 30
ta067 240629 8002 3880 1453 240481 2523 22 30
ta067 240752 8002 3984 1486 240572 3439 27 30
ta067 240701 8001 3996 1533 240536 3359 26 30
ta067 240731 8000 3865 1375 240595 3206 26 30
ta068 231184 8000 4729 1975 230942 2769 20 30
ta068 231169 8001 4746 2046 230906 1486 14 30
ta068 231144 8002 4710 2003 230950 3899 26 30
ta068 231111 8000 4795 1992 230910 1748 16 30
ta068 231042 8000 4778 2066 230844 354 9 30
ta068 231043 8001 4845 2035 230802 1952 16 30
ta068 231155 8000 4767 1995 230970 0 8 30
ta068 231153 8000 4763 2113 230993 1047 12 30
ta068 231151 8001 4736 1795 230968 2470 19 30
ta068 231162 8001 4396 1872 230998 1282 14 30
ta069 248118 8001 4706 1883 247742 2435 19 30
ta069 248120 8001 4655 1927 247766 2300 19 30
ta069 248118 8001 4668 1917 247793 3169 22 30
ta069 248106 8000 4485 1706 247804 215 9 30
ta069 248118 8002 4671 1856 247789 1256 13 30
ta069 248118 8001 4687 1862 247742 3130 22 30
ta069 248118 8000 4635 1928 247798 1952 17 30
ta069 248143 8001 4660 1819 247946 2514 19 30
ta069 248123 8001 4357 1673 247812 2025 18 30
ta069 248118 8000 4737 1974 247753 880 12 30
ta070 243989 8002 4046 1641 243655 2166 19 30
ta070 243842 8000 4127 1603 243702 508 10 30
ta070 243810 8001 4257 1619 243664 1445 15 30
ta070 243954 8001 4201 1728 243738 551 10 30
ta070 243885 8001 4255 1652 243709 4249 29 30
ta070 243865 8002 4199 1582 243684 3 8 30
ta070 243771 8000 4304 1862 243608 987 13 30
ta070 243954 8002 4084 1551 243797 3651 27 30
ta070 243882 8001 4250 1866 243588 4045 28 30
ta070 243996 8000 4058 1546 243575 3280 25 30
ta071 300057 15001 2343 1110 299435 976 33 60
ta071 300100 15004 2394 1117 299432 921 32 60
ta071 300048 15003 2354 1078 299448 333 21 60
ta071 300074 15002 2328 1072 299461 1830 50 60
ta071 300082 15001 2401 1107 299422 2071 53 60
ta071 300054 15002 2374 1240 299519 970 33 60
ta071 300101 15001 2370 1100 299382 1872 50 60
ta071 300102 15005 2400 1116 299448 2136 55 60
ta071 300067 15002 2362 1175 299520 580 25 60
ta071 300081 15004 2338 1023 299315 2061 54 60
ta072 274622 15000 2381 1293 274059 2225 57 60
ta072 274622 15004 2350 1237 274047 2042 54 60
ta072 274622 15001 2302 1253 274015 2269 59 60
ta072 274622 15005 2383 1352 274030 2300 58 60
ta072 274622 15006 2340 1281 274017 2164 56 60
ta072 274622 15001 2363 1171 274022 1755 48 60
ta072 274622 15005 2336 1273 274134 1275 39 60
ta072 274622 15004 2352 1257 274030 2312 59 60
ta072 274622 15005 2418 1317 274059 2165 55 60
ta072 274622 15001 2341 1212 274030 2054 54 60
ta073 289084 15004 2256 985 288085 1730 49 60
ta073 289082 15000 2215 951 288087 823 31 60
ta073 288920 15005 2264 974 287620 728 29 60
ta073 289006 15001 2211 931 287980 1363 43 60
ta073 288996 15000 2146 936 287765 423 23 60
ta073 289077 15005 2306 880 288094 877 32 60
ta073 289006 15000 2180 971 288038 1973 55 60
ta073 289082 15000 2205 903 288078 1391 43 60
ta073 289006 15006 2187 938 288022 2143 59 60
ta073 289006 15003 2184 907 288020 372 22 60
ta074 301972 15005 2274 1212 301417 40 15 60
ta074 301972 15000 2377 1275 301411 1251 38 60
ta074 301972 15002 2305 1124 301417 203 19 60
ta074 301972 15004 2277 1138 301417 111 17 60
ta074 301972 15006 2355 1237 301411 1737 48 60
ta074 302029 15000 2114 1159 301524 74 16 60
ta074 301972 15001 2263 1200 301417 250 19 60
ta074 301972 15000 2275 1241 301417 100 16 60
ta074 301949 15002 2117 1110 301439 376 22 60
ta074 301973 15001 2182 1169 301444 249 20 60
ta075 284222 15002 2421 1163 283587 2332 58 60
ta075 284230 15003 2321 1028 283419 2222 58 60
ta075 284256 15002 2358 1164 283403 1245 38 60
ta075 284220 15001 2441 1161 283747 1558 43 60
ta075 284222 15003 2380 1120 283637 2350 59 60
ta075 284222 15004 2448 1274 283715 2419 59 60
ta075 284220 15004 2436 1113 283750 1840 49 60
ta075 284256 15002 2389 1083 283630 2245 57 60
ta075 284189 15003 2361 1159 283558 1603 45 60
ta075 284230 15003 2365 1138 283677 640 26 60
ta076 271499 15000 2205 1009 270405 1460 44 60
ta076 271558 15000 2202 889 270519 784 30 60
ta076 271479 15004 2179 947 270405 384 23 60
ta076 271473 15003 2259 1193 270333 186 18 60
ta076 271529 15003 2254 1054 270250 1752 50 60
ta076 271267 15005 2186 1031 270742 699 29 60
ta076 271601 15005 2330 1196 270595 578 26 60
ta076 271595 15000 2143 987 270412 1753 51 60
ta076 271387 15005 2158 962 270197 1949 55 60
ta076 271601 15001 2274 1149 270503 1421 42 60
ta077 280013 15004 2033 1125 279161 1998 59 60
ta077 280055 15004 1963 1041 279209 1734 54 60
ta077 280024 15005 2040 1177 279442 1110 39 60
ta077 280060 15006 2044 1137 279265 1108 39 60
ta077 280068 15003 2085 1207 279040 1341 44 60
ta077 280039 15003 2026 1066 279388 526 27 60
ta077 279809 15000 2085 1275 279002 1631 50 60
ta077 280060 15000 1996 1072 279233 1653 52 60
ta077 280024 15000 2024 1100 279445 1372 45 60
ta077 279938 15004 2117 1266 279056 603 28 60
ta078 290967 15005 2285 920 290416 1663 47 60
ta078 290843 15000 2273 1047 290237 1201 38 60
ta078 291025 15004 2235 987 290647 2148 58 60
ta078 291018 15003 2200 926 290393 1937 54 60
ta078 290980 15005 2317 898 290269 1621 46 60
ta078 290860 15000 2305 799 290078 849 31 60
ta078 291031 15005 2227 979 290537 2163 58 60
ta078 291003 15003 2227 929 290405 1401 42 60
ta078 290837 15002 2321 946 290422 1109 36 60
ta078 291027 15000 2321 1060 290681 1077 36 60
ta079 303159 15001 2283 1008 302458 2121 56 60
ta079 303288 15000 2380 927 302459 2151 55 60
ta079 303271 15000 2224 940 302302 2165 58 60
ta079 303288 15004 2258 735 302438 1775 50 60
ta079 303288 15005 2367 884 302392 2323 59 60
ta079 303428 15003 2261 959 302419 2147 57 60
ta079 303208 15003 2177 809 302528 2145 59 60
ta079 303356 15005 2176 753 302476 1784 51 60
ta079 303244 15006 2353 1017 302643 1432 42 60
ta079 303286 15006 2220 771 302432 1778 50 60
ta080 291876 15000 2453 946 291200 2106 53 60
ta080 291890 15004 2565 1124 291262 2486 58 60
ta080 291869 15005 2518 1149 291264 1704 45 60
ta080 291820 15000 2587 1161 291230 1133 35 60
ta080 291825 15004 2643 1012 291229 276 19 60
ta080 291858 15005 2509 1187 291292 344 21 60
ta080 291907 15001 2573 1219 291248 1973 49 60
ta080 291617 15000 2484 1103 291042 2279 56 60
ta080 291669 15004 2498 960 291039 1294 38 60
ta080 291883 15000 2495 1078 291284 1181 36 60
ta081 367737 29010 955 359 365282 912 116 120
ta081 367682 29001 949 420 364720 430 70 120
ta081 367789 29011 1009 410 364645 1000 119 120
ta081 367777 29015 1043 405 364163 999 116 120
ta081 367777 29002 1003 387 364489 661 88 120
ta081 367831 29013 959 389 364379 901 114 120
ta081 367776 29014 939 310 364752 507 78 120
ta081 367131 29002 979 494 364271 895 113 120
ta081 367807 29011 879 356 364795 746 106 120
ta081 367822 29006 960 294 364048 921 116 120
ta082 372202 29009 1078 421 370056 885 103 120
ta082 372023 29002 1124 525 370487 945 105 120
ta082 372229 29000 1110 433 370595 1064 116 120
ta082 372023 29014 1098 441 370155 1083 118 120
ta082 372055 29009 1059 431 370649 1014 116 120
ta082 372199 29003 1057 456 370595 519 73 120
ta082 372023 29006 1145 545 370378 1143 119 120
ta082 372185 29007 1078 479 369750 1047 117 120
ta082 372023 29014 1113 455 370016 1031 113 120
ta082 372023 29003 1129 550 370362 1059 114 120
ta083 373790 29003 932 321 371391 905 117 120
ta083 373942 29000 1152 386 371366 907 101 120
ta083 373305 29003 1111 414 371391 997 110 120
ta083 372878 29001 1126 431 370146 1079 116 120
ta083 373509 29007 1160 425 370723 1126 117 120
ta083 373320 29001 1072 446 371042 757 93 120
ta083 373482 29001 1063 367 371436 836 100 120
ta083 372938 29001 1194 544 370485 1002 104 120
ta083 373477 29009 1008 366 371075 993 118 120
ta083 372815 29001 948 309 369361 910 116 120
ta084 375896 29015 1113 465 372466 971 108 120
ta084 375759 29010 1082 467 372599 663 86 120
ta084 375791 29013 1121 486 372538 1017 111 120
ta084 375943 29010 1026 431 372909 588 81 120
ta084 375901 29003 1043 422 372652 1034 119 120
ta084 375795 29001 1110 498 372349 862 99 120
ta084 375821 29010 1136 479 372620 432 64 120
ta084 375791 29011 1076 457 372626 629 82 120
ta084 375884 29001 1180 523 372585 782 90 120
ta084 375844 29008 1077 384 372562 1012 114 120
ta085 369919 29005 1045 353 366054 826 100 120
ta085 369945 29002 1002 359 365887 998 119 120
ta085 369795 29007 1026 347 366474 789 99 120
ta085 369913 29014 1047 430 366183 1021 117 120
ta085 369713 29014 1093 449 365947 870 102 120
ta085 369803 29006 1047 483 366038 947 111 120
ta085 369711 29008 1060 439 366112 1036 118 120
ta085 369656 29001 989 484 366170 821 104 120
ta085 369556 29015 1105 442 366301 766 93 120
ta085 369637 29005 1102 438 366233 1058 116 120
ta086 373828 29000 1071 449 369981 1045 117 120
ta086 375331 29010 1022 369 371198 687 90 120
ta086 374112 29004 1060 393 370323 995 114 120
ta086 374947 29006 1101 354 370572 953 108 120
ta086 374223 29008 1133 410 370621 785 91 120
ta086 374841 29004 951 281 370500 850 110 120
ta086 374983 29005 1046 410 370695 1012 117 120
ta086 374512 29009 1001 433 370535 957 115 120
ta086 374966 29010 973 373 370817 945 117 120
ta086 374958 29006 1021 349 371182 938 112 120
ta087 374937 29001 1116 395 371539 685 85 120
ta087 374969 29002 1142 439 370414 937 103 120
ta087 374849 29006 1127 398 370770 1082 116 120
ta087 374781 29006 1156 429 371237 886 98 120
ta087 374909 29003 1229 526 370434 1207 118 120
ta087 374909 29007 1178 383 370572 1166 119 120
ta087 374807 29014 1167 518 370492 1096 114 120
ta087 374918 29004 1149 344 370034 1073 113 120
ta087 374848 29005 1147 463 370608 1096 116 120
ta087 374909 29007 1138 437 370295 1128 119 120
ta088 386325 29009 975 405 383265 944 117 120
ta088 385599 29007 1024 402 381997 993 117 120
ta088 386325 29007 897 369 382650 878 118 120
ta088 386028 29003 953 406 383006 879 112 120
ta088 386061 29001 945 384 383510 901 116 120
ta088 386325 29014 1054 412 383071 1024 117 120
ta088 385670 29014 959 398 382721 939 118 120
ta088 386435 29002 896 333 382882 879 118 120
ta088 386425 29013 865 301 383578 616 94 120
ta088 386326 29000 936 410 382249 845 111 120
ta089 376623 29001 931 306 372394 714 99 120
ta089 376097 29007 954 316 372329 719 97 120
ta089 376874 29010 958 459 372797 744 99 120
ta089 376511 29010 983 433 372470 820 104 120
ta089 376764 29001 995 451 372988 548 79 120
ta089 376753 29007 1006 419 373091 886 109 120
ta089 376309 29011 998 373 372309 880 109 120
ta089 376686 29008 928 353 372251 735 101 120
ta089 376038 29011 992 371 372131 946 115 120
ta089 376738 29004 1001 331 372845 837 105 120
ta090 379593 29008 1067 494 377267 1060 119 120
ta090 380495 29014 956 440 377640 954 119 120
ta090 379908 29011 996 322 377460 992 119 120
ta090 380151 29002 951 350 377948 815 107 120
ta090 379897 29010 969 348 377394 877 111 120
ta090 379884 29001 1039 430 377524 900 108 120
ta090 379962 29003 1074 478 377810 860 101 120
ta090 380162 29008 1027 446 377685 977 116 120
ta090 380036 29001 1010 411 377231 1006 119 120
ta090 380473 29014 1013 431 377643 980 117 120
ta091 1042542 29027 1139 569 1041043 1085 116 120
ta091 1042532 29007 1048 550 1041197 985 114 120
ta091 1042558 29017 1082 597 1041343 770 94 120
ta091 1042475 29007 1082 546 1041174 1040 116 120
ta091 1042801 29019 1091 518 1041324 703 87 120
ta091 1042515 29004 1113 618 1040961 960 107 120
ta091 1042585 29020 1080 580 1041169 1053 117 120
ta091 1042523 29010 1077 515 1041166 1008 114 120
ta091 1042523 29039 1072 546 1041037 987 112 120
ta091 1042566 29020 1118 662 1041160 856 98 120
ta092 1028879 29008 1271 810 1027879 807 87 120
ta092 1028879 29018 1271 839 1027930 954 97 120
ta092 1028880 29037 1327 867 1027959 1019 99 120
ta092 1028879 29039 1285 789 1027898 549 69 120
ta092 1028879 29003 1258 792 1027937 1214 116 120
ta092 1028879 29010 1285 853 1027883 729 81 120
ta092 1028879 29034 1284 840 1027886 1141 109 120
ta092 1028879 29047 1267 824 1027879 989 100 120
ta092 1028879 29040 1278 815 1027864 474 63 120
ta092 1028879 29001 1256 810 1027871 1047 104 120
ta093 1043677 29039 1087 560 1042629 1025 114 120
ta093 1043206 29004 1142 599 1041913 920 101 120
ta093 1044320 29036 1147 563 1043059 578 75 120
ta093 1043845 29027 1113 567 1042710 854 99 120
ta093 1043753 29009 1118 610 1042687 807 95 120
ta093 1043961 29041 1026 515 1043366 884 108 120
ta093 1043842 29030 1073 562 1042768 968 112 120
ta093 1043984 29012 1108 533 1042815 955 107 120
ta093 1043865 29028 1087 572 1042799 1056 117 120
ta093 1043447 29002 1076 538 1042871 1061 118 120
ta094 1024559 29013 1385 680 1022857 737 78 120
ta094 1023813 29002 1317 661 1022834 965 96 120
ta094 1024001 29008 1360 738 1022475 1185 108 120
ta094 1024106 29001 1441 740 1022876 1368 115 120
ta094 1023622 29018 1350 653 1022494 1049 100 120
ta094 1023824 29004 1415 736 1022435 1331 114 120
ta094 1024240 29006 1398 750 1023210 1384 119 120
ta094 1023869 29005 1469 820 1022516 1383 115 120
ta094 1024323 29006 1309 577 1023134 1180 111 120
ta094 1023484 29032 1453 853 1022362 1320 110 120
ta095 1029121 29007 1182 691 1028044 1129 115 120
ta095 1028903 29023 1155 659 1027072 1145 119 120
ta095 1029338 29014 1193 732 1027881 471 64 120
ta095 1029315 29022 1181 717 1027927 1140 116 120
ta095 1029223 29008 1193 695 1027579 1009 106 120
ta095 1029098 29040 1149 659 1027488 1047 112 120
ta095 1029419 29015 1159 694 1027613 1105 115 120
ta095 1029417 29013 1184 741 1027646 1054 110 120
ta095 1029314 29027 1216 713 1028303 1080 110 120
ta095 1029136 29007 1183 666 1027601 705 82 120
ta096 999548 29008 1227 824 998201 270 49 120
ta096 999591 29002 1245 826 998262 1178 114 120
ta096 999596 29026 1311 910 998020 1272 117 120
ta096 999588 29048 1268 895 998251 899 93 120
ta096 999858 29033 1254 854 998409 1024 104 120
ta096 999570 29006 1284 856 998209 1266 118 120
ta096 999568 29002 1290 844 998283 980 98 120
ta096 999489 29023 1313 851 998145 640 73 120
ta096 999492 29007 1300 863 997966 1164 110 120
ta096 999613 29007 1178 797 998041 1107 114 120
ta097 1042583 29025 1550 964 1041355 1412 112 120
ta097 1042583 29009 1513 958 1041333 1252 104 120
ta097 1042583 29007 1555 965 1041360 262 44 120
ta097 1042581 29007 1526 910 1041243 1347 109 120
ta097 1042583 29033 1517 949 1041231 1488 118 120
ta097 1042580 29033 1501 953 1041215 1352 111 120
ta097 1042574 29039 1556 976 1041269 844 78 120
ta097 1042583 29043 1513 922 1041219 881 81 120
ta097 1042583 29036 1547 949 1041211 600 64 120
ta097 1042583 29037 1552 965 1041231 1053 91 120
ta098 1035915 29022 1255 749 1034348 1007 102 120
ta098 1035905 29003 1199 737 1034495 891 96 120
ta098 1035915 29008 1178 772 1034349 328 54 120
ta098 1035915 29005 1259 780 1034614 1067 106 120
ta098 1035915 29022 1213 736 1034198 847 91 120
ta098 1035915 29027 1203 760 1034452 740 84 120
ta098 1035915 29025 1187 708 1034234 1094 112 120
ta098 1035915 29014 1169 760 1034528 785 89 120
ta098 1035915 29021 1182 748 1034188 893 98 120
ta098 1035915 29002 1226 765 1034198 1048 106 120
ta099 1015753 29048 1266 919 1014797 1254 119 120
ta099 1015728 29029 1253 906 1014731 784 86 120
ta099 1015610 29001 1247 891 1014725 1007 102 120
ta099 1015610 29006 1254 890 1014677 1183 114 120
ta099 1015696 29029 1268 917 1014871 640 75 120
ta099 1015610 29000 1239 839 1014725 647 76 120
ta099 1015561 29039 1255 882 1014416 848 91 120
ta099 1015610 29002 1248 887 1014683 1162 113 120
ta099 1015624 29000 1238 832 1014800 367 56 120
ta099 1015610 29017 1263 901 1014620 886 93 120
ta100 1021666 29035 1439 767 1020397 743 75 120
ta100 1021633 29024 1429 850 1020563 445 57 120
ta100 1021655 29025 1432 827 1020505 1285 110 120
ta100 1021775 29038 1400 783 1021081 1315 114 120
ta100 1021766 29015 1406 762 1020581 1351 116 120
ta100 1021750 29006 1451 803 1020675 585 66 120
ta100 1021659 29020 1437 865 1020564 908 86 120
ta100 1021667 29001 1457 847 1020576 660 71 120
ta100 1021660 29021 1477 831 1020548 608 67 120
ta100 1021657 29004 1404 809 1020575 0 29 120
ta101 1224974 58014 554 254 1218405 551 239 240
ta101 1226028 58012 593 237 1220970 589 239 240
ta101 1226411 58118 564 261 1220938 519 225 240
ta101 1225981 58105 560 218 1220258 480 216 240
ta101 1227081 58012 616 257 1222172 596 235 240
ta101 1225071 58066 611 257 1219226 593 234 240
ta101 1225647 58021 593 268 1218741 562 231 240
ta101 1225157 58070 586 259 1219670 545 228 240
ta101 1225258 58057 579 220 1219715 569 237 240
ta101 1224916 58051 627 288 1219075 621 239 240
ta102 1233208 58053 522 267 1227181 510 236 240
ta102 1233223 58049 530 285 1227685 465 217 240
ta102 1233380 58007 520 276 1227850 432 210 240
ta102 1233641 58111 514 277 1228068 468 224 240
ta102 1233695 58103 505 260 1228542 432 215 240
ta102 1233203 58107 533 292 1227407 440 210 240
ta102 1233093 58058 525 260 1227497 519 238 240
ta102 1233466 58098 501 248 1227738 445 220 240
ta102 1232947 58082 517 259 1227064 440 213 240
ta102 1232876 58005 541 264 1227932 472 218 240
ta103 1255006 58099 640 357 1249794 620 235 240
ta103 1254637 58111 627 308 1249228 595 231 240
ta103 1255272 58063 604 296 1252080 589 235 240
ta103 1254544 58051 630 317 1248814 577 224 240
ta103 1254908 58004 619 329 1250140 600 234 240
ta103 1255061 58019 646 316 1249504 632 236 240
ta103 1254902 58114 608 322 1250027 452 195 240
ta103 1255051 58049 638 331 1249836 635 239 240
ta103 1254791 58061 593 317 1249410 556 228 240
ta103 1255195 58019 629 346 1249653 619 237 240
ta104 1227520 58033 558 330 1222833 486 215 240
ta104 1227437 58064 532 289 1222402 367 185 240
ta104 1227420 58032 562 322 1222166 532 231 240
ta104 1227020 58025 546 340 1222405 469 214 240
ta104 1227573 58098 547 322 1222698 441 207 240
ta104 1227616 58012 567 353 1222621 451 203 240
ta104 1227448 58054 562 321 1222893 438 202 240
ta104 1227129 58122 553 296 1222396 549 239 240
ta104 1227622 58117 562 329 1222837 543 235 240
ta104 1227538 58007 534 312 1222638 489 225 240
ta105 1216540 58038 590 234 1209936 575 235 240
ta105 1216647 58077 603 254 1210460 595 237 240
ta105 1216592 58011 590 248 1209325 546 227 240
ta105 1215918 58112 568 216 1210983 423 196 240
ta105 1216718 58105 617 263 1210620 612 239 240
ta105 1216802 58078 619 276 1210705 581 228 240
ta105 1216144 58046 659 344 1209986 643 236 240
ta105 1216852 58030 599 262 1211161 587 237 240
ta105 1216748 58024 612 261 1210556 606 238 240
ta105 1216446 58071 615 282 1210376 604 237 240
ta106 1219527 58087 614 332 1213873 581 231 240
ta106 1219772 58099 619 303 1214641 574 227 240
ta106 1219534 58007 571 246 1213930 515 222 240
ta106 1219897 58106 594 285 1214506 532 222 240
ta106 1219818 58018 567 251 1214587 483 214 240
ta106 1219873 58039 600 272 1215065 578 233 240
ta106 1219867 58056 593 269 1214462 510 215 240
ta106 1219859 58032 593 255 1214639 508 215 240
ta106 1219871 58124 619 329 1215138 579 229 240
ta106 1219743 58006 603 265 1215019 587 235 240
ta107 1237222 58056 501 228 1231670 496 238 240
ta107 1237358 58086 503 236 1232179 457 222 240
ta107 1237358 58117 530 259 1232450 461 216 240
ta107 1237358 58005 510 276 1231740 487 231 240
ta107 1237358 58110 533 280 1231503 512 232 240
ta107 1237358 58001 462 209 1233255 432 228 240
ta107 1237247 58111 501 268 1232007 405 207 240
ta107 1237247 58013 513 281 1230019 491 231 240
ta107 1237222 58013 470 206 1232139 374 205 240
ta107 1237358 58078 506 252 1231888 422 210 240
ta108 1233813 58053 557 245 1228941 475 216 240
ta108 1233282 58106 582 320 1228487 577 238 240
ta108 1233481 58045 582 244 1228558 419 189 240
ta108 1233651 58030 592 302 1228590 586 238 240
ta108 1233475 58043 581 313 1228876 434 193 240
ta108 1233767 58030 593 271 1229060 494 210 240
ta108 1233952 58117 578 255 1228727 476 207 240
ta108 1234048 58069 545 228 1227985 543 239 240
ta108 1233711 58007 595 310 1228924 497 210 240
ta108 1233992 58047 558 249 1229225 540 234 240
ta109 1222659 58049 559 304 1215572 494 218 240
ta109 1222449 58041 572 257 1215702 517 223 240
ta109 1222659 58074 562 233 1215162 555 238 240
ta109 1222443 58088 587 288 1215552 520 219 240
ta109 1222659 58057 562 245 1215374 458 207 240
ta109 1222504 58112 591 266 1215261 581 237 240
ta109 1222658 58040 570 268 1215709 552 235 240
ta109 1222659 58072 568 254 1215587 539 232 240
ta109 1222659 58117 592 284 1215003 583 237 240
ta109 1222658 58104 559 272 1215481 557 239 240
ta110 1235369 58064 522 275 1231003 448 214 240
ta110 1235379 58064 548 312 1230631 522 232 240
ta110 1235369 58027 544 278 1230983 481 219 240
ta110 1235369 58061 519 262 1231285 513 238 240
ta110 1235379 58094 559 303 1230699 551 238 240
ta110 1235369 58009 542 277 1230970 525 235 240
ta110 1235489 58120 571 291 1231524 527 226 240
ta110 1235369 58028 536 276 1230875 480 219 240
ta110 1235369 58024 600 319 1231013 586 236 240
ta110 1235404 58013 523 265 1230242 426 207 240
ta111 6562803 145827 233 183 6555107 215 565 600
ta111 6562779 144463 230 173 6554649 185 521 600
ta111 6562803 145715 212 146 6557056 188 542 600
ta111 6562803 145760 219 159 6555522 202 568 600
ta111 6562803 144907 220 166 6555172 197 564 600
ta111 6562803 145540 220 170 6555531 216 596 601
ta111 6562803 144017 225 168 6555640 119 406 600
ta111 6562803 144238 220 164 6555302 185 543 601
ta111 6562803 144718 224 171 6555363 213 583 600
ta111 6562803 145169 227 178 6555353 218 584 600
ta112 6678352 145690 250 169 6670254 214 541 600
ta112 6678781 144168 259 175 6669572 208 511 600
ta112 6678355 145907 251 168 6669030 250 600 600
ta112 6678329 144514 239 150 6669873 230 589 600
ta112 6678491 144075 255 158 6670309 249 593 600
ta112 6677703 144750 249 158 6669881 219 554 600
ta112 6677866 145822 243 153 6669484 240 596 601
ta112 6677767 145840 264 171 6670118 238 567 600
ta112 6678633 144010 258 174 6669198 247 584 600
ta112 6678861 144331 248 158 6670626 239 589 600
ta113 6632708 144027 221 156 6624945 164 485 600
ta113 6632778 144118 216 146 6624876 204 578 600
ta113 6632778 145520 213 158 6624902 70 316 600
ta113 6632778 145458 210 139 6624664 176 536 600
ta113 6632778 145331 224 167 6625212 215 583 600
ta113 6632778 145745 212 134 6624471 208 596 600
ta113 6632778 144901 212 157 6625422 162 512 601
ta113 6632778 144361 219 158 6625073 143 457 600
ta113 6632778 145707 209 138 6625064 149 483 600
ta113 6632708 145162 216 139 6625036 148 470 600
ta114 6634159 144067 218 149 6623384 214 593 600
ta114 6633903 145419 230 156 6623294 225 592 600
ta114 6633720 144986 211 149 6623169 181 550 600
ta114 6634032 144629 221 161 6623394 205 567 600
ta114 6634060 145747 225 172 6623341 220 593 601
ta114 6634099 144095 211 147 6623410 206 592 600
ta114 6633959 144932 212 130 6623373 113 410 601
ta114 6633975 144832 224 149 6623312 164 489 601
ta114 6633957 144341 220 158 6623477 215 592 600
ta114 6633980 144682 213 154 6623728 204 582 600
ta115 6611711 145038 224 145 6599210 206 574 600
ta115 6610881 145653 215 120 6598139 202 577 600
ta115 6610844 144110 226 127 6598393 225 600 600
ta115 6611456 144165 226 139 6598076 217 586 600
ta115 6610782 145541 214 121 6598005 203 584 600
ta115 6611513 145588 216 123 6598769 213 598 600
ta115 6611297 145302 195 110 6601484 189 592 600
ta115 6611118 145695 230 133 6598420 217 580 600
ta115 6610550 144585 237 141 6597475 233 596 600
ta115 6610376 144360 240 154 6597715 229 578 600
ta116 6606107 145791 268 214 6599405 204 491 600
ta116 6606107 144299 273 233 6599544 246 560 600
ta116 6606107 144334 254 195 6599757 245 589 600
ta116 6606107 145066 267 219 6599102 238 561 600
ta116 6606107 145249 280 220 6599449 272 590 600
ta116 6606125 145570 280 224 6598965 234 528 600
ta116 6606107 144161 270 211 6599091 219 517 600
ta116 6606189 144275 273 212 6601313 268 595 600
ta116 6606241 144168 277 212 6599824 276 600 600
ta116 6606107 145800 278 213 6599253 256 566 600
ta117 6576737 144407 206 131 6565808 182 554 600
ta117 6576737 144464 203 142 6565791 189 569 600
ta117 6576737 145276 209 149 6565657 206 596 600
ta117 6576737 144152 212 146 6565492 210 599 600
ta117 6576737 144408 203 124 6565659 191 577 600
ta117 6576737 144178 211 142 6565923 199 580 600
ta117 6576737 144154 206 147 6565698 199 588 600
ta117 6576737 144923 209 152 6565670 187 557 600
ta117 6576737 145735 207 150 6565366 173 536 600
ta117 6576737 145571 203 130 6565620 142 474 600
ta118 6629422 145507 216 141 6619496 206 581 600
ta118 6629434 145141 237 153 6619332 202 543 600
ta118 6629439 144542 238 173 6619446 235 596 600
ta118 6629360 144004 229 154 6619293 218 583 600
ta118 6629262 145642 243 171 6619637 235 588 600
ta118 6629286 145572 226 157 6619479 220 588 600
ta118 6629230 145278 238 169 6619809 226 583 600
ta118 6629397 144142 245 167 6619044 217 556 600
ta118 6629360 145905 225 142 6619735 221 595 600
ta118 6629134 144614 230 161 6619323 172 497 600
ta119 6569309 144148 216 139 6560460 161 498 600
ta119 6569309 144649 220 136 6566428 172 506 600
ta119 6569309 144352 225 151 6560668 143 452 600
ta119 6569309 144436 223 153 6560302 196 552 600
ta119 6569309 145180 221 150 6560468 204 566 600
ta119 6569309 144598 223 135 6560697 221 599 600
ta119 6569309 144181 233 153 6560519 227 592 600
ta119 6569309 144441 225 147 6560398 214 580 600
ta119 6569309 144217 219 160 6560604 216 593 600
ta119 6569309 144723 211 143 6560673 185 548 600
ta120 6617699 145448 233 168 6607475 227 592 600
ta120 6616687 144012 232 169 6605920 219 575 600
ta120 6617593 145802 231 169 6607872 198 533 600
ta120 6616927 144142 233 161 6606706 225 586 600
ta120 6617436 144013 226 159 6609886 211 574 600
ta120 6616677 144847 236 168 6607366 192 524 600
ta120 6616820 144797 244 169 6607418 235 589 600
ta120 6617421 145700 229 160 6606878 187 520 600
ta120 6617406 145276 244 183 6607172 241 597 600
ta120 6617652 144814 245 182 6607601 241 596 600
