# Hostname: ocasrv. Config used: --obj f --timefactor 60 --verbose --verbose_np --npf 0.81 --dv01 3 --dv04 3 --dv07 1 --dv08 2 --dv09 6 --dv10 12 --dv11 0 --dv12 3 --dv13 3 --dv15 2 --dv16 3 --dv17 4 --dv18 2 --iga --np --dc 11 --alpha 0.24 --dc_np 5 --n_ls_np 4 --rrtd_np 100 --alternate_np 4
ta001 14033 2000 11537 4277 13962 8196 4 6
ta001 14033 2000 11481 4378 13962 2922 3 6
ta001 14033 2000 11508 4174 13962 2879 3 6
ta001 14033 2000 11397 4282 13962 662 2 6
ta001 14033 2000 11583 4083 13962 726 2 6
ta001 14033 2000 11537 4347 13968 5425 3 6
ta001 14033 2000 11430 4450 13962 3986 3 6
ta001 14033 2000 11533 4148 13962 5893 4 6
ta001 14033 2000 11496 4030 13962 1557 2 6
ta001 14033 2000 11504 4084 13962 7101 4 6
ta002 15151 2000 12715 3327 15078 769 2 6
ta002 15151 2000 12687 3162 15068 6782 4 6
ta002 15151 2000 12824 3339 15092 5539 3 6
ta002 15151 2000 12691 3344 15077 4062 3 6
ta002 15151 2000 12713 3586 15083 5477 3 6
ta002 15151 2000 12466 3100 15077 9090 4 6
ta002 15151 2000 12867 3134 15092 2460 2 6
ta002 15151 2000 12575 3321 15084 3084 2 6
ta002 15151 2000 12727 3241 15078 3731 3 6
ta002 15151 2000 12626 3507 15084 2314 2 6
ta003 13301 2000 10302 3019 12956 4734 3 6
ta003 13301 2000 10545 3188 12956 1863 2 6
ta003 13301 2000 10362 3076 12956 2691 3 6
ta003 13301 2000 10514 3164 12956 624 2 6
ta003 13301 2000 10443 3052 12956 4180 3 6
ta003 13301 2000 10350 2921 12956 2445 2 6
ta003 13301 2000 10458 2966 12956 3867 3 6
ta003 13301 2000 10065 3055 12956 4946 3 6
ta003 13301 2000 10495 3058 12956 2696 3 6
ta003 13301 2000 10423 2907 12956 375 2 6
ta004 15447 2000 11341 3918 15374 7222 4 6
ta004 15447 2000 11280 4122 15369 4384 3 6
ta004 15447 2000 11021 4308 15374 1685 2 6
ta004 15447 2000 11271 4182 15374 6191 4 6
ta004 15447 2000 11127 4417 15374 2196 2 6
ta004 15447 2000 11315 4412 15374 4693 3 6
ta004 15447 2000 11260 4377 15374 3176 3 6
ta004 15447 2000 11230 4675 15374 7641 4 6
ta004 15447 2000 11315 4333 15391 487 2 6
ta004 15447 2000 11212 4615 15374 3717 3 6
ta005 13529 2000 11490 6915 13472 8 2 6
ta005 13529 2000 11350 6833 13472 418 2 6
ta005 13529 2000 11408 6914 13472 4123 3 6
ta005 13529 2000 11547 6871 13472 170 2 6
ta005 13529 2000 11416 6883 13472 326 2 6
ta005 13529 2000 11465 6705 13472 16 2 6
ta005 13529 2000 11440 6854 13472 115 2 6
ta005 13529 2000 11443 6850 13472 43 2 6
ta005 13529 2000 11565 6977 13472 365 2 6
ta005 13529 2000 11346 6775 13472 537 2 6
ta006 13123 2000 11530 4940 13058 3634 3 6
ta006 13123 2000 11674 5064 13058 1371 2 6
ta006 13123 2000 11455 5013 13058 5129 3 6
ta006 13123 2000 11599 5127 13058 2045 2 6
ta006 13123 2000 11606 5049 13058 1679 2 6
ta006 13123 2000 11720 5125 13058 2537 2 6
ta006 13123 2000 11654 4939 13058 4227 3 6
ta006 13123 2000 11671 4992 13058 1162 2 6
ta006 13123 2000 11568 4861 13058 4579 3 6
ta006 13123 2000 11614 4969 13058 3161 3 6
ta007 13548 2000 12462 4094 13479 49 2 6
ta007 13548 2000 12508 4322 13479 27 2 6
ta007 13548 2000 12456 4021 13479 329 2 6
ta007 13548 2000 12402 4220 13479 21 2 6
ta007 13548 2000 12451 4041 13479 299 2 6
ta007 13548 2000 12459 4068 13479 164 2 6
ta007 13548 2000 12305 3806 13479 7758 4 6
ta007 13548 2000 12347 4276 13479 171 2 6
ta007 13548 2000 12200 4247 13486 1 2 6
ta007 13548 2000 12424 4203 13479 199 2 6
ta008 13948 2000 11241 4579 13882 100 2 6
ta008 13948 2000 11190 5016 13882 1001 2 6
ta008 13948 2000 11360 4857 13882 9 2 6
ta008 13948 2000 11339 5021 13882 1 2 6
ta008 13948 2000 11402 4922 13882 1446 2 6
ta008 13948 2000 11324 5105 13882 707 2 6
ta008 13948 2000 11325 5368 13882 616 2 6
ta008 13948 2000 11166 4888 13882 629 2 6
ta008 13948 2000 11057 4509 13882 94 2 6
ta008 13948 2000 11327 4272 13882 1784 2 6
ta009 14295 2000 11353 4411 14047 107 2 6
ta009 14295 2000 11815 4588 14047 1234 2 6
ta009 14295 2000 11809 4806 14047 686 2 6
ta009 14295 2000 11756 4553 14047 539 2 6
ta009 14295 2000 11377 4424 14047 516 2 6
ta009 14295 2000 11828 4826 14047 351 2 6
ta009 14295 2000 11831 4788 14047 208 2 6
ta009 14295 2000 11671 4799 14047 302 2 6
ta009 14295 2000 11826 4796 14047 411 2 6
ta009 14295 2000 11816 4601 14047 76 2 6
ta010 12943 2000 11048 3649 12904 644 2 6
ta010 12943 2000 10925 3914 12904 662 2 6
ta010 12943 2000 11147 4075 12894 3572 3 6
ta010 12943 2000 11121 3760 12904 7369 4 6
ta010 12943 2000 10893 3966 12907 2190 2 6
ta010 12943 2000 11077 3700 12918 73 2 6
ta010 12943 2000 11040 4004 12894 1617 2 6
ta010 12943 2000 11016 3968 12894 6847 4 6
ta010 12943 2000 10996 3848 12907 15 2 6
ta010 12943 2000 11082 3864 12904 681 2 6
ta011 20911 3000 7685 2956 20496 3672 7 12
ta011 20911 3000 7550 2897 20496 3759 7 12
ta011 20911 3000 7610 2088 20525 7099 11 12
ta011 20911 3000 7668 3331 20496 3359 7 12
ta011 20911 3000 7653 3297 20496 6756 10 12
ta011 20911 3000 7709 2946 20496 3903 7 12
ta011 20911 3000 7674 2812 20496 4281 8 12
ta011 20911 3000 7679 2510 20525 2246 5 12
ta011 20911 3000 7705 3045 20496 5204 9 12
ta011 20911 3000 7737 2900 20496 3673 7 12
ta012 22440 3000 7670 2741 22316 2169 5 12
ta012 22440 3000 7398 2858 22341 304 3 12
ta012 22440 3000 7426 2915 22341 774 3 12
ta012 22440 3000 7323 2335 22315 4272 8 12
ta012 22440 3000 7401 3170 22341 1281 4 12
ta012 22440 3000 7384 2904 22341 2186 5 12
ta012 22440 3000 7348 2152 22336 2121 5 12
ta012 22440 3000 7368 2681 22315 5059 9 12
ta012 22440 3000 7505 3143 22316 3981 7 12
ta012 22440 3000 7355 2074 22342 1015 4 12
ta013 19833 3000 7755 3282 19493 89 3 12
ta013 19833 3000 7748 3180 19493 110 3 12
ta013 19833 3000 7679 3073 19493 90 3 12
ta013 19833 3000 7592 3052 19493 164 3 12
ta013 19833 3000 7716 3279 19493 111 3 12
ta013 19833 3000 7650 2952 19493 1115 4 12
ta013 19833 3000 7713 3149 19493 537 3 12
ta013 19833 3000 7725 3304 19493 375 3 12
ta013 19833 3000 7587 2822 19493 12 3 12
ta013 19833 3000 7708 3180 19493 531 3 12
ta014 18710 3000 7311 1942 18373 694 3 12
ta014 18710 3000 7270 1558 18365 1404 4 12
ta014 18710 3000 7061 1705 18340 2583 6 12
ta014 18710 3000 7271 2215 18360 5834 10 12
ta014 18710 3000 7458 1192 18284 1213 4 12
ta014 18710 3000 7316 1717 18377 1834 5 12
ta014 18710 3000 7237 1737 18340 2896 6 12
ta014 18710 3000 7424 1124 18284 1252 4 12
ta014 18710 3000 7391 1839 18360 4937 8 12
ta014 18710 3000 7320 2056 18348 2164 5 12
ta015 18641 3000 7351 2596 18240 482 3 12
ta015 18641 3000 7404 2942 18210 3393 7 12
ta015 18641 3000 7279 1744 18206 6135 10 12
ta015 18641 3000 7517 2924 18240 1800 5 12
ta015 18641 3000 7385 2714 18207 3337 7 12
ta015 18641 3000 7390 2104 18240 1199 4 12
ta015 18641 3000 7575 2959 18218 2390 5 12
ta015 18641 3000 7507 2712 18212 5756 9 12
ta015 18641 3000 7494 2685 18217 3172 6 12
ta015 18641 3000 7349 2747 18240 1490 4 12
ta016 19245 3000 7148 2974 18581 1535 4 12
ta016 19245 3000 7137 3073 18581 607 3 12
ta016 19245 3000 7097 3200 18581 657 3 12
ta016 19245 3000 7169 3162 18581 788 3 12
ta016 19245 3000 7076 2964 18581 700 3 12
ta016 19245 3000 7344 2601 18625 202 3 12
ta016 19245 3000 7178 2858 18581 1764 5 12
ta016 19245 3000 7144 2602 18581 207 3 12
ta016 19245 3000 7160 2734 18576 2917 6 12
ta016 19245 3000 7120 3033 18581 833 4 12
ta017 18363 3000 8164 3224 18042 3484 6 12
ta017 18363 3000 8171 3499 18073 44 3 12
ta017 18363 3000 7854 2408 18042 501 3 12
ta017 18363 3000 8042 3459 18042 6888 10 12
ta017 18363 3000 8297 3057 18042 2348 5 12
ta017 18363 3000 8246 2972 18042 360 3 12
ta017 18363 3000 8256 2959 18042 5490 8 12
ta017 18363 3000 8200 2438 18042 120 3 12
ta017 18363 3000 8072 2604 18042 1091 4 12
ta017 18363 3000 8143 2570 18042 1200 4 12
ta018 20241 3000 7287 2487 19836 6038 10 12
ta018 20241 3000 7225 2087 19830 1978 5 12
ta018 20241 3000 7317 2504 19836 5918 10 12
ta018 20241 3000 7252 2362 19830 1473 4 12
ta018 20241 3000 7215 2431 19841 3830 7 12
ta018 20241 3000 7079 2143 19851 3833 7 12
ta018 20241 3000 7183 2208 19830 4205 8 12
ta018 20241 3000 7169 2280 19837 6714 11 12
ta018 20241 3000 7375 2613 19836 4620 8 12
ta018 20241 3000 7391 2608 19836 3161 6 12
ta019 20330 3000 8484 3408 20106 40 3 12
ta019 20330 3000 8415 3341 20106 51 3 12
ta019 20330 3000 8408 3340 20106 58 3 12
ta019 20330 3000 8388 3276 20106 19 3 12
ta019 20330 3000 8432 3270 20106 36 3 12
ta019 20330 3000 8474 3528 20106 131 3 12
ta019 20330 3000 8400 3321 20106 285 3 12
ta019 20330 3000 8371 3292 20106 63 3 12
ta019 20330 3000 8372 3433 20106 60 3 12
ta019 20330 3000 8324 3288 20106 37 3 12
ta020 21320 3000 7357 3389 20872 1226 4 12
ta020 21320 3000 7429 3182 20955 325 3 12
ta020 21320 3000 7361 3220 20872 138 3 12
ta020 21320 3000 7155 3278 20872 2822 6 12
ta020 21320 3000 7317 3238 20872 397 3 12
ta020 21320 3000 7154 3256 20872 2787 6 12
ta020 21320 3000 7306 3162 20872 127 3 12
ta020 21320 3000 7360 3262 20872 1501 4 12
ta020 21320 3000 7237 3355 20872 706 3 12
ta020 21320 3000 7216 3152 20872 992 4 12
ta021 33623 5000 4712 1440 33150 3364 18 24
ta021 33623 5000 4768 1851 33244 271 6 24
ta021 33623 5000 4712 1459 33150 2077 13 24
ta021 33623 5000 4682 1684 33150 4053 21 24
ta021 33623 5000 4621 1468 33278 3482 19 24
ta021 33623 5000 4676 1473 33150 760 8 24
ta021 33623 5000 4681 1413 33150 1868 12 24
ta021 33623 5000 4720 1475 33150 3645 19 24
ta021 33623 5000 4603 1419 33278 4557 23 24
ta021 33623 5000 4750 1657 33150 3133 17 24
ta022 31587 5000 4393 931 30629 3107 18 24
ta022 31587 5000 4395 752 30612 3969 22 24
ta022 31587 5000 4343 801 30609 1277 10 24
ta022 31587 5000 4326 1000 30629 1552 11 24
ta022 31587 5000 4376 872 30629 1269 10 24
ta022 31587 5000 4382 891 30612 3386 19 24
ta022 31587 5000 4422 541 30725 3056 18 24
ta022 31587 5000 4184 922 30629 2579 16 24
ta022 31587 5000 4433 663 30774 293 6 24
ta022 31587 5000 4405 891 30609 3641 20 24
ta023 33920 5000 4403 1524 33028 641 7 24
ta023 33920 5000 4442 1200 33036 1522 11 24
ta023 33920 5000 4408 1442 32977 4399 23 24
ta023 33920 5000 4392 1463 32983 1961 13 24
ta023 33920 5000 4347 1507 32988 455 6 24
ta023 33920 5000 4658 1828 33080 4491 23 24
ta023 33920 5000 4629 1823 33026 4506 23 24
ta023 33920 5000 4388 1241 32916 3458 19 24
ta023 33920 5000 4407 1411 32960 3718 21 24
ta023 33920 5000 4427 1979 33138 1890 13 24
ta024 31661 5000 4536 1899 30983 928 8 24
ta024 31661 5000 4556 1872 30854 2691 16 24
ta024 31661 5000 4522 1930 30983 661 7 24
ta024 31661 5000 4469 1811 30862 4123 22 24
ta024 31661 5000 4509 1870 30983 982 9 24
ta024 31661 5000 4457 1833 30983 51 5 24
ta024 31661 5000 4518 1760 30862 2951 17 24
ta024 31661 5000 4441 1723 30973 1970 13 24
ta024 31661 5000 4520 1856 30983 330 6 24
ta024 31661 5000 4505 1825 30983 307 6 24
ta025 34557 5000 4460 1398 33880 3549 20 24
ta025 34557 5000 4515 1623 33880 3289 18 24
ta025 34557 5000 4539 1627 33880 3586 19 24
ta025 34557 5000 4456 1325 33841 524 7 24
ta025 34557 5000 4403 714 33941 3472 19 24
ta025 34557 5000 4508 1625 33880 2856 17 24
ta025 34557 5000 4461 1154 33843 3088 18 24
ta025 34557 5000 4598 1379 34013 972 9 24
ta025 34557 5000 4410 1417 33846 4003 22 24
ta025 34557 5000 4569 1817 34001 1716 12 24
ta026 32564 5000 4660 872 31819 3719 20 24
ta026 32564 5000 4465 1154 31774 3025 17 24
ta026 32564 5000 4659 865 31816 2476 15 24
ta026 32564 5000 4737 1041 31937 213 5 24
ta026 32564 5000 4598 968 31887 944 8 24
ta026 32564 5000 4521 1177 31769 2013 13 24
ta026 32564 5000 4682 904 31819 3278 18 24
ta026 32564 5000 4649 906 31827 820 8 24
ta026 32564 5000 4494 1109 31774 2265 14 24
ta026 32564 5000 4599 1452 31786 4477 23 24
ta027 32922 5000 4625 1269 32271 688 7 24
ta027 32922 5000 4618 1246 32271 1717 12 24
ta027 32922 5000 4593 1514 32293 2945 17 24
ta027 32922 5000 4592 1388 32293 3552 19 24
ta027 32922 5000 4360 1348 32237 4291 23 24
ta027 32922 5000 4490 941 32210 3241 18 24
ta027 32922 5000 4562 1516 32293 1907 13 24
ta027 32922 5000 4610 1195 32271 1127 9 24
ta027 32922 5000 4609 1319 32271 2227 14 24
ta027 32922 5000 4628 1889 32293 757 8 24
ta028 32412 5000 4551 1292 31763 2767 16 24
ta028 32412 5000 4641 1664 31763 1797 12 24
ta028 32412 5000 4692 1878 31774 4527 23 24
ta028 32412 5000 4688 1772 31796 279 6 24
ta028 32412 5000 4641 1676 31897 1526 11 24
ta028 32412 5000 4757 1304 31923 4439 22 24
ta028 32412 5000 4558 1833 31763 1374 10 24
ta028 32412 5000 4540 1505 31810 4421 23 24
ta028 32412 5000 4579 1790 31763 1123 9 24
ta028 32412 5000 4601 1209 31796 1425 10 24
ta029 33600 5000 4289 1277 32798 612 7 24
ta029 33600 5000 4216 1662 32829 2421 15 24
ta029 33600 5000 4330 1411 32815 4128 23 24
ta029 33600 5000 4401 1194 32853 367 6 24
ta029 33600 5000 4349 1448 32815 3665 20 24
ta029 33600 5000 4364 1112 32886 4255 23 24
ta029 33600 5000 4248 879 32868 1301 10 24
ta029 33600 5000 4325 892 32806 1386 11 24
ta029 33600 5000 4442 1077 32822 3650 20 24
ta029 33600 5000 4399 774 32837 1061 9 24
ta030 32262 5000 4656 1264 31389 1446 10 24
ta030 32262 5000 4789 1285 31591 325 6 24
ta030 32262 5000 4801 1365 31540 4297 21 24
ta030 32262 5000 4885 736 31502 84 5 24
ta030 32262 5000 4786 1587 31653 405 6 24
ta030 32262 5000 4738 1422 31653 280 6 24
ta030 32262 5000 4715 1284 31587 2189 13 24
ta030 32262 5000 4656 1086 31570 2211 14 24
ta030 32262 5000 4679 1259 31587 2074 13 24
ta030 32262 5000 4651 1510 31466 2390 14 24
ta031 64915 3000 7632 2476 64714 2221 6 15
ta031 65067 3000 7714 2620 64868 6619 13 15
ta031 64882 3000 7725 2510 64811 5528 11 15
ta031 64988 3000 7693 2465 64842 6104 12 15
ta031 64894 3000 7507 2533 64775 6281 13 15
ta031 65045 3000 7780 2725 64800 586 3 15
ta031 65131 3000 7729 2721 64761 641 3 15
ta031 64947 3000 7603 2561 64760 1400 5 15
ta031 64953 3000 7783 2482 64841 5396 11 15
ta031 65060 3000 7631 2492 64960 2280 6 15
ta032 68180 3000 8679 3108 68099 6298 11 15
ta032 68169 3000 8600 3193 68137 3512 7 15
ta032 68180 3000 8665 3128 67982 6982 12 15
ta032 68180 3000 8694 3279 68067 2 3 15
ta032 68180 3000 8515 2884 68064 103 3 15
ta032 68180 3000 8454 3264 67952 7956 14 15
ta032 68176 3000 8799 3201 68091 3 3 15
ta032 68180 3000 8457 3037 68024 3814 8 15
ta032 68180 3000 8656 3155 68067 1 3 15
ta032 68180 3000 8655 3025 68067 0 3 15
ta033 63350 3000 8017 3170 63139 6873 13 15
ta033 63319 3000 8085 3345 63068 7858 14 15
ta033 63350 3000 8107 3186 63154 662 4 15
ta033 63343 3000 8037 3063 63221 5574 11 15
ta033 63350 3000 8075 3295 63166 6541 12 15
ta033 63302 3000 8158 3359 63157 5624 11 15
ta033 63329 3000 7860 2812 63137 80 3 15
ta033 63347 3000 7992 3217 63183 4831 10 15
ta033 63293 3000 7961 3316 63293 0 3 15
ta033 63316 3000 7958 3227 63132 4798 10 15
ta034 68543 3000 8052 3638 68419 5065 10 15
ta034 68480 3000 7798 2952 68384 6943 13 15
ta034 68527 3000 7813 3330 68439 7094 13 15
ta034 68499 3000 7983 3293 68451 3 3 15
ta034 68419 3000 8107 3306 68376 1986 5 15
ta034 68543 3000 8017 3392 68419 590 3 15
ta034 68543 3000 7824 3130 68450 1254 4 15
ta034 68543 3000 8128 3477 68415 395 3 15
ta034 68543 3000 8216 3711 68450 2354 6 15
ta034 68482 3000 7858 2930 68432 3255 7 15
ta035 69480 3000 7599 2187 69194 1192 4 15
ta035 69490 3000 7525 2394 69238 4376 9 15
ta035 69573 3000 7524 2382 69213 6866 13 15
ta035 69524 3000 7519 2325 69182 5541 11 15
ta035 69524 3000 7565 2367 69203 5451 11 15
ta035 69445 3000 7501 2298 69184 3006 7 15
ta035 69573 3000 7559 2341 69182 7151 14 15
ta035 69487 3000 7592 2281 69237 3040 7 15
ta035 69573 3000 7619 2466 69278 3739 8 15
ta035 69573 3000 7611 2413 69219 6264 12 15
ta036 67001 3000 8013 3121 66736 7026 13 15
ta036 67014 3000 7852 3106 66902 3536 8 15
ta036 67014 3000 7779 3036 66927 6383 12 15
ta036 67014 3000 7914 3065 66972 337 3 15
ta036 67014 3000 7920 3153 66937 3502 8 15
ta036 67014 3000 7879 3136 66940 7266 14 15
ta036 67014 3000 7860 3208 66970 2005 6 15
ta036 67014 3000 7929 3117 66970 4603 9 15
ta036 67014 3000 7904 3103 66941 4895 10 15
ta036 67014 3000 7786 2902 66938 3320 8 15
ta037 66357 3000 7778 2571 66124 3130 7 15
ta037 66343 3000 7670 2400 66280 7415 14 15
ta037 66416 3000 7370 2445 66255 7333 14 15
ta037 66359 3000 7696 2402 66183 2425 6 15
ta037 66349 3000 7728 2608 66219 5106 10 15
ta037 66424 3000 7584 2451 66128 4259 9 15
ta037 66359 3000 7675 2512 66192 7018 14 15
ta037 66386 3000 7527 2178 66367 1403 5 15
ta037 66308 3000 7454 2434 66100 5965 12 15
ta037 66370 3000 7516 2744 66180 6808 13 15
ta038 64406 3000 8076 3443 64306 6415 12 15
ta038 64383 3000 7946 3085 64257 4954 10 15
ta038 64481 3000 7955 3103 64346 5 3 15
ta038 64462 3000 7982 3023 64406 58 3 15
ta038 64482 3000 7911 2981 64269 7899 14 15
ta038 64457 3000 8047 3317 64310 7185 13 15
ta038 64436 3000 7936 3373 64248 6942 13 15
ta038 64431 3000 7874 3019 64299 3879 8 15
ta038 64477 3000 7871 2991 64248 2958 7 15
ta038 64445 3000 7985 3146 64342 1482 5 15
ta039 63233 3000 7643 2931 63002 2152 6 15
ta039 63153 3000 7933 3684 62995 5513 11 15
ta039 63295 3000 7990 3707 62970 7518 14 15
ta039 63186 3000 7948 3459 63097 733 4 15
ta039 63112 3000 7917 3361 62975 7193 13 15
ta039 63203 3000 7870 3433 62897 1166 4 15
ta039 63276 3000 7966 3424 62985 2443 6 15
ta039 63160 3000 7843 3181 62877 7160 13 15
ta039 63217 3000 7971 3283 63015 3961 8 15
ta039 63162 3000 7827 3429 63023 2824 7 15
ta040 69138 3000 8298 2440 68736 5977 11 15
ta040 69138 3000 8195 2457 68821 1497 5 15
ta040 69041 3000 8245 2359 68730 8108 14 15
ta040 69068 3000 8275 2540 68832 2237 6 15
ta040 69060 3000 8174 2531 68736 7750 14 15
ta040 69127 3000 8303 2665 68750 8215 14 15
ta040 68915 3000 8140 2369 68713 4654 9 15
ta040 69133 3000 8258 2364 68910 6866 12 15
ta040 69138 3000 8132 2537 68750 1983 5 15
ta040 68985 3000 8181 2435 68738 4981 10 15
ta041 87597 6000 4423 2025 86888 727 9 30
ta041 87702 6000 4335 1611 86935 2996 22 30
ta041 87337 6000 4400 1883 86852 745 10 30
ta041 87904 6000 4528 1617 87516 3048 22 30
ta041 87519 6000 4349 1571 87206 4231 29 30
ta041 87917 6000 4612 1723 87309 2724 20 30
ta041 87298 6000 4533 2045 86759 4252 28 30
ta041 87730 6000 4286 1948 86875 4241 29 30
ta041 87467 6000 4521 2117 86967 1571 14 30
ta041 87712 6000 4274 1745 86995 3870 27 30
ta042 83397 6000 4394 1728 82772 3721 26 30
ta042 83311 6000 4336 1715 82453 3612 25 30
ta042 83135 6000 4175 1493 82413 3978 28 30
ta042 83464 6000 4255 1732 82848 1989 17 30
ta042 83568 6000 4500 1598 83044 3120 22 30
ta042 83290 6000 4450 2033 82617 1577 14 30
ta042 83384 6000 4275 1263 82919 1760 16 30
ta042 83202 6000 4524 1638 82875 1604 14 30
ta042 83057 6000 4420 2031 82550 3968 27 30
ta042 83369 6000 4324 1460 82475 1417 13 30
ta043 80389 6000 4328 1897 79950 3027 22 30
ta043 80447 6000 4287 1599 79525 3715 26 30
ta043 80399 6000 4320 1719 79297 2230 18 30
ta043 80590 6000 4295 2009 80089 3364 24 30
ta043 80648 6000 4423 1863 80292 4154 28 30
ta043 80653 6000 4335 1875 80382 3062 23 30
ta043 80256 6000 4243 1601 79607 1265 13 30
ta043 80653 6000 4299 1559 80336 3330 24 30
ta043 80439 6000 4436 1839 79668 4163 28 30
ta043 80570 6000 4312 1355 80328 614 9 30
ta044 86840 6000 4262 1901 86464 2952 22 30
ta044 86916 6000 4220 1802 86525 854 10 30
ta044 87016 6000 4463 1991 86703 1543 14 30
ta044 86845 6000 4340 1654 86361 4101 28 30
ta044 86814 6000 4356 2076 86366 3302 24 30
ta044 86892 6000 4297 1701 86540 3283 24 30
ta044 87010 6000 4253 1785 86291 3804 27 30
ta044 87046 6000 4401 2057 86721 3409 24 30
ta044 87027 6000 4454 2060 86690 1243 12 30
ta044 86990 6000 4356 1909 86484 4341 29 30
ta045 86944 6000 4423 1438 86247 3950 27 30
ta045 86776 6000 4246 1474 86095 957 11 30
ta045 86813 6000 4448 1678 86267 2368 18 30
ta045 87007 6000 4564 1372 86381 906 10 30
ta045 86851 6000 4520 1647 86096 3052 22 30
ta045 86858 6000 4408 1653 86110 3259 23 30
ta045 86789 6000 4513 1382 86161 1954 16 30
ta045 86662 6000 4572 1912 85969 1688 14 30
ta045 86642 6000 4404 1830 85871 2430 19 30
ta045 86882 6000 4535 1834 86451 2482 19 30
ta046 86987 6000 4548 1549 86415 4041 27 30
ta046 86792 6000 4313 1737 86240 1859 16 30
ta046 86752 6000 4542 1880 86181 912 10 30
ta046 86819 6000 4519 1619 85925 4082 27 30
ta046 86967 6000 4450 1604 86021 4302 29 30
ta046 86962 6000 4386 1584 85952 2553 19 30
ta046 87020 6000 4460 1519 86108 3206 23 30
ta046 86861 6000 4413 1920 86214 1463 14 30
ta046 86890 6000 4385 1936 86108 2905 22 30
ta046 86878 6000 4402 1673 86192 3507 25 30
ta047 89153 6000 3836 1491 88499 2336 20 30
ta047 89286 6000 3908 1427 88548 3618 28 30
ta047 89241 6000 3939 1667 88275 3615 27 30
ta047 89462 6000 3793 1417 88833 2477 21 30
ta047 89207 6000 3814 1572 88406 1794 17 30
ta047 89256 6000 3864 1466 88243 3379 26 30
ta047 89180 6000 3645 897 88651 1835 18 30
ta047 89275 6000 3805 1525 88750 2699 23 30
ta047 89195 6000 3851 1457 88453 3444 27 30
ta047 89060 6000 3778 1563 88054 3261 26 30
ta048 87253 6000 4232 1714 86837 1617 15 30
ta048 87274 6000 4162 1612 86910 3693 27 30
ta048 87281 6000 4224 1766 87032 3078 23 30
ta048 87274 6000 4228 1752 86805 861 10 30
ta048 87274 6000 4241 1741 86804 3193 24 30
ta048 87274 6000 4170 1731 86739 4145 29 30
ta048 87274 6000 4185 1737 86888 3959 28 30
ta048 87336 6000 4202 1612 87068 3896 28 30
ta048 87271 6000 4120 1636 86791 1290 13 30
ta048 87274 6000 4150 1729 86921 1174 12 30
ta049 85663 6000 4123 1918 85224 3388 25 30
ta049 85694 6000 4057 1652 85217 3897 29 30
ta049 85772 6000 4054 1578 85218 2338 19 30
ta049 85796 6000 4319 1553 85057 3697 26 30
ta049 85901 6000 4063 1552 85364 3976 29 30
ta049 85622 6000 4223 1929 85345 2241 18 30
ta049 85696 6000 4151 1675 85427 1826 16 30
ta049 85945 6000 4080 1749 85606 4036 29 30
ta049 85744 6000 4366 1789 85112 1836 16 30
ta049 85644 6000 4201 1928 85311 93 6 30
ta050 88337 6000 3752 1351 87707 3459 28 30
ta050 88204 6000 3794 1331 87795 1255 13 30
ta050 88173 6000 3903 1676 87875 1119 12 30
ta050 88320 6000 3776 1429 87986 1340 14 30
ta050 88208 6000 3837 1445 87830 1565 15 30
ta050 88363 6000 3802 1612 87722 1946 18 30
ta050 88166 6000 3862 1537 87651 3710 29 30
ta050 87998 6000 3816 1478 87498 2877 24 30
ta050 88214 6000 3836 1346 87790 2481 21 30
ta050 88116 6000 3868 1668 87742 3722 29 30
ta051 125885 12000 2420 1147 124372 2301 57 60
ta051 125850 12000 2372 919 124210 2293 58 60
ta051 125850 12000 2316 680 124305 2299 59 60
ta051 126072 12000 2405 826 124557 2123 54 60
ta051 125928 12000 2412 818 124378 1123 34 60
ta051 125850 12000 2369 830 123947 2104 54 60
ta051 125868 12000 2286 646 124025 1089 34 60
ta051 126061 12000 2329 868 124673 1593 45 60
ta051 125998 12000 2478 1151 124877 1447 39 60
ta051 125850 12000 2343 1068 124095 682 26 60
ta052 119949 12000 2439 662 118664 2255 56 60
ta052 119878 12000 2489 769 119024 1404 38 60
ta052 120041 12000 2466 638 118575 1618 43 60
ta052 120102 12000 2534 885 118791 391 19 60
ta052 120014 12000 2300 799 118626 1487 42 60
ta052 120069 12000 2555 837 119051 2474 58 60
ta052 120069 12000 2494 590 117659 2135 53 60
ta052 120172 12000 2305 803 117847 1617 45 60
ta052 120122 12000 2399 654 118277 2328 58 60
ta052 120063 12000 2450 694 118165 1645 44 60
ta053 117279 12000 2350 650 116120 1931 51 60
ta053 116792 12000 2409 1134 115503 368 19 60
ta053 116892 12000 2307 798 115441 1933 52 60
ta053 116461 12000 2309 729 114689 2223 58 60
ta053 117176 12000 2443 953 115652 2332 57 60
ta053 116994 12000 2397 906 115649 1011 32 60
ta053 117056 12000 2367 699 115548 1765 47 60
ta053 116910 12000 2378 849 115405 2308 58 60
ta053 116972 12000 2382 971 116066 698 26 60
ta053 117260 12000 2436 816 116163 1288 37 60
ta054 121213 12000 2431 794 120000 534 22 60
ta054 121156 12000 2292 556 120013 1455 42 60
ta054 121164 12000 2425 925 120021 630 24 60
ta054 121212 12000 2360 803 120215 1676 46 60
ta054 121264 12000 2344 816 120121 2251 58 60
ta054 121133 12000 2410 823 119891 2190 55 60
ta054 121209 12000 2349 1051 120180 827 29 60
ta054 121320 12000 2386 953 119889 2234 56 60
ta054 121213 12000 2412 976 120059 2403 59 60
ta054 121161 12000 2354 956 119727 2264 58 60
ta055 118802 12000 2390 801 116740 1898 50 60
ta055 118739 12000 2332 695 117324 671 25 60
ta055 118414 12000 2301 726 116971 971 32 60
ta055 118611 12000 2376 635 116712 1475 41 60
ta055 119183 12000 2412 771 117399 1476 41 60
ta055 118896 12000 2339 962 117160 1461 42 60
ta055 118415 12000 2311 734 116666 1800 49 60
ta055 118913 12000 2363 747 116720 1784 48 60
ta055 118372 12000 2415 812 116781 1159 35 60
ta055 119058 12000 2335 810 117574 1377 39 60
ta056 121060 12000 2387 728 119823 958 31 60
ta056 121030 12000 2352 767 119843 2148 55 60
ta056 121280 12000 2403 720 119812 2287 57 60
ta056 121144 12000 2284 974 119827 1436 42 60
ta056 121059 12000 2458 966 120030 697 25 60
ta056 120973 12000 2372 759 120026 1207 36 60
ta056 121182 12000 2319 835 119600 1575 44 60
ta056 120907 12000 2399 897 119844 2316 58 60
ta056 121097 12000 2385 841 120063 1064 33 60
ta056 121105 12000 2440 857 119956 834 28 60
ta057 123638 12000 2500 1196 122862 910 29 60
ta057 123539 12000 2457 812 122311 2434 59 60
ta057 123276 12000 2573 910 122445 2308 55 60
ta057 123289 12000 2417 805 121912 2352 58 60
ta057 123748 12000 2528 989 122769 1352 37 60
ta057 123290 12000 2582 1003 122612 2231 53 60
ta057 123256 12000 2420 1036 122611 2126 54 60
ta057 123276 12000 2529 911 122631 421 20 60
ta057 123628 12000 2424 684 122040 2330 58 60
ta057 123276 12000 2438 779 122095 2185 55 60
ta058 122853 12000 2352 655 120703 804 28 60
ta058 122917 12000 2300 606 120633 1001 33 60
ta058 122683 12000 2356 751 120710 1905 50 60
ta058 123005 12000 2398 793 120244 2281 57 60
ta058 123038 12000 2322 597 120982 1898 51 60
ta058 123112 12000 2201 648 120844 492 22 60
ta058 122832 12000 2296 784 120658 2177 57 60
ta058 123091 12000 2293 718 120328 1731 48 60
ta058 122845 12000 2289 562 120933 1254 38 60
ta058 122489 12000 2265 556 120919 1907 52 60
ta059 122221 12000 2363 908 121464 1826 49 60
ta059 122310 12000 2329 543 120900 1120 34 60
ta059 122263 12000 2338 764 121194 2282 58 60
ta059 122380 12000 2348 895 121283 2230 57 60
ta059 122000 12000 2452 895 121329 547 22 60
ta059 122221 12000 2418 884 121199 1657 45 60
ta059 122203 12000 2345 757 121132 2212 57 60
ta059 122123 12000 2401 1028 121141 1197 35 60
ta059 122202 12000 2269 475 121018 1899 52 60
ta059 122200 12000 2435 958 121289 2123 53 60
ta060 124701 12000 2353 754 123323 1935 51 60
ta060 124893 12000 2369 687 123586 1863 50 60
ta060 124538 12000 2327 784 123360 1342 39 60
ta060 124802 12000 2293 781 123556 1825 50 60
ta060 124630 12000 2220 653 123694 1433 42 60
ta060 124556 12000 2319 765 123278 1543 43 60
ta060 124515 12000 2367 796 123332 2262 57 60
ta060 124701 12000 2374 664 123442 1763 47 60
ta060 124694 12000 2292 713 123257 1613 45 60
ta060 124679 12000 2220 776 122899 2207 59 60
ta061 253202 6000 4695 2145 252979 8 6 30
ta061 253202 6001 4681 2149 252996 2 6 30
ta061 253202 6000 4717 2066 252979 5 6 30
ta061 253202 6000 4691 1918 252979 5 6 30
ta061 253202 6000 4647 2022 252979 30 6 30
ta061 253202 6000 4652 2154 252979 44 6 30
ta061 253202 6000 4667 2106 252979 164 6 30
ta061 253202 6000 4668 2174 252979 19 6 30
ta061 253202 6000 4623 2188 252979 44 6 30
ta061 253202 6000 4701 2141 252996 3 6 30
ta062 242078 6000 5626 2411 241971 5616 29 30
ta062 242092 6000 5428 2518 241985 109 6 30
ta062 242087 6000 5362 2449 241971 118 6 30
ta062 242090 6000 5358 2347 241909 3763 22 30
ta062 242090 6000 5538 2485 241883 4427 25 30
ta062 242092 6000 5399 2358 241928 4830 27 30
ta062 242092 6000 5411 2260 241984 1689 13 30
ta062 242092 6000 5353 2458 241985 2797 18 30
ta062 242092 6000 5443 2368 241988 87 6 30
ta062 241986 6000 5555 2379 241905 4892 27 30
ta063 237886 6000 5204 2522 237886 0 6 30
ta063 237886 6000 5223 2461 237848 0 6 30
ta063 237886 6000 5172 2493 237848 3 6 30
ta063 237886 6000 5233 2573 237848 4 6 30
ta063 237886 6000 5308 2468 237848 1 6 30
ta063 237886 6000 5227 2527 237848 7 6 30
ta063 237886 6000 5196 2526 237848 1 6 30
ta063 237886 6000 5227 2547 237848 0 6 30
ta063 237886 6000 5218 2566 237848 0 6 30
ta063 237886 6000 5199 2478 237848 1 6 30
ta064 227749 6000 4831 2441 227598 133 6 30
ta064 227749 6001 4862 2516 227626 2084 16 30
ta064 227727 6000 4879 2266 227553 159 6 30
ta064 227749 6000 4787 2433 227612 3840 25 30
ta064 227749 6000 4849 2458 227643 608 9 30
ta064 227749 6000 4826 2376 227612 653 9 30
ta064 227748 6000 4831 2420 227607 4426 27 30
ta064 227749 6000 4869 2503 227612 2201 16 30
ta064 227749 6000 4816 2390 227572 2223 17 30
ta064 227749 6000 4803 2460 227612 4419 28 30
ta065 240826 6000 5037 2171 240615 5023 29 30
ta065 240815 6000 5083 2221 240588 3543 22 30
ta065 240826 6000 5049 2243 240664 2589 18 30
ta065 240826 6000 5044 2238 240607 3920 24 30
ta065 240826 6000 5009 2285 240589 2833 19 30
ta065 240826 6000 4974 2124 240640 2534 18 30
ta065 240826 6000 5050 2228 240580 1270 12 30
ta065 240826 6000 5067 2357 240586 4675 28 30
ta065 240826 6001 4984 2237 240618 4870 29 30
ta065 240826 6000 4970 2202 240580 2036 15 30
ta066 232399 6000 5450 2437 232204 2177 15 30
ta066 232399 6001 5571 2409 232171 1705 13 30
ta066 232399 6000 5328 2326 232208 10 6 30
ta066 232399 6001 5488 2416 232194 4347 25 30
ta066 232399 6000 5510 2524 232204 51 6 30
ta066 232399 6000 5498 2479 232206 4 6 30
ta066 232399 6000 5430 2460 232205 396 7 30
ta066 232399 6000 5388 2485 232202 244 7 30
ta066 232399 6000 5405 2386 232211 811 9 30
ta066 232399 6000 5500 2403 232173 373 7 30
ta067 240866 6001 4719 1910 240585 3372 23 30
ta067 240867 6000 4761 1876 240736 192 6 30
ta067 240876 6000 4698 1818 240761 2502 18 30
ta067 240867 6000 4800 1869 240690 1064 11 30
ta067 240867 6000 4792 1886 240611 3518 23 30
ta067 240860 6000 4718 1812 240631 4239 27 30
ta067 240876 6000 4769 2024 240545 3829 25 30
ta067 240867 6000 4770 1945 240605 4679 29 30
ta067 240876 6000 4773 1946 240542 3279 22 30
ta067 240867 6000 4761 1880 240701 3570 23 30
ta068 231181 6000 5541 2363 231072 335 7 30
ta068 231137 6000 5681 2389 230914 3626 21 30
ta068 231184 6000 5612 2429 230930 1956 14 30
ta068 231184 6000 5604 2449 230944 1230 11 30
ta068 231184 6000 5659 2418 230971 0 6 30
ta068 231184 6000 5645 2408 230924 280 7 30
ta068 231184 6000 5711 2481 230935 5388 28 30
ta068 231137 6000 5625 2425 230949 300 7 30
ta068 231184 6000 5703 2494 230905 2823 17 30
ta068 231184 6000 5626 2442 230906 2073 14 30
ta069 248152 6000 5777 2392 247801 5538 29 30
ta069 248120 6000 5727 2066 247990 2593 16 30
ta069 248179 6001 5758 2236 247868 2868 17 30
ta069 248254 6000 5748 2281 247903 1526 12 30
ta069 248191 6000 5822 2355 247824 1280 11 30
ta069 248254 6000 5812 2275 247840 4481 24 30
ta069 248214 6001 5833 2258 247864 3335 19 30
ta069 248152 6000 5719 2196 247831 166 6 30
ta069 248254 6000 5748 2229 247895 923 9 30
ta069 248138 6000 5826 2422 247827 3800 21 30
ta070 244213 6000 4850 2303 243790 1918 15 30
ta070 244213 6000 4847 2186 243883 4161 26 30
ta070 244213 6000 4839 2162 243892 3992 25 30
ta070 244053 6000 4840 2165 243858 323 7 30
ta070 244213 6000 4855 2140 243908 756 9 30
ta070 244141 6000 4884 2197 243918 1013 10 30
ta070 244173 6001 4845 2081 243872 2517 18 30
ta070 244213 6000 4869 2145 243920 2821 19 30
ta070 244169 6000 4816 2125 243919 4348 27 30
ta070 244200 6000 4826 2101 243945 4410 27 30
ta071 300148 12000 2823 1474 299444 2783 59 60
ta071 300180 12000 2823 1293 299458 2119 48 60
ta071 300278 12000 2836 1265 299770 721 24 60
ta071 300180 12000 2861 1301 299628 919 27 60
ta071 300125 12001 2849 1384 299517 2082 47 60
ta071 300175 12000 2835 1393 299483 2596 55 60
ta071 300172 12000 2841 1423 299507 2548 55 60
ta071 300155 12000 2868 1373 299510 2842 59 60
ta071 300090 12001 2867 1411 299513 2847 59 60
ta071 300180 12000 2854 1423 299581 2614 55 60
ta072 274622 12001 2907 1582 274136 1497 36 60
ta072 274622 12000 2911 1623 274149 1108 30 60
ta072 274622 12000 2907 1640 274136 881 26 60
ta072 274622 12000 2898 1648 274113 2089 46 60
ta072 274622 12000 2944 1678 274203 1120 30 60
ta072 274622 12000 2877 1564 274080 2855 59 60
ta072 274622 12000 2914 1671 274285 2864 59 60
ta072 274622 12000 2907 1650 274108 2657 55 60
ta072 274622 12000 2894 1563 274097 2501 53 60
ta072 274622 12000 2905 1588 274236 1354 34 60
ta073 289084 12000 2729 1290 288155 2461 55 60
ta073 289111 12002 2684 1319 288124 2036 48 60
ta073 289082 12000 2683 1260 288109 1088 31 60
ta073 289082 12000 2677 1296 288053 2632 59 60
ta073 289084 12000 2660 1252 288169 1348 36 60
ta073 289082 12000 2773 1384 288068 1941 46 60
ta073 289084 12000 2776 1359 288202 224 16 60
ta073 289084 12000 2841 1247 288103 2810 59 60
ta073 289111 12000 2731 1278 288180 1959 46 60
ta073 289006 12000 2691 1283 288117 2039 48 60
ta074 301979 12001 2758 1576 301452 1040 30 60
ta074 302001 12001 2666 1504 301520 545 22 60
ta074 302038 12000 2631 1458 301503 759 26 60
ta074 301978 12000 2722 1540 301487 808 26 60
ta074 302056 12000 2858 1631 301429 1363 34 60
ta074 301999 12000 2631 1443 301448 1925 47 60
ta074 301972 12001 2896 1633 301422 2319 50 60
ta074 301978 12000 2595 1418 301481 1057 31 60
ta074 301973 12000 2656 1473 301473 1454 38 60
ta074 302046 12000 2617 1441 301528 1228 34 60
ta075 284256 12000 2906 1486 283667 1364 34 60
ta075 284256 12001 2895 1642 283691 2462 52 60
ta075 284256 12002 2880 1538 283695 807 25 60
ta075 284238 12000 2903 1462 283677 2627 55 60
ta075 284256 12000 2896 1482 283653 605 21 60
ta075 284256 12000 2890 1535 283690 1316 33 60
ta075 284256 12000 2877 1374 283641 370 18 60
ta075 284256 12000 2879 1479 283641 2110 47 60
ta075 284238 12000 2849 1375 283854 2632 56 60
ta075 284256 12000 2810 1492 283683 1822 43 60
ta076 271599 12000 2812 1472 270303 876 27 60
ta076 271152 12000 2734 1285 270459 1835 44 60
ta076 271401 12000 2775 1339 270190 1070 30 60
ta076 271602 12000 2863 1467 270517 2579 55 60
ta076 271442 12000 2654 1363 270600 2293 53 60
ta076 271324 12000 2755 1342 270089 1785 43 60
ta076 271498 12000 2757 1473 270198 2249 51 60
ta076 271389 12000 2703 1379 270395 525 21 60
ta076 271602 12000 2856 1539 270591 2563 55 60
ta076 271420 12000 2710 1298 270365 1971 46 60
ta077 279882 12000 2512 1415 278820 1714 44 60
ta077 280164 12000 2475 1310 279229 950 30 60
ta077 279741 12000 2522 1476 278912 1958 49 60
ta077 280009 12000 2484 1452 279079 2061 51 60
ta077 280037 12000 2484 1395 279283 1678 44 60
ta077 280404 12000 2493 1279 279423 1333 37 60
ta077 280416 12000 2474 1243 279178 1948 49 60
ta077 280346 12001 2486 1391 279456 1647 43 60
ta077 280070 12000 2486 1297 279149 2474 59 60
ta077 279947 12000 2491 1414 279067 1878 48 60
ta078 290945 12001 2878 1102 290277 2633 55 60
ta078 290928 12000 2852 1246 290206 2432 52 60
ta078 291032 12002 2798 1206 290642 1010 29 60
ta078 290785 12000 2906 1329 290195 2741 57 60
ta078 291032 12000 2848 1215 290608 2232 49 60
ta078 291032 12000 2936 1217 290576 1238 32 60
ta078 290988 12000 2858 1122 290232 1455 36 60
ta078 291032 12000 2867 1140 290663 657 23 60
ta078 291032 12000 2917 1287 290317 2492 53 60
ta078 291032 12000 2878 1168 290553 1832 42 60
ta079 303396 12000 3213 1085 302408 2516 49 60
ta079 303286 12000 3203 1109 302523 3068 58 60
ta079 303317 12000 3226 1240 302430 3182 59 60
ta079 303194 12000 3063 1252 302327 2324 48 60
ta079 303334 12000 3224 1155 302589 1648 36 60
ta079 303250 12000 2752 925 301903 2184 50 60
ta079 303288 12000 3180 1218 302632 2324 47 60
ta079 303238 12000 2787 1082 301938 2347 52 60
ta079 303371 12000 3216 1200 302642 2108 43 60
ta079 303289 12000 3210 1143 302664 3192 59 60
ta080 291922 12000 3234 1285 291446 1098 28 60
ta080 291979 12000 3228 1488 291242 3196 59 60
ta080 291969 12000 3267 1305 291052 3096 57 60
ta080 291699 12000 3225 1392 291190 426 18 60
ta080 291825 12000 3212 1335 291277 957 26 60
ta080 291991 12000 3200 1355 291174 2985 56 60
ta080 291743 12000 3249 1391 291255 1368 32 60
ta080 291968 12000 3199 1371 291196 2671 52 60
ta080 291985 12000 3233 1476 291123 3078 57 60
ta080 291970 12000 3149 1428 291267 3043 58 60
ta081 367521 23000 1304 574 364095 1234 114 120
ta081 367819 23000 1275 537 365122 1091 105 120
ta081 367658 23000 1298 487 364806 1151 109 120
ta081 367384 23000 1367 572 364231 1353 119 120
ta081 367760 23000 1427 558 364661 1122 98 120
ta081 367847 23002 1382 529 364625 1371 119 120
ta081 367648 23000 1320 626 364809 1006 98 120
ta081 367431 23000 1345 612 364637 1145 105 120
ta081 367857 23000 1342 586 364476 1299 116 120
ta081 367630 23000 1349 594 365562 1317 117 120
ta082 372075 23000 1459 559 369401 1443 118 120
ta082 372079 23000 1484 631 370091 1378 113 120
ta082 372181 23001 1481 697 370454 1328 109 120
ta082 372211 23000 1540 648 370472 895 79 120
ta082 372079 23000 1501 627 369922 1297 106 120
ta082 372215 23000 1480 595 370055 1005 89 120
ta082 372105 23000 1512 683 370096 1447 115 120
ta082 372172 23000 1454 589 370317 1268 107 120
ta082 372247 23000 1555 642 370383 1531 118 120
ta082 372232 23000 1511 574 370337 1036 89 120
ta083 373503 23000 1585 527 370862 1193 96 120
ta083 373112 23000 1567 569 369780 1549 118 120
ta083 372529 23000 1635 559 370117 1210 95 120
ta083 373048 23000 1609 643 370487 1239 97 120
ta083 373196 23000 1593 664 369955 1574 118 120
ta083 373505 23001 1534 551 370694 1455 115 120
ta083 372782 23000 1424 617 370355 1024 93 120
ta083 373580 23001 1637 580 371327 1539 114 120
ta083 373291 23000 1500 484 370326 1374 112 120
ta083 373277 23000 1381 547 370692 1122 101 120
ta084 375951 23000 1415 648 372335 1311 113 120
ta084 375143 23000 1384 596 373266 1028 95 120
ta084 375411 23000 1485 757 372200 1244 104 120
ta084 375730 23000 1436 695 372609 1313 112 120
ta084 375325 23001 1448 595 372149 1286 109 120
ta084 375700 23000 1420 571 372334 1202 105 120
ta084 375729 23000 1410 623 372569 975 90 120
ta084 375945 23000 1419 647 372742 1279 110 120
ta084 375821 23000 1345 612 372404 1329 118 120
ta084 375698 23001 1348 572 372194 1268 114 120
ta085 369572 23000 1366 570 365656 1349 118 120
ta085 370000 23000 1421 499 365422 1354 115 120
ta085 369707 23000 1500 591 365739 1417 114 120
ta085 369638 23000 1324 569 366262 1218 112 120
ta085 369695 23000 1375 630 366799 1061 97 120
ta085 369740 23000 1385 521 366163 1278 112 120
ta085 369790 23000 1433 629 366287 1263 107 120
ta085 369767 23000 1411 531 366553 1182 104 120
ta085 369536 23000 1442 545 365908 997 89 120
ta085 369658 23000 1421 559 366056 1196 105 120
ta086 373909 23000 1340 477 370339 1095 102 120
ta086 374353 23000 1423 587 370757 1290 111 120
ta086 374365 23001 1419 537 370367 637 66 120
ta086 374449 23000 1369 530 370606 1357 119 120
ta086 374205 23000 1381 528 370428 1372 119 120
ta086 373956 23000 1565 508 370049 867 77 120
ta086 374303 23000 1411 620 369656 1110 99 120
ta086 373956 23000 1567 610 371028 1393 108 120
ta086 374038 23000 1393 485 370402 1243 109 120
ta086 374465 23000 1510 584 370497 1486 118 120
ta087 374972 23002 1523 647 370826 1365 109 120
ta087 374895 23000 1562 613 370455 1552 119 120
ta087 374784 23000 1540 643 370522 1453 114 120
ta087 375019 23000 1488 593 370257 1486 119 120
ta087 374907 23000 1521 586 370663 1274 104 120
ta087 375083 23000 1535 651 370589 1172 97 120
ta087 375107 23000 1495 663 370490 1442 116 120
ta087 375091 23000 1434 547 370416 1411 118 120
ta087 375215 23000 1471 569 370301 1461 119 120
ta087 375034 23000 1512 621 370527 1320 107 120
ta088 386436 23000 1282 573 382837 758 80 120
ta088 386387 23000 1391 659 383174 1388 119 120
ta088 386524 23000 1340 643 382786 811 81 120
ta088 386443 23000 1441 610 383494 1124 99 120
ta088 386443 23000 1378 554 382892 1228 109 120
ta088 385504 23001 1271 571 382090 1230 116 120
ta088 386325 23000 1346 631 382982 1045 97 120
ta088 386354 23000 1279 565 383297 1256 118 120
ta088 386111 23000 1320 487 382587 1270 116 120
ta088 385933 23000 1307 601 382749 897 90 120
ta089 376705 23000 1327 635 373011 1246 114 120
ta089 376413 23000 1318 608 372564 901 89 120
ta089 376565 23000 1359 534 372566 1246 112 120
ta089 376492 23000 1334 561 372964 1329 119 120
ta089 376467 23000 1351 557 372776 1050 98 120
ta089 376149 23000 1312 573 372476 1249 115 120
ta089 376349 23000 1299 585 372834 1042 100 120
ta089 376686 23000 1287 478 373654 1202 113 120
ta089 376487 23000 1333 492 372902 698 73 120
ta089 376507 23000 1284 471 372477 957 95 120
ta090 379866 23000 1369 505 377012 1039 96 120
ta090 379937 23000 1294 498 376169 1195 112 120
ta090 380147 23004 1242 484 377070 680 75 120
ta090 380384 23000 1375 566 378010 1315 115 120
ta090 380113 23000 1331 611 376798 1125 104 120
ta090 379953 23000 1426 673 377544 1294 111 120
ta090 380013 23000 1315 521 377897 1100 104 120
ta090 380317 23001 1348 587 378253 816 81 120
ta090 380278 23000 1278 598 377779 1263 118 120
ta090 380035 23000 1348 583 378044 733 75 120
ta091 1042617 23000 1326 768 1041346 706 74 120
ta091 1042734 23013 1335 749 1041096 1136 105 120
ta091 1042805 23000 1323 753 1041320 1234 113 120
ta091 1042648 23004 1341 745 1041205 786 79 120
ta091 1042585 23000 1315 753 1041294 1305 119 120
ta091 1042915 23000 1336 766 1041710 1329 119 120
ta091 1042520 23000 1346 765 1040993 1225 111 120
ta091 1042664 23000 1345 764 1041412 1059 99 120
ta091 1042639 23001 1354 735 1041614 545 62 120
ta091 1042731 23000 1331 780 1041424 994 95 120
ta092 1028880 23003 1549 1001 1027879 1482 115 120
ta092 1028879 23012 1600 978 1027891 367 45 120
ta092 1028880 23004 1558 1015 1027939 383 46 120
ta092 1028880 23000 1566 1005 1027921 581 59 120
ta092 1028880 23000 1542 1006 1027886 877 78 120
ta092 1028880 23000 1561 1025 1027946 1177 96 120
ta092 1028880 23000 1552 1024 1027941 634 62 120
ta092 1028879 23000 1552 992 1027942 1123 93 120
ta092 1028879 23011 1551 980 1027942 753 70 120
ta092 1028879 23000 1558 1016 1027952 1015 86 120
ta093 1044162 23003 1441 748 1042797 1393 116 120
ta093 1044317 23003 1466 729 1043289 463 53 120
ta093 1044331 23000 1423 737 1043301 1366 116 120
ta093 1044414 23000 1385 701 1043035 1298 113 120
ta093 1044104 23000 1427 798 1042770 732 72 120
ta093 1044475 23000 1415 742 1042902 1306 112 120
ta093 1044558 23000 1436 789 1043081 1273 108 120
ta093 1044490 23000 1410 723 1043345 773 76 120
ta093 1044410 23006 1453 797 1043080 1404 116 120
ta093 1044108 23000 1455 766 1042949 925 84 120
ta094 1023978 23009 2062 1073 1022920 851 62 120
ta094 1024907 23000 2084 960 1023763 961 67 120
ta094 1023873 23005 2032 1100 1022593 1197 80 120
ta094 1024104 23000 2078 1013 1022733 2073 119 120
ta094 1024166 23000 2008 918 1022893 1818 110 120
ta094 1024240 23000 2068 1087 1022425 1407 89 120
ta094 1024373 23005 2050 999 1023065 1933 114 120
ta094 1023459 23000 2086 1064 1022264 1700 102 120
ta094 1024499 23000 2065 993 1023163 1524 94 120
ta094 1023607 23000 2041 949 1022537 519 47 120
ta095 1029460 23000 1409 881 1027826 1250 109 120
ta095 1029349 23000 1383 813 1027735 1357 118 120
ta095 1029192 23000 1444 915 1027718 1030 92 120
ta095 1029370 23000 1405 901 1027799 922 86 120
ta095 1029470 23000 1370 857 1027751 1341 118 120
ta095 1029230 23000 1429 829 1027753 1327 113 120
ta095 1029122 23000 1383 838 1027411 1324 115 120
ta095 1029125 23000 1369 807 1027618 966 91 120
ta095 1029294 23000 1403 874 1027346 1380 118 120
ta095 1029112 23000 1447 910 1027685 335 45 120
ta096 999877 23000 1399 897 997843 1380 118 120
ta096 999827 23000 1403 949 998102 1313 113 120
ta096 999745 23000 1449 933 998209 1266 108 120
ta096 999836 23008 1393 950 998189 1175 104 120
ta096 999661 23000 1459 887 998426 389 49 120
ta096 999687 23000 1528 974 998214 1520 119 120
ta096 999582 23009 1511 983 998013 1047 91 120
ta096 999723 23000 1426 950 998288 1037 93 120
ta096 999693 23000 1406 948 998262 467 55 120
ta096 999563 23000 1551 1010 998054 1339 107 120
ta097 1042583 23005 1952 1261 1041181 1133 79 120
ta097 1042583 23000 1927 1201 1041264 1700 108 120
ta097 1042615 23000 1908 1143 1041252 745 61 120
ta097 1042574 23007 1884 1207 1041197 599 53 120
ta097 1042597 23000 1949 1148 1041251 958 70 120
ta097 1042580 23000 1942 1210 1041162 1816 113 120
ta097 1042610 23004 1912 1191 1041146 1023 74 120
ta097 1042583 23000 1941 1269 1041128 1426 94 120
ta097 1042583 23000 1929 1197 1041245 1614 104 120
ta097 1042583 23000 1933 1246 1041140 1296 88 120
ta098 1035915 23000 1480 929 1034291 1474 119 120
ta098 1035915 23000 1435 858 1034509 1091 97 120
ta098 1035915 23003 1484 940 1034406 1138 97 120
ta098 1035915 23000 1460 950 1034148 1026 90 120
ta098 1035915 23000 1448 885 1034428 1086 94 120
ta098 1035915 23000 1470 915 1034521 418 51 120
ta098 1035915 23000 1421 878 1034392 1221 106 120
ta098 1035915 23000 1469 952 1034402 635 64 120
ta098 1035915 23000 1511 956 1034367 1260 103 120
ta098 1035915 23000 1406 913 1034442 1225 107 120
ta099 1015592 23001 1499 1041 1014512 1463 117 120
ta099 1015774 23000 1489 1052 1014725 300 42 120
ta099 1015643 23000 1502 1059 1014798 1169 98 120
ta099 1015709 23000 1468 1026 1014766 952 85 120
ta099 1015776 23000 1493 1099 1014757 956 85 120
ta099 1015610 23000 1485 1016 1014798 200 36 120
ta099 1015774 23000 1489 989 1014846 596 62 120
ta099 1015584 23000 1466 1015 1014656 998 89 120
ta099 1015613 23007 1491 1057 1014621 1350 110 120
ta099 1015774 23004 1474 1080 1014679 243 39 120
ta100 1021723 23000 1817 1081 1020621 1042 78 120
ta100 1021880 23000 1762 974 1020629 1045 80 120
ta100 1021892 23000 1745 889 1020393 1633 113 120
ta100 1021889 23000 1755 1038 1020552 1434 102 120
ta100 1021714 23000 1775 970 1020505 1692 115 120
ta100 1021657 23000 1819 1073 1020582 705 61 120
ta100 1021717 23000 1779 989 1020606 882 71 120
ta100 1021713 23000 1757 1071 1020529 1564 109 120
ta100 1021767 23000 1816 1111 1020560 1023 78 120
ta100 1021718 23005 1751 981 1020632 708 62 120
ta101 1228078 46000 1002 398 1221950 992 238 240
ta101 1226430 46000 1024 441 1220533 919 220 240
ta101 1225359 46008 939 385 1219375 777 206 240
ta101 1227162 46000 1005 417 1220550 1004 240 240
ta101 1225371 46000 1033 419 1219752 936 221 240
ta101 1225323 46000 980 402 1219221 675 180 240
ta101 1225941 46000 1029 396 1220124 1018 238 240
ta101 1226110 46000 995 378 1218209 932 228 240
ta101 1226429 46000 921 400 1218564 893 234 240
ta101 1224095 46000 995 427 1218344 993 239 240
ta102 1232966 46001 684 391 1227622 495 187 240
ta102 1233561 46002 686 377 1228247 575 209 240
ta102 1233278 46000 708 412 1227622 691 235 240
ta102 1232634 46000 691 411 1227839 683 238 240
ta102 1233837 46000 713 393 1229022 689 233 240
ta102 1233346 46000 712 362 1228134 708 239 240
ta102 1234060 46004 689 360 1228434 594 213 240
ta102 1233583 46000 699 407 1228203 685 236 240
ta102 1233279 46000 692 385 1227435 631 223 240
ta102 1232870 46000 697 385 1227314 673 233 240
ta103 1255198 46000 854 426 1249644 825 233 240
ta103 1254986 46000 863 401 1250276 800 226 240
ta103 1254878 46000 879 423 1249061 872 238 240
ta103 1254563 46000 875 497 1249607 848 234 240
ta103 1255483 46001 875 462 1250349 841 232 240
ta103 1254718 46000 889 480 1249644 868 235 240
ta103 1255661 46000 893 470 1249788 752 209 240
ta103 1255372 46000 825 420 1249078 813 237 240
ta103 1255177 46001 877 420 1250089 757 213 240
ta103 1254696 46000 867 480 1249641 863 239 240
ta104 1227626 46001 708 422 1223167 319 134 240
ta104 1227610 46000 754 465 1223101 701 226 240
ta104 1227406 46000 733 464 1222107 699 231 240
ta104 1227727 46000 711 435 1223421 707 239 240
ta104 1227569 46001 762 484 1221845 709 227 240
ta104 1227275 46000 718 428 1222467 643 220 240
ta104 1227664 46000 717 445 1222952 588 205 240
ta104 1227370 46000 721 461 1223028 666 226 240
ta104 1227475 46001 763 469 1222534 596 197 240
ta104 1227592 46000 731 475 1222821 621 211 240
ta105 1217084 46000 923 400 1209470 909 237 240
ta105 1216427 46000 921 433 1209450 764 208 240
ta105 1217224 46005 904 409 1208835 901 239 240
ta105 1217477 46000 904 445 1210935 893 238 240
ta105 1217161 46000 938 452 1209824 869 225 240
ta105 1216193 46001 942 430 1210010 902 231 240
ta105 1216820 46000 891 383 1211128 698 199 240
ta105 1216597 46000 897 426 1208931 878 236 240
ta105 1216667 46001 986 439 1209333 953 233 240
ta105 1216933 46000 927 403 1209857 903 235 240
ta106 1220030 46000 836 354 1214737 818 236 240
ta106 1219847 46000 849 418 1214200 722 211 240
ta106 1220104 46001 860 457 1214906 768 219 240
ta106 1219905 46000 863 388 1214815 849 237 240
ta106 1219928 46007 878 451 1215077 744 210 240
ta106 1220046 46000 853 409 1214796 528 166 240
ta106 1219655 46000 859 403 1214502 786 224 240
ta106 1219922 46000 838 385 1215066 819 235 240
ta106 1219761 46000 849 367 1214371 826 235 240
ta106 1219573 46000 848 371 1214042 597 182 240
ta107 1237263 46000 720 343 1232072 639 218 240
ta107 1237343 46007 729 351 1231775 726 239 240
ta107 1237358 46000 790 408 1232561 784 238 240
ta107 1237358 46000 777 401 1232623 642 207 240
ta107 1237358 46000 770 372 1230461 765 239 240
ta107 1237358 46004 759 364 1232258 677 219 240
ta107 1237358 46001 776 404 1232414 744 232 240
ta107 1237358 46001 775 345 1232514 751 234 240
ta107 1237358 46000 774 386 1232555 751 234 240
ta107 1237233 46000 766 397 1232100 752 236 240
ta108 1234081 46000 861 450 1229053 828 232 240
ta108 1234061 46000 805 390 1228756 747 226 240
ta108 1233924 46000 843 387 1229748 783 226 240
ta108 1234392 46000 835 383 1228738 834 240 240
ta108 1233774 46000 848 440 1229167 764 221 240
ta108 1234292 46000 875 447 1229347 803 224 240
ta108 1234514 46008 776 386 1229572 682 216 240
ta108 1234294 46000 860 455 1229337 823 231 240
ta108 1234368 46000 891 445 1229481 880 237 240
ta108 1234037 46000 778 376 1228519 578 191 240
ta109 1222475 46000 809 428 1215711 727 220 240
ta109 1222675 46000 799 377 1215173 617 195 240
ta109 1222490 46016 784 394 1215833 714 222 240
ta109 1222502 46011 729 356 1216202 382 148 240
ta109 1222376 46000 795 452 1215505 463 159 240
ta109 1222659 46000 787 400 1215441 745 229 240
ta109 1222637 46001 755 350 1215825 724 232 240
ta109 1222680 46004 785 428 1215861 588 190 240
ta109 1222659 46013 789 380 1215029 751 231 240
ta109 1222680 46000 770 403 1215804 729 230 240
ta110 1235511 46010 735 397 1230610 431 162 240
ta110 1235439 46000 717 351 1231092 616 212 240
ta110 1235496 46000 722 417 1230560 716 238 240
ta110 1235511 46013 732 408 1231029 564 196 240
ta110 1235303 46000 773 389 1230528 736 231 240
ta110 1235341 46000 708 407 1230262 696 237 240
ta110 1235059 46000 740 419 1230412 739 240 240
ta110 1235496 46001 723 419 1231797 650 220 240
ta110 1235369 46000 750 444 1231143 739 237 240
ta110 1235415 46000 740 407 1230044 664 220 240
ta111 6562803 114002 291 249 6555021 288 596 600
ta111 6562803 114000 291 235 6555687 179 418 600
ta111 6562803 114214 291 237 6555903 253 541 600
ta111 6562803 114001 289 227 6555514 157 384 600
ta111 6562803 114100 287 227 6555387 259 554 600
ta111 6562803 114003 287 234 6555074 262 561 600
ta111 6562803 114001 288 219 6555440 199 455 600
ta111 6562803 114175 287 226 6555235 277 586 600
ta111 6562803 114002 285 225 6555372 212 478 600
ta111 6562803 114000 290 226 6555155 288 599 600
ta112 6678588 114134 363 258 6670778 331 560 600
ta112 6678650 114002 325 242 6669737 319 593 600
ta112 6679136 114000 331 252 6669892 324 590 600
ta112 6678236 114000 369 243 6670241 275 481 600
ta112 6678123 114003 320 230 6669133 310 587 600
ta112 6678218 114000 344 236 6670486 286 519 600
ta112 6678238 114211 346 235 6669969 329 579 600
ta112 6677908 114002 336 229 6669135 327 589 601
ta112 6678279 114001 366 275 6670112 323 547 600
ta112 6678268 114002 338 257 6669380 296 543 600
ta113 6632778 114145 303 214 6625132 298 594 600
ta113 6632778 114002 286 202 6625709 282 595 600
ta113 6632778 114003 292 217 6625218 289 597 600
ta113 6632778 114112 287 217 6625770 264 563 600
ta113 6632778 114001 286 210 6625952 279 590 600
ta113 6632778 114170 286 215 6625299 252 545 600
ta113 6632778 114003 291 210 6624796 258 547 600
ta113 6632778 114002 288 207 6625212 282 593 600
ta113 6632778 114001 288 191 6625290 259 555 600
ta113 6632778 114179 287 222 6625468 274 581 600
ta114 6634100 114001 286 225 6623394 279 589 600
ta114 6634008 114000 287 228 6623709 278 587 600
ta114 6634100 114003 290 225 6623383 259 549 600
ta114 6634129 114002 292 226 6623333 273 570 600
ta114 6634100 114011 286 218 6623388 258 554 600
ta114 6633830 114000 287 205 6622960 272 577 600
ta114 6634040 114152 286 211 6623527 282 596 600
ta114 6633898 114001 286 214 6623522 247 537 600
ta114 6634198 114002 286 225 6623511 239 523 600
ta114 6633660 114001 287 213 6622972 277 585 600
ta115 6611391 114001 312 220 6598850 309 597 600
ta115 6610164 114002 316 209 6599165 274 537 600
ta115 6611380 114181 341 241 6599824 306 551 600
ta115 6611744 114159 324 223 6598746 298 562 600
ta115 6610817 114003 333 233 6598854 305 561 600
ta115 6613149 114000 315 213 6601682 285 558 600
ta115 6611293 114002 329 211 6599165 318 586 600
ta115 6611365 114000 305 210 6599382 240 499 601
ta115 6611351 114000 335 242 6599258 331 595 600
ta115 6612049 114001 329 237 6599941 327 599 600
ta116 6606116 114003 353 270 6599855 314 546 600
ta116 6606189 114000 358 282 6599641 355 597 600
ta116 6606116 114000 350 284 6599461 337 583 600
ta116 6606107 114001 354 282 6599760 348 593 600
ta116 6606189 114000 355 281 6599551 342 583 600
ta116 6606300 114001 363 283 6599864 102 259 600
ta116 6606177 114097 348 269 6599564 323 568 600
ta116 6606167 114001 364 310 6599528 359 595 600
ta116 6606189 114000 357 291 6599729 298 519 600
ta116 6606189 114003 364 295 6599779 348 580 600
ta117 6576737 114000 284 209 6565747 237 523 600
ta117 6576737 114000 281 214 6566028 250 547 600
ta117 6576737 114002 279 198 6565619 267 582 601
ta117 6576737 114001 288 224 6566323 286 598 600
ta117 6576737 114055 285 206 6565641 201 463 601
ta117 6576737 114002 279 196 6565361 274 593 600
ta117 6576737 114003 282 210 6567051 272 586 601
ta117 6576737 114000 282 203 6565715 247 544 600
ta117 6576737 114000 280 202 6565993 238 530 600
ta117 6576737 114003 282 205 6566069 180 428 601
ta118 6629449 114001 314 237 6620694 293 570 600
ta118 6629449 114001 316 237 6619997 299 575 600
ta118 6629333 114002 309 232 6620433 297 583 600
ta118 6629449 114000 298 214 6620238 286 582 600
ta118 6629137 114000 307 223 6619818 289 574 600
ta118 6628990 114002 314 240 6619803 313 600 600
ta118 6629449 114000 312 248 6619670 306 593 600
ta118 6629367 114000 305 229 6620418 288 575 600
ta118 6629449 114003 310 224 6620800 299 584 600
ta118 6628906 114001 310 234 6620127 307 597 600
ta119 6569309 114001 286 227 6560823 264 564 600
ta119 6569309 114002 286 215 6561329 284 598 600
ta119 6569309 114002 287 208 6560914 209 470 600
ta119 6569309 114001 288 192 6560521 248 536 600
ta119 6569309 114002 284 215 6560808 238 524 600
ta119 6569309 114001 287 216 6560857 283 596 601
ta119 6569309 114000 285 219 6560528 223 499 601
ta119 6569309 114002 287 216 6561001 242 527 601
ta119 6569309 114000 284 219 6560982 282 598 600
ta119 6569309 114001 287 221 6561288 285 599 600
ta120 6617984 114003 306 220 6608075 258 526 600
ta120 6617666 114000 315 241 6608030 297 575 600
ta120 6617548 114237 313 231 6607900 310 597 600
ta120 6616779 114091 303 223 6607299 283 570 600
ta120 6617984 114003 305 240 6608321 293 583 600
ta120 6616729 114001 316 236 6606048 264 522 600
ta120 6617496 114001 313 245 6606996 293 572 601
ta120 6617393 114002 313 241 6606810 283 555 600
ta120 6618726 114000 307 242 6608030 277 557 600
ta120 6617837 114003 322 247 6607589 317 594 600
