# Hostname: ocasrv. Config used: --obj f --timefactor 60 --verbose --verbose_np --npf 0.73 --dv01 3 --dv04 0 --dv07 1 --dv08 1 --dv09 1 --dv11 2 --dv12 1 --dv15 1 --dv16 0 --dv18 2 --iga --np --dc 6 --rrtd 50 --dc_np 5 --n_ls_np 4 --rrtd_np 60
ta001 14033 2000 11577 4012 13962 7055 4 6
ta001 14033 2000 11548 3775 13962 9243 5 6
ta001 14033 2000 11539 4584 13962 3489 3 6
ta001 14033 2000 11592 3705 13962 4018 3 6
ta001 14033 2000 11558 3600 13962 3008 3 6
ta001 14033 2000 11415 4612 13962 2518 2 6
ta001 14033 2000 11506 3654 13968 4995 3 6
ta001 14033 2000 11610 3483 13962 2293 2 6
ta001 14033 2000 11604 3920 13962 5236 3 6
ta001 14033 2000 11545 3934 13962 3298 3 6
ta002 15151 2000 12665 2808 15069 311 2 6
ta002 15151 2000 12687 2812 15084 6599 4 6
ta002 15151 2000 12748 2970 15084 9874 5 6
ta002 15151 2000 12483 2802 15100 12278 5 6
ta002 15151 2000 12734 3003 15078 6509 4 6
ta002 15151 2000 12859 3054 15091 9404 4 6
ta002 15151 2000 12907 3257 15077 2524 2 6
ta002 15151 2000 12807 2776 15069 7074 4 6
ta002 15151 2000 12946 2922 15088 11260 5 6
ta002 15151 2000 12778 2936 15078 973 2 6
ta003 13301 2000 10515 2971 12956 480 2 6
ta003 13301 2000 10553 2793 12956 1761 2 6
ta003 13301 2000 10528 2919 12956 2553 2 6
ta003 13301 2000 10576 2814 12956 565 2 6
ta003 13301 2000 10600 2984 12956 852 2 6
ta003 13301 2000 10509 3076 12956 3110 3 6
ta003 13301 2000 10583 3130 12956 551 2 6
ta003 13301 2000 10527 2963 12956 8227 5 6
ta003 13301 2000 10490 2685 12956 5811 4 6
ta003 13301 2000 10447 2721 13000 266 2 6
ta004 15447 2000 11611 4039 15391 3986 3 6
ta004 15447 2000 11824 4432 15391 1369 2 6
ta004 15447 2000 11606 4261 15391 95 2 6
ta004 15447 2000 11784 4526 15391 496 2 6
ta004 15447 2000 11547 4245 15391 1439 2 6
ta004 15447 2000 11714 4380 15391 3864 3 6
ta004 15447 2000 11751 4202 15391 1561 2 6
ta004 15447 2000 11749 4482 15391 532 2 6
ta004 15447 2000 11674 4170 15391 389 2 6
ta004 15447 2000 11712 4430 15391 232 2 6
ta005 13529 2000 11761 6694 13472 40 2 6
ta005 13529 2000 11662 6587 13472 2547 2 6
ta005 13529 2000 11666 6628 13472 12 2 6
ta005 13529 2000 11652 6333 13472 38 2 6
ta005 13529 2000 11702 6567 13472 287 2 6
ta005 13529 2000 11718 6507 13472 2 2 6
ta005 13529 2000 11691 6470 13472 110 2 6
ta005 13529 2000 11697 6293 13472 94 2 6
ta005 13529 2000 11702 6469 13472 433 2 6
ta005 13529 2000 11772 6510 13472 452 2 6
ta006 13123 2000 11698 4212 13058 211 2 6
ta006 13123 2000 11707 3903 13058 757 2 6
ta006 13123 2000 11539 4050 13058 1835 2 6
ta006 13123 2000 11801 4556 13058 11219 5 6
ta006 13123 2000 11770 4109 13058 1378 2 6
ta006 13123 2000 11756 4399 13058 1770 2 6
ta006 13123 2000 11580 4175 13058 3619 3 6
ta006 13123 2000 11710 4510 13058 2510 2 6
ta006 13123 2000 11715 4390 13058 1278 2 6
ta006 13123 2000 11742 4126 13058 707 2 6
ta007 13557 2000 12191 3799 13495 678 2 6
ta007 13557 2000 12291 4075 13495 2854 2 6
ta007 13548 2000 12459 3184 13479 398 2 6
ta007 13548 2000 12584 4023 13479 182 2 6
ta007 13548 2000 12639 4014 13479 114 2 6
ta007 13557 2000 12188 4153 13495 7246 4 6
ta007 13548 2000 12547 3830 13479 238 2 6
ta007 13548 2000 12144 3832 13524 6 2 6
ta007 13548 2000 12589 4124 13479 121 2 6
ta007 13548 2000 12565 4056 13479 184 2 6
ta008 13948 2000 11304 4772 13882 46 2 6
ta008 13948 2000 11314 4873 13882 15 2 6
ta008 13948 2000 11284 4920 13882 828 2 6
ta008 13948 2000 11312 4788 13882 778 2 6
ta008 13948 2000 11295 4929 13882 670 2 6
ta008 13948 2000 11361 4711 13882 36 2 6
ta008 13948 2000 11317 4873 13882 576 2 6
ta008 13948 2000 11311 4446 13882 1003 2 6
ta008 13948 2000 11092 4771 13882 1182 2 6
ta008 13948 2000 11351 4694 13882 1034 2 6
ta009 14295 2000 11798 4427 14047 1362 2 6
ta009 14295 2000 11788 4394 14047 1691 2 6
ta009 14295 2000 11811 4512 14047 386 2 6
ta009 14295 2000 11790 4369 14047 721 2 6
ta009 14295 2000 11770 4257 14047 683 2 6
ta009 14295 2000 11846 4505 14047 85 2 6
ta009 14295 2000 11757 4339 14047 234 2 6
ta009 14295 2000 11737 4398 14047 271 2 6
ta009 14295 2000 11808 4501 14047 42 2 6
ta009 14295 2000 11814 4439 14047 154 2 6
ta010 12943 2000 11151 3662 12894 7487 4 6
ta010 12943 2000 11242 3896 12894 5757 4 6
ta010 12943 2000 11253 4003 12904 3868 3 6
ta010 12943 2000 11261 3805 12902 8616 5 6
ta010 12943 2000 10897 3831 12894 2863 3 6
ta010 12943 2000 11207 3922 12904 1770 2 6
ta010 12943 2000 11190 3878 12904 1805 2 6
ta010 12943 2000 11188 4008 12904 1155 2 6
ta010 12943 2000 11279 3985 12904 2963 3 6
ta010 12943 2000 11294 3756 12904 3298 3 6
ta011 20911 4000 6610 1904 20651 3316 8 12
ta011 20911 4000 6886 2222 20577 4143 8 12
ta011 20911 4000 6788 2230 20577 1328 5 12
ta011 20911 4000 6958 2053 20496 6023 10 12
ta011 20911 4000 6706 2322 20577 1786 6 12
ta011 20911 4000 6914 1020 20471 1293 5 12
ta011 20911 4000 7033 1535 20568 7025 11 12
ta011 20911 4000 6675 2231 20577 475 4 12
ta011 20911 4000 6820 1671 20428 2114 6 12
ta011 20911 4000 6698 1985 20577 1065 5 12
ta012 22440 4000 6510 2920 22316 909 5 12
ta012 22440 4000 6627 2325 22341 658 4 12
ta012 22440 4000 6606 2360 22341 1142 5 12
ta012 22440 4000 6638 2387 22341 231 4 12
ta012 22440 4000 6630 2474 22341 542 4 12
ta012 22440 4000 6621 2283 22341 184 4 12
ta012 22440 4000 6616 2474 22341 1326 5 12
ta012 22440 4000 6642 2261 22341 729 4 12
ta012 22440 4000 6535 2343 22341 1292 5 12
ta012 22440 4000 6534 2340 22341 371 4 12
ta013 19833 4000 6836 2615 19493 209 4 12
ta013 19833 4000 6781 2578 19493 179 4 12
ta013 19833 4000 6743 2688 19493 188 4 12
ta013 19833 4000 6788 2642 19493 96 4 12
ta013 19833 4000 6765 2665 19493 653 4 12
ta013 19833 4000 6834 2630 19493 136 4 12
ta013 19833 4000 6771 2553 19493 52 4 12
ta013 19833 4000 6801 2621 19493 184 4 12
ta013 19833 4000 6476 2485 19493 79 4 12
ta013 19833 4000 6844 2744 19493 45 4 12
ta014 18710 4000 6442 917 18284 927 5 12
ta014 18710 4000 6437 1469 18340 4552 9 12
ta014 18710 4000 6380 1994 18373 144 4 12
ta014 18710 4000 6425 1384 18407 6292 11 12
ta014 18710 4000 6397 2025 18361 5516 10 12
ta014 18747 4000 6479 1086 18284 3679 8 12
ta014 18710 4000 6401 1982 18373 670 4 12
ta014 18710 4000 6363 1871 18373 1628 6 12
ta014 18710 4000 6459 1355 18363 1636 6 12
ta014 18710 4000 6363 1979 18373 329 4 12
ta015 18641 4000 6417 2372 18240 5166 10 12
ta015 18641 4000 6538 2164 18209 2401 7 12
ta015 18641 4000 6459 1857 18253 3854 8 12
ta015 18641 4000 6470 2198 18255 770 4 12
ta015 18641 4000 6621 2454 18240 1909 6 12
ta015 18652 4000 6441 2495 18272 2696 7 12
ta015 18641 4000 6466 2217 18255 3240 8 12
ta015 18641 4000 6663 2429 18210 5396 10 12
ta015 18641 4000 6493 2330 18240 894 5 12
ta015 18641 4000 6503 2317 18240 2388 7 12
ta016 19245 4000 6221 2963 18581 4902 10 12
ta016 19245 4000 6177 2247 18581 3989 9 12
ta016 19245 4000 6333 2451 18575 3268 8 12
ta016 19249 4000 6203 2602 18581 924 5 12
ta016 19245 4000 6432 2254 18576 1541 5 12
ta016 19249 4000 6288 2003 18614 4164 9 12
ta016 19245 4000 6231 2588 18581 562 4 12
ta016 19249 4000 6439 2189 18649 5174 10 12
ta016 19245 4000 6158 2541 18581 1179 5 12
ta016 19324 4000 6429 2134 18576 1284 5 12
ta017 18363 4000 7311 2308 18042 1358 5 12
ta017 18363 4000 7093 1844 18042 245 4 12
ta017 18363 4000 7099 1850 18042 336 4 12
ta017 18363 4000 7241 1992 18042 109 4 12
ta017 18363 4000 7253 3024 18073 20 4 12
ta017 18363 4000 7129 2612 18069 5509 10 12
ta017 18363 4000 7301 2054 18042 767 4 12
ta017 18363 4000 7123 2510 18042 4246 8 12
ta017 18363 4000 7248 2260 18042 1899 6 12
ta017 18363 4000 7261 2105 18042 341 4 12
ta018 20241 4000 6440 1987 19936 1579 5 12
ta018 20241 4000 6318 1493 19837 3529 8 12
ta018 20241 4000 6325 1626 19830 2132 6 12
ta018 20241 4000 6510 2006 19836 3478 8 12
ta018 20241 4000 6299 1569 19830 2585 7 12
ta018 20241 4000 6282 1578 19830 1698 6 12
ta018 20241 4000 6650 2394 19846 1161 5 12
ta018 20241 4000 6291 1757 19830 3911 8 12
ta018 20241 4000 6449 2199 19856 2598 7 12
ta018 20241 4000 6197 1621 19837 1955 6 12
ta019 20330 4000 7298 2755 20106 42 4 12
ta019 20330 4000 7303 2715 20106 65 4 12
ta019 20330 4000 7468 2800 20106 67 4 12
ta019 20330 4000 7416 2841 20106 78 4 12
ta019 20330 4000 7417 2771 20106 11 4 12
ta019 20330 4000 7276 2765 20106 27 4 12
ta019 20330 4000 7449 2843 20106 20 4 12
ta019 20330 4000 7412 2870 20106 72 4 12
ta019 20330 4000 7405 2738 20106 18 4 12
ta019 20330 4000 7509 2971 20106 19 4 12
ta020 21320 4000 6462 3073 20872 341 4 12
ta020 21320 4000 6457 2936 20872 133 4 12
ta020 21320 4000 6494 2759 20954 1002 5 12
ta020 21320 4000 6419 2985 20872 467 4 12
ta020 21320 4000 6521 2947 20954 181 4 12
ta020 21320 4000 6448 2982 20872 441 4 12
ta020 21320 4000 6461 2951 20872 553 4 12
ta020 21320 4000 6496 3009 20872 454 4 12
ta020 21320 4000 6490 2952 20872 249 4 12
ta020 21320 4000 6511 2907 20872 3777 8 12
ta021 33623 7000 4088 893 33150 1898 15 24
ta021 33623 7000 4085 1118 33150 766 10 24
ta021 33623 7000 3914 777 33312 112 7 24
ta021 33623 7000 4218 1440 33251 2396 16 24
ta021 33623 7000 4101 1153 33150 2140 15 24
ta021 33623 7000 4073 1115 33278 1192 11 24
ta021 33623 7000 4142 1092 33150 726 9 24
ta021 33623 7000 4119 1091 33150 1894 14 24
ta021 33623 7000 4139 1208 33278 3652 21 24
ta021 33623 7000 4140 1122 33150 753 10 24
ta022 31587 7000 4040 677 30864 2284 16 24
ta022 31587 7000 3946 450 30844 837 10 24
ta022 31587 7000 3888 893 30609 3873 23 24
ta022 31587 7000 3845 533 30683 1158 12 24
ta022 31587 7000 3944 683 30683 3018 19 24
ta022 31587 7000 3857 242 30743 424 8 24
ta022 31587 7000 3923 767 30893 1896 15 24
ta022 31587 7000 3877 657 30893 963 11 24
ta022 31587 7000 3851 556 30893 763 10 24
ta022 31587 7000 3904 601 30609 3728 23 24
ta023 33920 7000 3874 588 33051 1656 14 24
ta023 33920 7000 3804 863 32945 493 9 24
ta023 33920 7000 3808 722 33176 2883 19 24
ta023 33920 7000 3968 1087 32993 999 11 24
ta023 33920 7000 3982 954 33234 207 7 24
ta023 33920 7000 3928 1095 33037 699 10 24
ta023 33920 7000 3849 978 32993 1659 14 24
ta023 33920 7000 3842 1053 32954 3494 22 24
ta023 33920 7000 3877 881 32945 972 11 24
ta023 33920 7000 3927 1300 33036 1004 11 24
ta024 31661 7000 3888 1273 30983 945 11 24
ta024 31661 7000 4010 1260 30983 112 7 24
ta024 31661 7000 3970 1259 30983 552 9 24
ta024 31661 7000 3962 1297 30983 1349 12 24
ta024 31661 7000 3936 1264 30983 682 9 24
ta024 31661 7000 3910 1083 30983 2038 15 24
ta024 31661 7000 4003 1394 30983 1332 12 24
ta024 31661 7000 4010 1315 30983 454 8 24
ta024 31661 7000 4017 1287 30983 309 8 24
ta024 31661 7000 4004 1240 30983 1635 13 24
ta025 34586 7000 3871 574 33841 519 9 24
ta025 34557 7000 3983 1318 33880 3944 23 24
ta025 34586 7000 3932 1347 33880 1796 14 24
ta025 34557 7000 3860 877 33962 238 8 24
ta025 34557 7000 3929 689 33955 1934 15 24
ta025 34586 7000 3938 861 34048 331 8 24
ta025 34586 7000 3960 961 34030 2415 17 24
ta025 34586 7000 3929 938 34222 450 8 24
ta025 34586 7000 4015 1037 34075 406 8 24
ta025 34557 7000 3965 862 33888 3922 23 24
ta026 32564 7000 3967 720 31769 2542 17 24
ta026 32564 7000 4054 704 31769 3983 23 24
ta026 32564 7000 4163 1191 31972 950 10 24
ta026 32564 7000 4227 616 31923 519 9 24
ta026 32564 7000 4139 799 31827 1303 12 24
ta026 32564 7000 4047 978 31769 2910 19 24
ta026 32564 7000 3975 826 31774 3019 19 24
ta026 32564 7000 3977 888 31791 3115 20 24
ta026 32564 7000 3905 896 31769 2413 17 24
ta026 32564 7000 4020 869 31769 2098 15 24
ta027 32922 7000 4048 1119 32229 2169 16 24
ta027 32922 7000 3824 602 32413 586 9 24
ta027 32922 7000 3940 1341 32293 1197 12 24
ta027 32922 7000 4080 1461 32418 529 9 24
ta027 32922 7000 4111 1000 32271 622 9 24
ta027 32922 7000 4050 710 32277 3325 20 24
ta027 32922 7000 4017 769 32540 364 8 24
ta027 32922 7000 3936 923 32202 2282 16 24
ta027 32922 7000 4065 1458 32418 1844 14 24
ta027 32922 7000 4080 820 32476 2196 15 24
ta028 32412 7000 4006 1878 31763 234 7 24
ta028 32412 7000 4111 1417 31796 546 9 24
ta028 32412 7000 4127 1449 31764 921 10 24
ta028 32467 7000 3982 1305 31806 2675 18 24
ta028 32444 7000 4011 1675 31928 2467 17 24
ta028 32412 7000 4107 1508 31763 1652 13 24
ta028 32467 7000 4030 1141 31783 1800 14 24
ta028 32412 7000 3999 909 31819 390 8 24
ta028 32467 7000 3870 1510 32034 2365 17 24
ta028 32412 7000 4014 881 31819 930 10 24
ta029 33600 7000 3791 786 32864 3147 21 24
ta029 33600 7000 3849 792 32772 2514 17 24
ta029 33600 7000 3799 1454 32829 971 11 24
ta029 33600 7000 3678 690 32744 1481 13 24
ta029 33600 7000 3837 721 32831 2599 18 24
ta029 33600 7000 3788 847 32853 3016 20 24
ta029 33600 7000 3764 1440 32824 2959 20 24
ta029 33600 7000 3806 1287 32828 2691 18 24
ta029 33600 7000 3839 632 32831 1406 13 24
ta029 33600 7000 3860 608 32772 2206 16 24
ta030 32262 7000 4242 1377 31675 1843 14 24
ta030 32262 7000 4126 1022 31613 3076 19 24
ta030 32262 7000 4149 920 31561 3170 19 24
ta030 32262 7000 4146 1042 31653 786 10 24
ta030 32262 7000 4146 877 31491 3818 22 24
ta030 32262 7000 4144 1197 31466 432 8 24
ta030 32262 7000 4083 760 31618 3107 19 24
ta030 32262 7000 4166 1040 31642 973 10 24
ta030 32262 7000 4157 1073 31653 20 7 24
ta030 32262 7000 4170 669 31613 2154 15 24
ta031 64817 5000 6471 2064 64730 198 5 15
ta031 64817 5000 6578 2177 64730 541 5 15
ta031 64817 5000 6430 2027 64792 2897 9 15
ta031 64883 5000 6484 2146 64781 2431 8 15
ta031 64817 5000 6546 2147 64757 565 5 15
ta031 64916 5000 6361 1863 64842 4231 11 15
ta031 64805 5000 6501 2299 64757 2975 9 15
ta031 64817 5000 6478 2096 64730 2165 8 15
ta031 64849 5000 6329 1918 64750 996 6 15
ta031 64817 5000 6540 2270 64779 102 5 15
ta032 68169 5000 7143 2707 68047 6998 14 15
ta032 68097 5000 7219 2805 68007 3012 9 15
ta032 68176 5000 7005 2603 68106 5624 13 15
ta032 68169 5000 7043 2612 68046 6918 14 15
ta032 68124 5000 6983 2655 67943 4342 11 15
ta032 68097 5000 7175 2781 67949 2669 8 15
ta032 68176 5000 7035 2583 68070 1897 7 15
ta032 68097 5000 7056 2692 68005 2589 8 15
ta032 68169 5000 7197 2842 68044 2521 8 15
ta032 68097 5000 7168 2683 68011 2750 8 15
ta033 63308 5000 6673 2475 63098 4357 11 15
ta033 63269 5000 6764 2463 63207 5533 13 15
ta033 63305 5000 6751 2545 63180 529 5 15
ta033 63253 5000 6599 2388 63098 3474 10 15
ta033 63305 5000 6740 2596 63172 4259 11 15
ta033 63298 5000 6622 2373 63164 744 6 15
ta033 63253 5000 6571 2544 63098 6336 14 15
ta033 63291 5000 6676 2460 63161 6570 14 15
ta033 63298 5000 6550 2309 63164 215 5 15
ta033 63269 5000 6695 2219 63204 273 5 15
ta034 68449 5000 6660 3151 68393 536 5 15
ta034 68437 5000 6582 2714 68347 11 5 15
ta034 68445 5000 6544 2768 68397 11 5 15
ta034 68499 5000 6601 2726 68460 0 5 15
ta034 68413 5000 6586 2597 68357 757 6 15
ta034 68453 5000 6530 2485 68405 24 5 15
ta034 68453 5000 6521 2462 68405 1 5 15
ta034 68491 5000 6559 2602 68443 1 5 15
ta034 68461 5000 6715 2692 68411 0 5 15
ta034 68413 5000 6710 2897 68366 608 5 15
ta035 69397 5000 6297 1888 69241 3987 11 15
ta035 69408 5000 6283 2029 69194 3156 9 15
ta035 69408 5000 6299 1972 69225 4141 11 15
ta035 69408 5000 6273 1943 69173 5736 14 15
ta035 69408 5000 6310 1977 69246 2958 9 15
ta035 69408 5000 6212 1934 69184 3537 10 15
ta035 69408 5000 6279 1978 69194 3236 10 15
ta035 69408 5000 6195 1669 69222 855 6 15
ta035 69417 5000 6366 1867 69321 55 5 15
ta035 69412 5000 6270 1961 69194 64 5 15
ta036 66979 5000 6544 2266 66921 2118 8 15
ta036 66982 5000 6596 2380 66929 5591 13 15
ta036 66979 5000 6503 2274 66931 126 5 15
ta036 66982 5000 6645 2429 66921 4254 11 15
ta036 66970 5000 6595 2624 66878 3693 10 15
ta036 66977 5000 6549 2324 66899 5884 14 15
ta036 66979 5000 6647 2324 66909 1729 7 15
ta036 66982 5000 6571 2407 66933 1635 7 15
ta036 66979 5000 6572 2383 66909 3843 10 15
ta036 66977 5000 6618 2263 66899 322 5 15
ta037 66343 5000 6455 2121 66114 6201 14 15
ta037 66297 5000 6237 1945 66138 5099 13 15
ta037 66292 5000 6158 1857 66080 6148 14 15
ta037 66289 5000 6285 2032 66040 6012 14 15
ta037 66343 5000 6302 1979 66125 2064 8 15
ta037 66289 5000 6227 1877 66162 6069 14 15
ta037 66343 5000 6352 2173 66178 4542 12 15
ta037 66271 5000 6277 1996 66118 4815 12 15
ta037 66332 5000 6122 1920 66053 5932 14 15
ta037 66275 5000 6831 2097 66250 3155 9 15
ta038 64422 5000 6642 2587 64329 4198 11 15
ta038 64386 5000 6624 2422 64329 1 5 15
ta038 64422 5000 6692 2666 64329 1456 7 15
ta038 64371 5000 6687 2605 64304 4325 11 15
ta038 64406 5000 6677 2717 64318 551 5 15
ta038 64445 5000 6661 2738 64277 2151 8 15
ta038 64422 5000 6721 2605 64329 4698 11 15
ta038 64406 5000 6535 2617 64297 611 5 15
ta038 64386 5000 6685 2519 64268 2447 8 15
ta038 64412 5000 6595 2634 64351 4918 12 15
ta039 63162 5000 6585 2880 63067 5141 12 15
ta039 63166 5000 6578 2837 63057 4396 11 15
ta039 63116 5000 6526 2825 62955 2415 8 15
ta039 63157 5000 6592 2950 63058 2340 8 15
ta039 63162 5000 6568 2495 63057 4446 11 15
ta039 63162 5000 6617 2715 63046 2407 8 15
ta039 63162 5000 6448 2523 63036 5513 13 15
ta039 63105 5000 6591 2869 62992 1083 6 15
ta039 63162 5000 6532 2530 63100 3861 10 15
ta039 63162 5000 6475 2769 63016 1378 7 15
ta040 68915 5000 6884 2166 68762 20 5 15
ta040 68915 5000 6807 2019 68736 4256 11 15
ta040 68916 5000 6769 1831 68715 3159 9 15
ta040 68915 5000 6811 2084 68733 4261 11 15
ta040 68915 5000 6823 2095 68773 791 6 15
ta040 68916 5000 6794 1833 68736 331 5 15
ta040 68895 5000 6720 1978 68708 1840 7 15
ta040 68916 5000 6746 1832 68705 3961 10 15
ta040 68977 5000 6769 1960 68845 1105 6 15
ta040 68958 5000 6884 1958 68822 3399 9 15
ta041 88160 9000 4010 1274 87523 2582 22 30
ta041 88160 9000 3974 1265 87551 1777 18 30
ta041 87993 9000 3912 1150 87369 3829 29 30
ta041 87982 9000 3856 1064 86811 2007 19 30
ta041 87633 9000 3770 1371 86641 2597 23 30
ta041 87780 9000 3799 1324 86883 2154 20 30
ta041 88098 9000 3757 1257 86751 3000 25 30
ta041 88160 9000 3994 1361 87538 3460 27 30
ta041 87904 9000 3989 1265 86868 3753 28 30
ta041 88160 9000 3886 1402 87425 2314 21 30
ta042 83441 9000 3852 1189 82778 2290 21 30
ta042 83578 9000 3789 1858 83249 385 11 30
ta042 83941 9000 3769 1737 83552 710 12 30
ta042 83975 9000 3873 1362 83277 3610 28 30
ta042 83815 9000 3884 1271 83252 3780 29 30
ta042 83774 9000 3771 1468 83233 2075 20 30
ta042 84038 9000 3752 1136 83069 2120 21 30
ta042 83564 9000 3809 1651 83334 1091 15 30
ta042 83537 9000 3727 1484 82547 3205 27 30
ta042 83941 9000 3804 1676 83552 1659 18 30
ta043 80653 9000 3762 1526 80379 3613 29 30
ta043 80653 9000 3762 1539 80393 2634 23 30
ta043 80653 9000 3797 1429 80393 3777 29 30
ta043 80653 9000 3792 1517 80317 3064 25 30
ta043 80653 9000 3759 1564 80383 196 10 30
ta043 80653 9000 3776 1568 80401 2353 22 30
ta043 80653 9000 3785 1528 80415 2321 21 30
ta043 80653 9000 3798 1548 80396 1451 17 30
ta043 80653 9000 3799 1645 80400 3755 29 30
ta043 80653 9000 3774 1570 80401 637 12 30
ta044 87066 9000 3930 1701 86971 259 10 30
ta044 87066 9000 4019 1766 86922 1529 17 30
ta044 87066 9000 3913 1777 86929 3708 28 30
ta044 87066 9000 3899 1645 86928 1684 17 30
ta044 87066 9000 3842 1717 86899 2272 21 30
ta044 87075 9000 3803 1707 86930 2937 25 30
ta044 87066 9000 3885 1739 86944 2953 24 30
ta044 87066 9000 3954 1790 86906 2670 23 30
ta044 87075 9000 3853 1677 86717 3849 29 30
ta044 87066 9000 3996 1675 86978 1748 18 30
ta045 87521 9000 3982 1289 86114 3489 27 30
ta045 87521 9000 3882 1249 86111 1604 17 30
ta045 87521 9000 3909 1177 86201 3907 29 30
ta045 87383 9000 4164 1161 86698 3807 28 30
ta045 87521 9000 4171 1416 86274 838 13 30
ta045 87262 9000 3835 1254 86670 3360 27 30
ta045 87521 9000 3949 1652 86230 77 9 30
ta045 87415 9000 4053 1504 86927 2489 21 30
ta045 87521 9000 3874 1166 86168 3016 25 30
ta045 87521 9000 3851 1302 86189 1500 17 30
ta046 87022 9000 3725 1317 86315 412 11 30
ta046 87064 9000 3818 1445 86405 3121 26 30
ta046 87088 9000 3584 1598 86568 203 10 30
ta046 86866 9000 3586 1558 86371 1571 18 30
ta046 86987 9000 3732 1514 86697 2852 25 30
ta046 86866 9000 3847 1638 86373 3282 26 30
ta046 87022 9000 3814 1458 86428 1153 15 30
ta046 87022 9000 3803 1484 86427 2453 22 30
ta046 86716 9000 3880 1239 86297 2866 24 30
ta046 86923 9000 3751 1646 86505 2769 24 30
ta047 89851 9000 3209 1117 88646 3060 29 30
ta047 89851 9000 3227 836 88402 2319 24 30
ta047 89851 9000 3238 970 88379 2065 22 30
ta047 89859 9000 3299 1219 89025 2478 24 30
ta047 89851 9000 3281 896 88385 2783 26 30
ta047 89851 9000 3269 779 88539 3112 29 30
ta047 89851 9000 3320 1169 88706 1792 20 30
ta047 89851 9000 3326 1234 88946 3044 28 30
ta047 89395 9000 3284 1039 88604 1957 21 30
ta047 89851 9000 3264 888 88111 3225 29 30
ta048 87274 9000 3650 1387 86786 2259 22 30
ta048 87274 9000 3651 1451 86984 3198 27 30
ta048 87274 9000 3697 1445 86857 3621 29 30
ta048 87274 9000 3679 1428 86810 3289 27 30
ta048 87274 9000 3699 1302 86987 548 12 30
ta048 87274 9000 3714 1412 86987 2058 20 30
ta048 87274 9000 3613 1403 86743 1807 19 30
ta048 87274 9000 3680 1423 86987 2005 20 30
ta048 87274 9000 3712 1475 87002 1081 15 30
ta048 87274 9000 3700 1478 86648 3317 27 30
ta049 85885 9000 3589 1329 85432 1837 19 30
ta049 85885 9000 3560 1378 85563 2995 26 30
ta049 85822 9000 3550 1292 85588 342 11 30
ta049 85822 9000 3609 1429 85572 2793 25 30
ta049 85885 9000 3559 1551 85303 2562 24 30
ta049 85926 9000 3580 1407 85715 1860 19 30
ta049 85827 9000 3543 1437 85289 2050 21 30
ta049 85885 9000 3562 1399 85429 2475 23 30
ta049 85822 9000 3516 1261 85524 3360 29 30
ta049 85822 9000 3493 1362 85475 2075 21 30
ta050 88507 9000 3284 1171 87705 3216 29 30
ta050 88455 9000 3355 1446 87866 690 13 30
ta050 88451 9000 3295 1185 87779 2997 28 30
ta050 88597 9000 3299 1280 87887 675 13 30
ta050 88512 9000 3217 1131 87953 2473 25 30
ta050 88455 9000 3351 1272 87920 2463 24 30
ta050 88538 9000 3274 1247 87892 1919 21 30
ta050 88440 9000 3281 1233 87941 699 13 30
ta050 88509 9000 3239 965 87790 1918 21 30
ta050 88520 9000 3332 1164 87944 2770 26 30
ta051 126133 17000 2111 1056 124933 2074 59 60
ta051 126133 17000 2139 654 124897 633 30 60
ta051 126133 17000 2061 628 125291 848 34 60
ta051 126133 17000 2102 990 124946 1949 56 60
ta051 126133 17000 2052 547 124940 1223 42 60
ta051 126133 17000 2109 889 124908 1990 57 60
ta051 126133 17000 2115 860 124984 1525 47 60
ta051 126133 17000 2131 959 124926 1954 56 60
ta051 126133 17000 2108 900 124925 1978 57 60
ta051 126133 17000 2178 849 124907 2174 59 60
ta052 120069 17000 2173 683 118310 1260 41 60
ta052 120245 17000 2147 628 118715 2000 57 60
ta052 120091 17000 2106 517 118887 1860 55 60
ta052 120069 17000 2143 672 118530 2087 58 60
ta052 120091 17000 2106 551 119030 2029 58 60
ta052 120320 17000 2221 596 118300 2085 57 60
ta052 120260 17000 2084 537 118564 1904 56 60
ta052 120091 17000 2069 532 118618 2024 59 60
ta052 120069 17000 2115 534 118626 1705 51 60
ta052 120245 17000 2209 719 118530 1970 55 60
ta053 117879 17000 2104 608 116308 2082 59 60
ta053 117879 17000 2114 487 115968 1627 50 60
ta053 117879 17000 2126 695 116220 1458 46 60
ta053 117879 17000 2128 713 116701 1908 55 60
ta053 117863 17000 2094 621 116242 1528 48 60
ta053 117340 17000 2182 507 116555 271 22 60
ta053 117879 17000 2124 681 116630 2029 58 60
ta053 117709 17000 2090 626 116479 1166 41 60
ta053 117599 17000 2079 555 116487 1467 47 60
ta053 117326 17000 2154 741 115824 2044 57 60
ta054 121264 17000 2039 571 120115 1585 50 60
ta054 121264 17000 2057 665 120126 1198 42 60
ta054 121264 17000 2034 652 120129 2003 59 60
ta054 121264 17000 2050 597 119996 1377 45 60
ta054 121264 17000 2048 588 120009 526 28 60
ta054 121264 17000 2065 617 120116 1496 48 60
ta054 121264 17000 1996 622 119856 1897 57 60
ta054 121264 17000 2010 570 119967 1103 40 60
ta054 121264 17000 2049 597 120133 329 23 60
ta054 121264 17000 2039 671 120136 873 35 60
ta055 119441 17000 2059 691 117590 1305 44 60
ta055 119550 17000 1989 412 117685 652 31 60
ta055 119272 17000 2016 592 117634 1959 58 60
ta055 119435 17000 1972 514 117587 783 34 60
ta055 119619 17000 2042 385 117583 2011 59 60
ta055 119218 17000 2011 597 117019 1989 59 60
ta055 119219 17000 1973 523 117272 1791 55 60
ta055 119745 17000 2018 294 117721 646 30 60
ta055 119356 17000 2024 626 117586 1176 41 60
ta055 118956 17000 2077 585 116890 1279 43 60
ta056 121686 17000 2061 419 119698 2049 59 60
ta056 121298 17000 2070 664 120013 1668 51 60
ta056 121337 17000 2076 729 119901 1468 47 60
ta056 121528 17000 2110 702 120238 2099 59 60
ta056 121453 17000 2032 539 120196 1474 48 60
ta056 121308 17000 2071 617 120373 1953 57 60
ta056 121475 17000 2046 624 120212 1598 50 60
ta056 121441 17000 1980 597 119352 1898 58 60
ta056 121414 17000 2071 758 120060 1614 50 60
ta056 121097 17000 2068 645 120018 1858 55 60
ta057 123890 17000 2180 651 123012 1276 42 60
ta057 123647 17000 2230 748 122834 1984 55 60
ta057 123645 17000 2164 693 122463 2077 58 60
ta057 123734 17000 2189 612 122268 1934 55 60
ta057 123953 17000 2261 674 123085 756 31 60
ta057 123870 17000 2264 765 122982 1921 53 60
ta057 123857 17000 2133 641 122644 1180 40 60
ta057 123966 17000 2276 747 122702 2041 55 60
ta057 123734 17000 2202 649 122969 1742 51 60
ta057 123907 17000 2247 819 123157 702 30 60
ta058 123408 17000 2020 655 120524 768 33 60
ta058 123529 17000 2029 517 121560 2011 59 60
ta058 123294 17000 2082 812 121306 1991 58 60
ta058 123536 17000 2054 534 120915 1956 57 60
ta058 123522 17000 2032 527 121121 2020 59 60
ta058 123424 17000 2063 638 121199 1336 44 60
ta058 123408 17000 1996 286 120827 1693 53 60
ta058 123529 17000 2028 531 120834 1990 59 60
ta058 123529 17000 2080 665 120836 1847 55 60
ta058 123372 17000 2092 628 121666 1235 42 60
ta059 122234 17000 2169 890 121171 1869 54 60
ta059 122221 17000 2044 827 121215 1880 56 60
ta059 122221 17000 2101 830 121321 1283 43 60
ta059 122221 17000 2059 617 121522 1022 38 60
ta059 122221 17000 2108 704 121304 1346 44 60
ta059 122221 17000 2104 669 121327 512 27 60
ta059 122230 17000 2139 690 121247 1928 55 60
ta059 122221 17000 2136 668 121322 988 37 60
ta059 122221 17000 2212 740 121269 989 36 60
ta059 122221 17000 2084 648 121416 700 31 60
ta060 125129 17000 2075 577 123734 1047 38 60
ta060 125129 17000 2041 542 123739 1801 54 60
ta060 125129 17000 2084 628 123758 2033 58 60
ta060 125129 17000 2069 566 123719 1444 47 60
ta060 125129 17000 2028 538 123739 1370 45 60
ta060 125129 17000 2067 617 123678 1968 58 60
ta060 125129 17000 2090 484 123874 1457 46 60
ta060 125129 17000 2049 442 123695 1672 52 60
ta060 125129 17000 2037 696 123868 1197 42 60
ta060 125129 17000 2043 627 123842 1459 47 60
ta061 253202 9000 4061 1818 252979 51 9 30
ta061 253202 9001 4079 1823 252979 2 9 30
ta061 253202 9000 4037 1762 252979 46 9 30
ta061 253202 9000 4058 1781 252979 665 12 30
ta061 253202 9001 4082 1765 252979 151 9 30
ta061 253202 9001 4054 1770 252979 38 9 30
ta061 253202 9000 4036 1853 252979 179 9 30
ta061 253202 9000 4039 1738 252979 35 9 30
ta061 253202 9000 4063 1868 252979 47 9 30
ta061 253202 9001 4048 1794 252979 847 13 30
ta062 241983 9001 4957 2106 241869 4011 26 30
ta062 241995 9000 4888 2013 241965 94 9 30
ta062 242019 9001 4644 1982 241907 675 11 30
ta062 242049 9000 4569 2073 241971 706 12 30
ta062 242078 9000 4592 2145 241979 846 12 30
ta062 241989 9000 4692 1985 241908 3302 23 30
ta062 241987 9000 4723 1919 241934 214 9 30
ta062 242080 9001 4664 2138 241979 2516 20 30
ta062 241989 9001 4930 2189 241899 970 13 30
ta062 241986 9001 4892 2129 241899 1993 17 30
ta063 237852 9000 4443 2021 237814 0 9 30
ta063 237886 9001 4501 2215 237848 3 9 30
ta063 237886 9000 4462 2215 237812 2752 21 30
ta063 237886 9000 4454 2232 237848 2 9 30
ta063 237886 9001 4502 2179 237848 1 9 30
ta063 237886 9000 4499 2177 237848 0 9 30
ta063 237886 9001 4456 2177 237848 1 9 30
ta063 237886 9001 4519 2294 237848 2 9 30
ta063 237886 9000 4492 2266 237812 3406 24 30
ta063 237886 9001 4431 2099 237848 1 9 30
ta064 227749 9000 4164 2059 227612 2873 23 30
ta064 227656 9000 4179 1986 227509 1118 14 30
ta064 227738 9000 4118 1942 227638 483 11 30
ta064 227663 9000 4183 2000 227466 460 11 30
ta064 227682 9000 4143 1963 227523 2430 21 30
ta064 227662 9001 4132 1875 227508 824 13 30
ta064 227744 9000 4198 2073 227607 2688 22 30
ta064 227649 9001 4224 2092 227454 2645 22 30
ta064 227732 9001 4193 2005 227531 3076 24 30
ta064 227744 9001 4162 2003 227598 1021 14 30
ta065 240777 9000 4422 1809 240509 2225 19 30
ta065 240807 9000 4302 1714 240562 1686 17 30
ta065 240826 9000 4371 1923 240574 1357 15 30
ta065 240826 9000 4371 1926 240683 891 13 30
ta065 240826 9000 4396 1863 240580 1252 15 30
ta065 240800 9001 4312 1920 240473 1119 14 30
ta065 240826 9001 4457 1956 240673 210 10 30
ta065 240826 9000 4281 1858 240616 3152 24 30
ta065 240721 9000 4400 1757 240530 797 12 30
ta065 240826 9001 4428 1937 240623 4105 28 30
ta066 232390 9000 4500 1773 232222 1 9 30
ta066 232399 9000 4613 1997 232202 4423 29 30
ta066 232399 9000 4643 2160 232171 941 13 30
ta066 232391 9001 4550 1919 232209 2984 22 30
ta066 232399 9000 4678 2123 232185 2686 21 30
ta066 232399 9001 4614 2087 232185 3755 26 30
ta066 232399 9001 4630 2083 232171 1561 15 30
ta066 232398 9001 4595 2009 232173 2631 21 30
ta066 232391 9000 4575 1963 232209 3126 23 30
ta066 232390 9000 4553 1753 232224 4 9 30
ta067 240636 9000 4066 1658 240393 3682 28 30
ta067 240669 9000 4108 1689 240505 3165 25 30
ta067 240719 9000 4138 1536 240510 3693 27 30
ta067 240632 9000 4099 1622 240466 424 11 30
ta067 240707 9000 4083 1601 240526 3323 26 30
ta067 240691 9000 4113 1475 240496 2101 19 30
ta067 240706 9000 4125 1606 240574 1174 15 30
ta067 240730 9001 4125 1604 240520 4117 29 30
ta067 240752 9000 4100 1532 240542 2503 21 30
ta067 240580 9000 4065 1675 240415 3774 28 30
ta068 231103 9000 4829 2073 230852 1157 14 30
ta068 231149 9000 4824 2066 230964 0 9 30
ta068 231098 9000 4763 2063 230939 592 11 30
ta068 231075 9000 4980 2181 230885 0 9 30
ta068 231097 9000 4799 2078 230982 9 9 30
ta068 231095 9000 4889 2016 230910 1 9 30
ta068 231154 9001 4805 2049 230969 2 9 30
ta068 231129 9000 4913 1933 230971 4179 26 30
ta068 231076 9001 5024 2135 230835 5008 29 30
ta068 231114 9000 4890 2131 230910 1287 14 30
ta069 248119 9001 5030 1791 247798 3144 22 30
ta069 248109 9000 5020 1750 247807 89 9 30
ta069 248127 9001 4945 1857 247780 2360 19 30
ta069 248118 9000 4994 1940 247745 814 12 30
ta069 248109 9000 5073 1778 247734 4751 28 30
ta069 248137 9000 5025 1919 247833 299 10 30
ta069 248127 9001 4952 2041 247875 347 10 30
ta069 248101 9001 5040 1930 247767 1010 13 30
ta069 248138 9001 4966 1986 247824 1036 13 30
ta069 248138 9000 4963 2001 247832 78 9 30
ta070 243781 9000 4227 1703 243512 3207 24 30
ta070 244035 9001 4220 1808 243793 3185 24 30
ta070 243700 9000 4165 1682 243518 1971 18 30
ta070 243836 9000 4151 1732 243608 1818 18 30
ta070 243881 9000 4210 1638 243583 3480 26 30
ta070 244026 9000 4186 1855 243730 2975 23 30
ta070 244045 9001 4253 1889 243856 2354 20 30
ta070 243961 9000 4177 1628 243766 2 9 30
ta070 243920 9000 4182 1638 243579 4179 29 30
ta070 244050 9001 4249 1785 243906 2 9 30
ta071 300052 17001 2510 1217 299542 2443 58 60
ta071 300108 17001 2514 1170 299606 2327 56 60
ta071 300049 17000 2497 1135 299436 1389 40 60
ta071 300049 17001 2529 1308 299543 2458 58 60
ta071 300054 17001 2513 1240 299449 2424 58 60
ta071 300114 17000 2496 1093 299446 1455 42 60
ta071 300109 17001 2507 1245 299529 1700 46 60
ta071 300049 17001 2506 1331 299532 1973 50 60
ta071 300075 17000 2501 1205 299530 1655 45 60
ta071 300141 17001 2476 1107 299502 602 27 60
ta072 274622 17000 2546 1412 274106 2147 53 60
ta072 274622 17000 2567 1493 274189 1759 46 60
ta072 274622 17001 2552 1437 274066 2206 54 60
ta072 274622 17000 2577 1456 274230 2485 58 60
ta072 274622 17000 2595 1465 274120 2109 51 60
ta072 274622 17000 2570 1464 274258 1356 39 60
ta072 274622 17001 2539 1407 274080 1901 49 60
ta072 274622 17000 2544 1413 274106 1513 42 60
ta072 274622 17000 2607 1439 274261 1553 42 60
ta072 274622 17001 2585 1405 274131 1485 41 60
ta073 289082 17000 2372 1066 288000 2336 59 60
ta073 289077 17001 2510 986 288145 1531 43 60
ta073 289006 17000 2471 1162 288062 2133 54 60
ta073 289006 17001 2366 1042 288071 1946 52 60
ta073 289006 17001 2383 1052 287947 2133 55 60
ta073 289077 17001 2345 1011 288119 1689 48 60
ta073 289006 17000 2437 1135 288056 1857 50 60
ta073 289082 17001 2504 1075 288118 1393 40 60
ta073 289006 17001 2471 1141 288040 1789 48 60
ta073 289084 17000 2446 1070 288054 2134 54 60
ta074 301981 17000 2301 1254 301472 2079 56 60
ta074 301979 17000 2373 1248 301458 79 18 60
ta074 301972 17000 2401 1275 301423 69 18 60
ta074 301949 17002 2274 1248 301439 1645 48 60
ta074 301949 17000 2252 1180 301439 616 28 60
ta074 301972 17001 2466 1390 301430 1201 38 60
ta074 301972 17001 2375 1293 301417 1208 38 60
ta074 301949 17000 2280 1286 301453 787 31 60
ta074 301979 17000 2404 1326 301452 1568 45 60
ta074 301949 17001 2272 1300 301481 1141 38 60
ta075 284222 17000 2519 1304 283715 1592 44 60
ta075 284256 17000 2562 1320 283625 2544 59 60
ta075 284256 17001 2469 1104 283667 1901 50 60
ta075 284222 17000 2506 1178 283753 825 31 60
ta075 284256 17001 2546 1298 283641 1715 46 60
ta075 284256 17001 2542 1353 283689 1223 37 60
ta075 284222 17001 2539 1237 283731 1678 45 60
ta075 284222 17000 2549 1287 283715 2228 54 60
ta075 284256 17001 2510 1283 283435 2182 54 60
ta075 284256 17001 2544 1235 283671 1184 37 60
ta076 271428 17000 2426 1186 270318 1639 46 60
ta076 271422 17000 2446 1184 270337 2423 59 60
ta076 271514 17001 2468 1254 270567 1826 48 60
ta076 271479 17000 2408 1174 270420 2261 57 60
ta076 271574 17001 2448 1159 270356 2307 57 60
ta076 271479 17000 2474 1247 270461 982 34 60
ta076 271553 17000 2473 1141 270418 1398 41 60
ta076 271569 17001 2484 1195 270553 1117 36 60
ta076 271462 17000 2450 1163 270479 1971 51 60
ta076 271446 17000 2483 1271 270292 2242 55 60
ta077 280081 17001 2201 1252 279046 1722 50 60
ta077 279881 17001 2205 1166 279024 1163 39 60
ta077 280020 17001 2168 1119 279205 1740 51 60
ta077 279896 17000 2212 1199 279249 252 21 60
ta077 279881 17000 2196 1192 279129 1969 55 60
ta077 280048 17001 2200 1294 279320 1492 46 60
ta077 280074 17000 2220 1071 279404 1265 41 60
ta077 280141 17001 2221 1183 279255 2002 55 60
ta077 279901 17000 2220 1208 279162 411 24 60
ta077 279944 17001 2228 1194 279069 430 25 60
ta078 291020 17000 2430 941 290511 1743 47 60
ta078 291032 17000 2499 1092 290616 2324 57 60
ta078 290788 17000 2455 1039 290139 2314 57 60
ta078 290954 17000 2484 1019 290457 2465 59 60
ta078 290954 17001 2442 880 290389 560 26 60
ta078 291030 17001 2522 995 290600 2379 57 60
ta078 291020 17001 2549 1051 290481 1748 46 60
ta078 290915 17000 2538 974 290256 1191 37 60
ta078 290954 17001 2479 1098 290526 1890 49 60
ta078 290788 17000 2481 1069 290364 2415 58 60
ta079 303271 17001 2712 914 302433 2559 57 60
ta079 303285 17000 2813 1189 302462 2471 54 60
ta079 303275 17000 2819 1050 302517 1985 47 60
ta079 303334 17001 2769 1141 302520 2676 58 60
ta079 303271 17000 2731 907 302451 1384 38 60
ta079 303306 17000 2824 1025 302401 1788 44 60
ta079 303303 17000 2778 1072 302531 1979 47 60
ta079 303274 17000 2837 1124 302451 1921 46 60
ta079 303275 17000 2826 1063 302573 2626 56 60
ta079 303288 17000 2775 1139 302569 1495 40 60
ta080 291893 17001 2802 1175 291184 1622 41 60
ta080 291825 17001 2816 1250 291225 2690 58 60
ta080 291625 17001 2833 1138 291091 1856 45 60
ta080 291806 17000 2792 1173 291176 477 24 60
ta080 291825 17000 2761 1221 291248 2759 59 60
ta080 291825 17001 2833 1310 291305 2676 57 60
ta080 291849 17000 2844 1259 291331 1243 35 60
ta080 291605 17000 2817 1218 291060 2604 56 60
ta080 291880 17000 2880 1265 291291 1464 38 60
ta080 291825 17001 2812 1252 291290 326 21 60
ta081 367881 33002 1201 370 364590 992 105 120
ta081 367777 33000 1262 531 364500 907 95 120
ta081 367796 33000 1160 552 365288 1150 119 120
ta081 367881 33002 1213 446 364551 1093 111 120
ta081 367881 33001 1186 500 364607 1173 119 120
ta081 367879 33002 1174 476 364629 1167 119 120
ta081 367894 33003 1147 540 364547 954 105 120
ta081 367881 33000 1198 414 364585 1095 112 120
ta081 367777 33000 1201 481 364589 694 83 120
ta081 367777 33002 1147 471 364561 882 99 120
ta082 372023 33000 1356 545 369904 1288 115 120
ta082 372318 33000 1295 558 370268 1017 101 120
ta082 372023 33002 1317 655 370054 1036 100 120
ta082 372281 33001 1297 555 370506 1255 117 120
ta082 372023 33002 1349 519 370341 91 39 120
ta082 372268 33000 1327 653 370220 1016 99 120
ta082 372358 33000 1330 564 370241 1169 109 120
ta082 372023 33000 1316 492 370179 1103 105 120
ta082 372175 33001 1310 542 370146 1028 101 120
ta082 372357 33001 1311 510 370136 1204 112 120
ta083 373547 33000 1463 611 371546 1179 103 120
ta083 373369 33000 1472 596 371369 1323 111 120
ta083 373518 33001 1434 515 370872 1333 114 120
ta083 373921 33003 1432 513 370844 990 93 120
ta083 373565 33000 1463 514 370905 1201 104 120
ta083 373983 33002 1454 564 371731 1238 107 120
ta083 373929 33000 1447 480 371647 1023 94 120
ta083 374049 33000 1472 536 370978 1396 115 120
ta083 373672 33001 1434 541 370060 1326 113 120
ta083 374048 33001 1474 620 370885 1265 108 120
ta084 375995 33001 1266 566 372628 1197 115 120
ta084 375982 33001 1252 486 372472 750 86 120
ta084 375900 33001 1321 609 372375 1293 118 120
ta084 375879 33002 1225 510 372889 703 83 120
ta084 376017 33002 1209 524 372793 1200 119 120
ta084 376017 33002 1195 469 372888 972 103 120
ta084 375879 33001 1226 582 372865 542 70 120
ta084 376008 33001 1200 494 372907 646 80 120
ta084 375879 33002 1292 468 373948 1192 113 120
ta084 375996 33002 1194 484 372766 1032 108 120
ta085 369907 33001 1271 499 366502 1221 116 120
ta085 369723 33000 1242 548 366528 1234 119 120
ta085 369927 33002 1275 419 365879 1172 113 120
ta085 370059 33002 1190 459 366283 1085 112 120
ta085 370043 33001 1225 467 366609 1114 112 120
ta085 369624 33001 1242 476 366462 1131 112 120
ta085 369849 33000 1285 466 365995 762 82 120
ta085 369825 33000 1315 506 366785 493 65 120
ta085 369920 33001 1132 388 366388 1103 117 120
ta085 369764 33000 1218 482 365870 1144 115 120
ta086 375202 33000 1211 455 370993 940 100 120
ta086 375522 33001 1176 479 370928 1084 113 120
ta086 374671 33000 1284 476 370715 984 99 120
ta086 375038 33000 1285 392 371679 1177 112 120
ta086 375334 33001 1224 472 371254 1208 118 120
ta086 374838 33000 1151 410 370617 1001 108 120
ta086 375127 33000 1135 447 372341 1114 118 120
ta086 375228 33002 1319 383 371503 1298 118 120
ta086 375402 33002 1285 423 371288 1233 116 120
ta086 375140 33002 1393 438 371064 1379 119 120
ta087 374948 33000 1347 566 371200 986 96 120
ta087 374948 33000 1322 522 370815 1226 113 120
ta087 374906 33000 1350 564 370637 447 61 120
ta087 374937 33002 1310 512 370520 1309 120 120
ta087 374937 33001 1377 569 370443 1026 98 120
ta087 375001 33000 1361 538 371215 1333 118 120
ta087 374845 33001 1361 538 370204 1307 116 120
ta087 375091 33002 1300 511 371204 1275 118 120
ta087 375054 33000 1270 499 370874 827 89 120
ta087 374909 33001 1370 516 370389 822 85 120
ta088 386459 33002 1264 557 383631 952 98 120
ta088 386470 33002 1200 396 383180 1168 117 120
ta088 386620 33000 1124 445 383780 936 105 120
ta088 386459 33001 1183 486 383104 1176 119 120
ta088 386351 33002 1189 542 383367 1178 119 120
ta088 386471 33002 1255 457 383558 1120 110 120
ta088 386471 33002 1269 485 383149 1150 111 120
ta088 386471 33002 1205 456 383398 1164 117 120
ta088 386620 33002 1204 530 383665 905 98 120
ta088 386459 33000 1233 452 383278 1215 118 120
ta089 376874 33002 1107 385 373093 1098 119 120
ta089 376874 33000 1090 508 372945 1032 115 120
ta089 376874 33001 1082 385 373076 895 105 120
ta089 376874 33001 1143 441 372679 607 79 120
ta089 376614 33001 1134 435 372235 1062 114 120
ta089 376874 33000 1093 418 372871 746 92 120
ta089 376866 33002 1156 498 373074 1100 115 120
ta089 376874 33000 1090 437 373001 1088 119 120
ta089 376874 33000 1102 428 372979 718 89 120
ta089 376874 33003 1104 439 373329 924 105 120
ta090 380451 33000 1178 486 377699 1163 118 120
ta090 380347 33002 1165 491 377663 950 104 120
ta090 380347 33001 1132 467 378087 944 105 120
ta090 380415 33001 1140 558 378287 1098 116 120
ta090 379962 33003 1192 514 376963 1118 114 120
ta090 380500 33000 1107 423 377534 951 107 120
ta090 380483 33001 1084 416 377826 1030 115 120
ta090 380466 33001 1140 385 377600 445 67 120
ta090 380269 33001 1167 434 377559 1058 111 120
ta090 380487 33001 1114 402 377023 1111 119 120
ta091 1042592 33002 1162 585 1041238 678 83 120
ta091 1042408 33001 1206 700 1041047 962 102 120
ta091 1042591 33000 1174 717 1041197 770 90 120
ta091 1042409 33002 1149 545 1040969 564 75 120
ta091 1042425 33011 1195 722 1040965 819 92 120
ta091 1042602 33005 1150 555 1041167 709 86 120
ta091 1042622 33010 1177 658 1041172 1162 119 120
ta091 1042529 33001 1166 621 1041100 715 86 120
ta091 1042610 33008 1160 652 1041262 1133 118 120
ta091 1042588 33005 1163 664 1041320 714 86 120
ta092 1028879 33002 1364 861 1027912 1144 106 120
ta092 1028879 33008 1356 884 1027941 893 90 120
ta092 1028879 33005 1358 886 1027879 852 87 120
ta092 1028879 33002 1355 872 1027941 645 74 120
ta092 1028879 33004 1384 895 1027955 430 60 120
ta092 1028880 33004 1415 957 1027946 1056 97 120
ta092 1028880 33008 1358 880 1027941 755 81 120
ta092 1028879 33009 1361 882 1027886 1174 108 120
ta092 1028879 33005 1368 932 1027939 398 58 120
ta092 1028879 33007 1368 895 1027941 640 73 120
ta093 1044043 33005 1235 634 1042917 257 51 120
ta093 1043558 33000 1234 634 1042402 492 67 120
ta093 1043956 33007 1250 683 1042657 1246 119 120
ta093 1043632 33009 1257 718 1042597 780 87 120
ta093 1043720 33001 1237 720 1042546 1219 118 120
ta093 1043985 33003 1244 666 1042895 1079 108 120
ta093 1043653 33004 1254 684 1042562 731 83 120
ta093 1043768 33006 1227 698 1042604 982 102 120
ta093 1043667 33007 1242 659 1042494 499 68 120
ta093 1044130 33002 1250 706 1043031 994 102 120
ta094 1024448 33005 1683 889 1023136 1615 116 120
ta094 1023017 33000 1787 911 1022028 1117 87 120
ta094 1024039 33001 1749 991 1022739 612 63 120
ta094 1023653 33001 1726 918 1022732 1142 90 120
ta094 1023537 33002 1786 883 1022269 1773 119 120
ta094 1024021 33003 1761 981 1022840 883 76 120
ta094 1023272 33001 1792 907 1022069 1356 98 120
ta094 1024009 33003 1738 834 1023080 496 57 120
ta094 1023880 33004 1710 959 1022869 93 38 120
ta094 1023729 33011 1711 885 1022559 1581 113 120
ta095 1029325 33003 1204 743 1027762 459 66 120
ta095 1029264 33009 1204 738 1027744 1169 117 120
ta095 1029278 33001 1226 760 1027862 811 90 120
ta095 1029098 33009 1241 779 1027611 1188 116 120
ta095 1029259 33002 1227 756 1027590 971 101 120
ta095 1029125 33006 1216 658 1027362 559 73 120
ta095 1029134 33006 1222 665 1027566 462 66 120
ta095 1029098 33006 1244 783 1027629 1091 109 120
ta095 1029154 33004 1234 714 1027614 882 95 120
ta095 1029298 33005 1218 770 1027687 1177 117 120
ta096 999391 33005 1386 887 998112 610 71 120
ta096 999529 33010 1242 838 998150 957 99 120
ta096 999510 33005 1250 824 998058 1076 108 120
ta096 999537 33005 1263 867 998053 650 77 120
ta096 999530 33000 1373 937 998069 862 87 120
ta096 999619 33009 1241 853 998111 1211 117 120
ta096 999435 33008 1300 919 998231 732 82 120
ta096 999571 33006 1256 874 998232 818 90 120
ta096 999522 33009 1441 984 998282 1087 98 120
ta096 999586 33000 1428 1004 998185 1418 119 120
ta097 1042617 33000 1666 1039 1041304 1125 92 120
ta097 1042574 33006 1685 1065 1041279 1144 92 120
ta097 1042583 33010 1670 1071 1041240 1636 118 120
ta097 1042580 33001 1670 1031 1041196 409 54 120
ta097 1042590 33005 1691 1044 1041271 1530 111 120
ta097 1042583 33005 1659 1005 1041247 1282 100 120
ta097 1042570 33008 1645 997 1041300 863 78 120
ta097 1042580 33010 1671 1057 1041300 1589 115 120
ta097 1042594 33007 1667 1033 1041270 1346 103 120
ta097 1042583 33004 1688 1044 1041336 1608 116 120
ta098 1035915 33008 1243 772 1034442 1001 102 120
ta098 1035915 33012 1258 802 1034138 1041 106 120
ta098 1035915 33010 1244 802 1034442 841 91 120
ta098 1035915 33002 1381 912 1034444 1152 106 120
ta098 1035915 33009 1259 801 1034261 1119 110 120
ta098 1035915 33006 1267 798 1034292 1094 108 120
ta098 1035915 33009 1285 804 1034466 402 58 120
ta098 1035915 33004 1364 856 1034524 765 81 120
ta098 1035915 33001 1256 795 1034261 465 63 120
ta098 1035915 33001 1269 774 1034226 906 94 120
ta099 1015610 33006 1296 922 1014694 875 91 120
ta099 1015628 33003 1306 917 1014794 848 89 120
ta099 1015692 33006 1304 953 1014638 383 58 120
ta099 1015610 33008 1309 927 1014790 502 66 120
ta099 1015610 33009 1300 883 1014656 1068 104 120
ta099 1015655 33008 1292 918 1014677 934 96 120
ta099 1015620 33010 1308 890 1014817 807 86 120
ta099 1015505 33010 1320 928 1014633 1298 118 120
ta099 1015592 33009 1328 918 1014693 807 85 120
ta099 1015610 33009 1298 916 1014778 1199 113 120
ta100 1021660 33007 1588 911 1020549 782 75 120
ta100 1021698 33004 1578 873 1020568 1572 119 120
ta100 1021655 33008 1587 842 1020401 1315 105 120
ta100 1021702 33011 1484 804 1020554 1395 114 120
ta100 1021633 33005 1618 938 1020539 1448 110 120
ta100 1021699 33001 1511 865 1020660 98 38 120
ta100 1021703 33000 1620 885 1020565 925 83 120
ta100 1021659 33005 1613 959 1020567 1237 99 120
ta100 1021633 33001 1612 929 1020546 611 66 120
ta100 1021659 33003 1603 889 1020555 1570 118 120
ta101 1226145 65000 910 404 1220894 844 227 240
ta101 1225888 65011 825 344 1219023 787 232 240
ta101 1226921 65008 893 380 1222319 776 217 240
ta101 1227408 65009 863 326 1221492 789 225 240
ta101 1227327 65008 910 369 1222542 908 239 240
ta101 1226793 65009 911 407 1222615 868 232 240
ta101 1226891 65008 891 341 1220961 768 216 240
ta101 1227187 65011 851 362 1221257 841 238 240
ta101 1226341 65012 883 406 1220123 875 238 240
ta101 1225631 65013 833 346 1218699 616 195 240
ta102 1233879 65010 602 317 1228732 518 216 240
ta102 1233939 65005 587 324 1228364 585 239 240
ta102 1233298 65010 616 323 1227467 463 195 240
ta102 1233879 65007 591 331 1228662 585 238 240
ta102 1233885 65008 597 298 1228101 540 223 240
ta102 1233282 65002 606 372 1227988 522 217 240
ta102 1233671 65000 603 341 1228400 562 228 240
ta102 1233567 65007 648 332 1227649 573 219 240
ta102 1233729 65009 590 285 1228602 534 223 240
ta102 1233978 65002 597 330 1228602 566 231 240
ta103 1254806 65003 747 385 1249204 726 235 240
ta103 1255143 65004 746 381 1250075 695 228 240
ta103 1255184 65005 761 353 1249189 711 229 240
ta103 1254870 65001 762 361 1249654 746 236 240
ta103 1255035 65014 758 331 1249081 614 207 240
ta103 1255392 65002 747 355 1249986 686 225 240
ta103 1255365 65005 765 339 1250015 657 215 240
ta103 1254886 65010 758 366 1250216 643 214 240
ta103 1255341 65001 747 319 1249924 552 194 240
ta103 1254920 65011 762 372 1249786 754 238 240
ta104 1227422 65003 629 368 1222914 622 238 240
ta104 1227492 65006 615 370 1222891 613 239 240
ta104 1227613 65010 659 380 1222909 613 228 240
ta104 1227607 65007 615 345 1222648 594 234 240
ta104 1227677 65003 619 383 1223159 607 237 240
ta104 1227727 65002 608 372 1223750 558 226 240
ta104 1227622 65002 660 414 1222338 638 234 240
ta104 1227613 65014 619 332 1222959 577 228 240
ta104 1227422 65002 629 416 1223074 602 232 240
ta104 1227537 65011 632 379 1223277 493 202 240
ta105 1216759 65012 783 368 1211209 776 238 240
ta105 1216977 65009 788 367 1211080 780 238 240
ta105 1216298 65001 844 384 1210213 688 207 240
ta105 1216505 65010 822 368 1209643 811 238 240
ta105 1217026 65009 833 357 1210357 831 239 240
ta105 1216736 65012 785 397 1211328 781 239 240
ta105 1216623 65001 809 386 1209592 806 239 240
ta105 1216265 65008 805 307 1210065 659 208 240
ta105 1216892 65002 815 396 1211391 810 239 240
ta105 1216756 65007 826 378 1210734 812 237 240
ta106 1219928 65012 685 333 1214965 676 238 240
ta106 1219952 65003 748 353 1215193 648 217 240
ta106 1219901 65004 729 353 1215178 579 205 240
ta106 1219824 65012 752 360 1214839 508 183 240
ta106 1219928 65001 753 334 1214441 735 236 240
ta106 1219883 65007 754 357 1215099 720 232 240
ta106 1219901 65011 748 337 1214540 666 221 240
ta106 1219871 65016 716 356 1215516 695 235 240
ta106 1219960 65004 738 307 1214851 421 166 240
ta106 1219901 65010 734 301 1214955 595 207 240
ta107 1237358 65014 640 329 1232152 621 235 240
ta107 1237358 65002 673 319 1232465 499 195 240
ta107 1237358 65007 651 328 1233167 513 203 240
ta107 1237358 65015 666 336 1232595 651 236 240
ta107 1237358 65004 673 337 1232548 562 211 240
ta107 1237358 65009 671 331 1232377 663 238 240
ta107 1237358 65009 650 334 1231817 636 236 240
ta107 1237358 65009 674 344 1232503 577 215 240
ta107 1237358 65015 670 317 1232556 637 231 240
ta107 1237358 65006 681 359 1232438 625 226 240
ta108 1233819 65008 701 258 1229123 584 210 240
ta108 1233955 65007 721 331 1229680 715 238 240
ta108 1234340 65001 702 329 1228939 656 229 240
ta108 1233680 65011 752 381 1229040 750 239 240
ta108 1233704 65004 732 338 1228703 697 231 240
ta108 1234186 65002 744 324 1228708 560 197 240
ta108 1233770 65014 727 333 1228764 725 239 240
ta108 1233928 65006 746 365 1229323 628 213 240
ta108 1233768 65010 672 319 1228753 646 233 240
ta108 1233828 65005 739 342 1228282 695 230 240
ta109 1222659 65015 667 344 1215859 633 231 240
ta109 1222659 65016 667 341 1214984 656 237 240
ta109 1222659 65004 652 318 1215598 632 234 240
ta109 1222659 65002 681 339 1215530 598 219 240
ta109 1222659 65006 691 333 1216134 640 227 240
ta109 1222659 65001 686 318 1215558 462 183 240
ta109 1222659 65007 672 333 1215430 658 236 240
ta109 1222659 65003 664 316 1215341 605 225 240
ta109 1222659 65010 680 331 1215287 664 236 240
ta109 1222659 65008 676 324 1215395 639 231 240
ta110 1235421 65008 632 355 1231311 624 238 240
ta110 1235382 65004 614 312 1231419 596 235 240
ta110 1235369 65004 641 313 1230628 579 223 240
ta110 1235379 65009 629 369 1230968 556 221 240
ta110 1235369 65008 649 345 1230948 636 237 240
ta110 1235440 65001 627 334 1230261 616 237 240
ta110 1235379 65005 626 312 1231007 606 234 240
ta110 1235382 65002 646 341 1230917 489 197 240
ta110 1235379 65003 621 317 1231376 506 208 240
ta110 1235369 65004 626 306 1230809 611 236 240
ta111 6562803 162000 255 204 6555260 244 582 600
ta111 6562803 162046 250 200 6555617 129 394 600
ta111 6562803 162178 254 216 6555689 206 523 600
ta111 6562803 162089 253 208 6555100 227 558 600
ta111 6562803 162011 254 210 6555788 187 489 600
ta111 6562803 162021 249 179 6555473 239 583 600
ta111 6562803 162166 255 222 6555491 225 552 600
ta111 6562803 162082 253 208 6555330 237 575 600
ta111 6562803 162155 249 194 6555415 179 483 600
ta111 6562803 162168 254 206 6555394 237 575 601
ta112 6678001 162201 314 209 6670028 307 592 600
ta112 6678846 162031 311 213 6670696 296 580 600
ta112 6678729 162038 315 225 6668558 305 588 600
ta112 6678211 162084 296 217 6670181 283 581 600
ta112 6678246 162069 311 202 6669907 298 584 600
ta112 6678084 162110 279 195 6669306 264 578 600
ta112 6678299 162173 307 211 6669804 297 589 600
ta112 6678270 162109 310 208 6669547 280 560 600
ta112 6678406 162158 284 198 6670219 268 577 600
ta112 6678804 162105 310 219 6670683 285 568 600
ta113 6632765 162078 250 169 6625509 240 583 600
ta113 6632778 162221 248 179 6625156 240 588 600
ta113 6632778 162103 246 179 6625343 240 591 600
ta113 6632778 162013 247 177 6625681 203 526 600
ta113 6632778 162208 248 184 6625422 231 572 600
ta113 6632778 162149 250 191 6625041 190 501 601
ta113 6632778 162056 252 178 6624519 237 577 600
ta113 6632778 162105 254 179 6625604 250 596 601
ta113 6632778 162192 246 169 6625706 208 535 600
ta113 6632778 162082 252 182 6625320 249 597 600
ta114 6633979 162132 254 200 6623451 252 598 600
ta114 6634100 162210 253 180 6624536 239 578 600
ta114 6634167 162140 249 183 6623838 242 590 600
ta114 6634073 162172 252 190 6622905 249 597 600
ta114 6633990 162121 252 196 6622679 251 601 601
ta114 6633771 162125 253 194 6622983 248 594 600
ta114 6634073 162055 251 190 6623481 242 587 601
ta114 6633945 162212 251 194 6624269 240 584 600
ta114 6634073 162001 249 191 6623155 238 583 600
ta114 6634041 162193 252 188 6623215 250 599 600
ta115 6611413 162078 280 184 6598439 251 559 600
ta115 6612526 162034 276 189 6600312 266 586 600
ta115 6610640 162203 255 185 6598974 208 521 600
ta115 6612299 162182 261 158 6599220 243 573 600
ta115 6611468 162210 299 205 6599635 250 534 600
ta115 6611410 162030 263 179 6599993 244 572 600
ta115 6610553 162118 261 201 6598485 258 598 601
ta115 6612033 162141 281 185 6599959 236 533 600
ta115 6611047 162083 287 199 6598312 285 598 600
ta115 6610989 162068 293 204 6599181 220 496 600
ta116 6606185 162057 306 246 6599705 231 497 600
ta116 6606107 162068 315 241 6599872 275 546 600
ta116 6606116 162137 292 234 6599216 255 547 600
ta116 6606274 162113 304 239 6599756 255 534 600
ta116 6606107 162200 296 231 6600111 294 598 600
ta116 6606189 162049 303 254 6599136 295 591 600
ta116 6606114 162156 304 236 6599316 302 599 600
ta116 6606107 162151 312 247 6599297 279 558 600
ta116 6606189 162110 316 243 6599011 293 570 600
ta116 6606116 162131 291 229 6598904 265 565 600
ta117 6576737 162102 244 185 6565872 220 559 600
ta117 6576737 162070 248 184 6566170 201 520 600
ta117 6576737 162138 247 184 6565514 229 571 600
ta117 6576737 162050 244 182 6566638 230 577 600
ta117 6576737 162132 244 175 6565898 242 599 600
ta117 6576737 162189 245 170 6565432 231 578 600
ta117 6576737 162148 245 184 6565876 241 596 601
ta117 6576737 162212 245 174 6566135 233 583 600
ta117 6576737 162018 241 161 6565643 202 533 600
ta117 6576737 162028 246 179 6566110 231 575 600
ta118 6629280 162069 269 203 6620187 260 587 600
ta118 6629275 162039 271 182 6619968 228 532 600
ta118 6629449 162174 267 193 6619657 258 588 600
ta118 6629449 162012 270 176 6619636 257 581 600
ta118 6629449 162093 268 184 6620162 266 599 600
ta118 6629449 162177 270 198 6620381 235 543 600
ta118 6629420 162039 273 193 6620243 190 474 600
ta118 6629282 162185 275 200 6619357 273 599 600
ta118 6629449 162068 270 189 6620089 226 532 600
ta118 6629423 162064 269 189 6619616 260 588 600
ta119 6569309 162126 244 180 6561004 240 595 600
ta119 6569309 162128 248 184 6560647 247 600 600
ta119 6569309 162183 250 190 6561154 206 528 600
ta119 6569309 162140 247 189 6561338 236 583 600
ta119 6569309 162206 248 180 6561018 235 579 600
ta119 6569309 162111 248 186 6561134 203 523 600
ta119 6569309 162050 247 185 6561144 213 543 600
ta119 6569309 162163 251 183 6561037 243 590 601
ta119 6569309 162192 243 190 6561284 232 583 600
ta119 6569309 162074 247 178 6561276 196 514 600
ta120 6617706 162086 273 213 6608058 262 585 600
ta120 6617956 162066 268 205 6607649 263 593 600
ta120 6616961 162089 261 197 6607722 161 438 600
ta120 6617654 162206 266 204 6607311 255 583 600
ta120 6617936 162074 272 205 6607959 270 599 600
ta120 6617485 162049 263 211 6606676 261 598 600
ta120 6617022 162119 280 214 6607248 242 545 600
ta120 6617462 162195 265 198 6608432 261 595 600
ta120 6617282 162219 272 202 6607405 244 558 600
ta120 6617784 162158 268 191 6607851 253 579 601
