# Hostname: ocasrv. Config used: --obj f --timefactor 60 --verbose --verbose_np --npf 0.78 --dv01 3 --dv04 3 --dv07 1 --dv08 1 --dv09 3 --dv11 2 --dv12 1 --dv15 1 --dv16 0 --dv18 2 --iga --np --dc 7 --rrtd 60 --dc_np 5 --n_ls_np 10000 --rrtd_np 40
ta001 14033 2000 11614 3432 13990 831 2 6
ta001 14033 2000 11462 3336 14002 73 2 6
ta001 14033 2000 11259 4212 13962 4058 3 6
ta001 14033 2000 11469 3995 13962 6334 4 6
ta001 14033 2000 11376 4106 13962 3885 3 6
ta001 14033 2000 11319 3599 13962 5530 3 6
ta001 14033 2000 11417 4643 13962 248 2 6
ta001 14033 2000 11370 3336 13990 8184 4 6
ta001 14033 2000 11407 4466 13962 1760 2 6
ta001 14033 2000 11380 3453 13962 10310 5 6
ta002 15151 2000 12220 2551 15078 9697 5 6
ta002 15151 2000 12665 3109 15093 2461 2 6
ta002 15151 2000 12460 2531 15140 5429 3 6
ta002 15151 2000 12508 2907 15078 11121 5 6
ta002 15151 2000 12715 3000 15151 0 2 6
ta002 15151 2000 12284 2813 15084 6610 4 6
ta002 15151 2000 12466 2711 15098 12371 5 6
ta002 15151 2000 12253 2545 15068 6760 4 6
ta002 15151 2000 12307 2747 15091 3522 3 6
ta002 15151 2000 12376 2674 15084 5401 3 6
ta003 13301 2000 10190 2875 12956 2892 3 6
ta003 13301 2000 10426 3137 12956 1287 2 6
ta003 13301 2000 10382 3182 12956 1985 2 6
ta003 13301 2000 10455 3210 12956 40 2 6
ta003 13301 2000 10322 3027 12956 1619 2 6
ta003 13301 2000 10417 3026 12956 2311 2 6
ta003 13301 2000 10465 3136 12956 2612 3 6
ta003 13301 2000 10327 2994 12956 1050 2 6
ta003 13301 2000 10408 3050 12956 2359 2 6
ta003 13301 2000 10331 2708 12956 4353 3 6
ta004 15447 2000 11542 4077 15391 465 2 6
ta004 15447 2000 11523 3987 15391 1334 2 6
ta004 15447 2000 11536 4208 15391 2917 3 6
ta004 15447 2000 11536 4097 15391 2535 2 6
ta004 15447 2000 11367 4306 15391 3639 3 6
ta004 15447 2000 11557 4451 15391 5715 3 6
ta004 15447 2000 11500 4338 15391 375 2 6
ta004 15447 2000 11436 4239 15391 307 2 6
ta004 15447 2000 11524 3996 15391 971 2 6
ta004 15447 2000 11586 4362 15391 1095 2 6
ta005 13529 2000 11418 6286 13472 339 2 6
ta005 13529 2000 11566 6309 13472 102 2 6
ta005 13529 2000 11652 5988 13472 59 2 6
ta005 13529 2000 11382 6157 13472 783 2 6
ta005 13529 2000 11624 6335 13472 38 2 6
ta005 13529 2000 11520 6236 13472 257 2 6
ta005 13529 2000 11559 6225 13472 29 2 6
ta005 13529 2000 11599 6374 13472 151 2 6
ta005 13529 2000 11682 6084 13472 175 2 6
ta005 13529 2000 11555 5963 13472 7 2 6
ta006 13123 2000 11354 3864 13058 9866 5 6
ta006 13123 2000 11203 3841 13058 5995 4 6
ta006 13123 2000 11451 3748 13058 5535 3 6
ta006 13123 2000 11390 3782 13058 9206 5 6
ta006 13123 2000 11190 3589 13058 5522 3 6
ta006 13123 2000 11473 3996 13058 6916 4 6
ta006 13123 2000 11138 3657 13058 672 2 6
ta006 13123 2000 11430 3866 13058 3311 3 6
ta006 13123 2000 11335 3816 13058 2450 2 6
ta006 13123 2000 11456 3735 13058 2302 2 6
ta007 13548 2000 12091 3504 13479 165 2 6
ta007 13548 2000 12169 3615 13479 52 2 6
ta007 13557 2000 12003 3706 13495 1010 2 6
ta007 13548 2000 12128 3716 13479 61 2 6
ta007 13548 2000 11990 3488 13479 6 2 6
ta007 13548 2000 11957 3446 13479 261 2 6
ta007 13548 2000 12084 3549 13479 125 2 6
ta007 13548 2000 12134 3609 13479 70 2 6
ta007 13557 2000 11917 3757 13495 115 2 6
ta007 13557 2000 11896 3768 13495 151 2 6
ta008 13948 2000 11072 4617 13882 69 2 6
ta008 13948 2000 11201 4883 13882 116 2 6
ta008 13948 2000 11170 4634 13882 85 2 6
ta008 13948 2000 11185 4958 13882 423 2 6
ta008 13948 2000 11204 4887 13882 965 2 6
ta008 13948 2000 10770 4607 13882 614 2 6
ta008 13948 2000 11090 4902 13882 477 2 6
ta008 13948 2000 11150 4730 13882 148 2 6
ta008 13948 2000 11123 4793 13882 655 2 6
ta008 13948 2000 11081 4683 13882 125 2 6
ta009 14295 2000 11510 3982 14047 1938 2 6
ta009 14295 2000 11461 4052 14047 155 2 6
ta009 14295 2000 11552 4112 14047 435 2 6
ta009 14295 2000 11564 4159 14047 175 2 6
ta009 14295 2000 11327 4039 14047 3049 3 6
ta009 14295 2000 11393 3922 14047 2173 2 6
ta009 14295 2000 11364 4087 14047 486 2 6
ta009 14295 2000 11431 4043 14047 283 2 6
ta009 14295 2000 11499 4047 14047 315 2 6
ta009 14295 2000 11477 4039 14047 650 2 6
ta010 12943 2000 10867 3549 12904 252 2 6
ta010 12943 2000 10532 3546 12907 9665 5 6
ta010 12943 2000 10932 3568 12904 386 2 6
ta010 12943 2000 10939 3786 12904 108 2 6
ta010 12943 2000 10914 3667 12904 0 2 6
ta010 12943 2000 10886 3630 12904 189 2 6
ta010 12943 2000 10910 3634 12904 307 2 6
ta010 12943 2000 10973 3639 12904 214 2 6
ta010 12943 2000 10971 3759 12904 821 2 6
ta010 12943 2000 10856 3714 12904 1306 2 6
ta011 20911 3000 7527 2105 20585 7116 11 12
ta011 20911 3000 7165 1972 20577 2096 5 12
ta011 20911 3000 7039 1578 20577 195 3 12
ta011 20911 3000 7016 2187 20616 2261 5 12
ta011 20911 3000 7335 2169 20609 5468 9 12
ta011 20911 3000 7310 1665 20577 930 4 12
ta011 20911 3000 7549 2868 20496 461 3 12
ta011 20911 3000 7280 2005 20577 6728 11 12
ta011 20911 3000 7490 2069 20626 753 3 12
ta011 20911 3000 7158 2041 20542 1433 4 12
ta012 22440 3000 7152 2471 22316 5014 9 12
ta012 22440 3000 6922 3461 22368 507 3 12
ta012 22440 3000 6893 3485 22368 112 3 12
ta012 22440 3000 6767 3094 22368 2791 6 12
ta012 22440 3000 6976 3527 22368 101 3 12
ta012 22440 3000 6949 3564 22368 28 3 12
ta012 22440 3000 6703 2100 22368 3005 7 12
ta012 22440 3000 6868 3490 22368 167 3 12
ta012 22440 3000 6757 2281 22366 1390 4 12
ta012 22440 3000 6929 2394 22368 3042 6 12
ta013 19833 3000 7482 2959 19493 107 3 12
ta013 19833 3000 7498 2900 19493 335 3 12
ta013 19833 3000 7468 2837 19493 586 3 12
ta013 19833 3000 7480 2937 19493 360 3 12
ta013 19833 3000 7478 2909 19493 914 4 12
ta013 19833 3000 7490 2902 19493 351 3 12
ta013 19833 3000 7463 3000 19493 177 3 12
ta013 19833 3000 7479 2895 19493 23 3 12
ta013 19833 3000 7491 2921 19493 22 3 12
ta013 19833 3000 7382 2781 19493 48 3 12
ta014 18710 3000 6727 1861 18373 686 3 12
ta014 18710 3000 6606 1833 18373 1277 4 12
ta014 18710 3000 6966 1837 18348 5109 9 12
ta014 18710 3000 6739 1799 18349 5014 9 12
ta014 18710 3000 6751 2331 18388 759 4 12
ta014 18710 3000 6581 1898 18349 3429 7 12
ta014 18710 3000 6637 768 18284 24 3 12
ta014 18710 3000 6867 1840 18348 3874 8 12
ta014 18710 3000 6717 1844 18373 367 3 12
ta014 18710 3000 6697 1853 18373 742 3 12
ta015 18641 3000 6693 2293 18206 5265 10 12
ta015 18641 3000 6576 1194 18231 4031 8 12
ta015 18641 3000 6634 2348 18255 558 3 12
ta015 18641 3000 6844 2333 18240 485 3 12
ta015 18641 3000 6861 2229 18212 3560 7 12
ta015 18641 3000 6476 1238 18231 3099 7 12
ta015 18641 3000 6827 735 18225 959 4 12
ta015 18641 3000 7005 2480 18212 5988 10 12
ta015 18641 3000 6951 2480 18240 156 3 12
ta015 18641 3000 6897 2260 18207 1364 4 12
ta016 19245 3000 6422 2268 18625 771 4 12
ta016 19249 3000 6707 2508 18651 3024 7 12
ta016 19245 3000 6419 2435 18581 565 3 12
ta016 19245 3000 6365 2360 18581 426 3 12
ta016 19245 3000 6353 2091 18625 172 3 12
ta016 19249 3000 6784 2377 18576 1069 4 12
ta016 19245 3000 6848 2603 18576 1057 4 12
ta016 19245 3000 6800 2296 18649 582 3 12
ta016 19245 3000 6632 2605 18593 1833 5 12
ta016 19245 3000 6440 2233 18649 1097 4 12
ta017 18363 3000 8038 3488 18073 138 3 12
ta017 18363 3000 7936 2352 18042 592 3 12
ta017 18363 3000 7916 3488 18073 176 3 12
ta017 18363 3000 7986 3366 18073 35 3 12
ta017 18363 3000 7742 3398 18073 22 3 12
ta017 18363 3000 8030 3351 18073 66 3 12
ta017 18363 3000 8056 3426 18073 220 3 12
ta017 18363 3000 8057 3482 18073 35 3 12
ta017 18363 3000 8050 3414 18073 613 3 12
ta017 18363 3000 7999 3581 18073 48 3 12
ta018 20241 3000 6720 2336 19967 507 3 12
ta018 20241 3000 6669 2048 19873 4658 9 12
ta018 20241 3000 6635 1873 19888 3524 7 12
ta018 20241 3000 6729 1726 19888 3643 7 12
ta018 20241 3000 7027 1846 19836 1472 4 12
ta018 20241 3000 6976 2124 19901 3489 7 12
ta018 20241 3000 6440 1980 19960 113 3 12
ta018 20241 3000 6595 1564 19837 797 4 12
ta018 20241 3000 6829 1738 19854 4520 8 12
ta018 20241 3000 6788 1730 19837 2884 6 12
ta019 20330 3000 8187 3165 20106 445 3 12
ta019 20330 3000 8103 3113 20106 38 3 12
ta019 20330 3000 8190 3183 20106 216 3 12
ta019 20330 3000 8076 3035 20106 18 3 12
ta019 20330 3000 8153 3211 20106 8 3 12
ta019 20330 3000 8089 3126 20106 32 3 12
ta019 20330 3000 8184 3209 20106 5 3 12
ta019 20330 3000 8142 3184 20106 132 3 12
ta019 20330 3000 8075 3161 20106 27 3 12
ta019 20330 3000 8056 3082 20106 37 3 12
ta020 21320 3000 7125 2796 20955 1523 4 12
ta020 21320 3000 7140 3346 20872 259 3 12
ta020 21320 3000 7121 3184 20872 2648 6 12
ta020 21320 3000 7128 3325 20872 160 3 12
ta020 21320 3000 7095 2669 20955 5039 9 12
ta020 21320 3000 7086 3279 20872 117 3 12
ta020 21320 3000 7136 3236 20872 4053 8 12
ta020 21320 3000 7148 3334 20872 354 3 12
ta020 21320 3000 7103 3343 20872 992 4 12
ta020 21320 3000 7190 3436 20872 52 3 12
ta021 33623 6000 4083 1266 33150 2669 17 24
ta021 33623 6000 4192 1256 33338 252 7 24
ta021 33623 6000 4035 983 33150 1705 13 24
ta021 33623 6000 3888 835 33150 2042 15 24
ta021 33623 6000 4106 1059 33150 2666 17 24
ta021 33623 6000 4070 998 33150 333 7 24
ta021 33623 6000 3933 905 33150 698 9 24
ta021 33623 6000 3848 1053 33278 2220 16 24
ta021 33623 6000 4045 1259 33150 3578 21 24
ta021 33623 6000 4020 891 33150 709 9 24
ta022 31587 6000 3347 489 30893 852 10 24
ta022 31587 6000 3560 496 30816 400 8 24
ta022 31587 6000 3585 506 30736 1760 14 24
ta022 31587 6000 3350 273 30713 572 8 24
ta022 31587 6000 3396 402 30808 1717 15 24
ta022 31587 6000 3422 355 30796 512 8 24
ta022 31587 6000 3384 646 30683 602 9 24
ta022 31587 6000 3596 984 30893 2550 18 24
ta022 31587 6000 3435 674 30609 545 8 24
ta022 31587 6000 3433 548 30653 2841 20 24
ta023 33920 6000 3874 899 32969 3288 21 24
ta023 33920 6000 3808 961 32952 382 7 24
ta023 33920 6000 3782 876 32969 853 10 24
ta023 33920 6000 4153 942 33174 647 8 24
ta023 33920 6000 3985 1134 32954 3421 21 24
ta023 33920 6000 3904 1132 33037 1324 12 24
ta023 33920 6000 3879 864 32916 1598 13 24
ta023 33920 6000 3725 734 33036 3602 23 24
ta023 33920 6000 3764 893 32945 926 10 24
ta023 33920 6000 3708 594 33051 2092 16 24
ta024 31661 6000 3719 1022 30854 529 8 24
ta024 31661 6000 4000 816 30961 3506 21 24
ta024 31661 6000 3867 1245 30854 2481 17 24
ta024 31661 6000 3899 1166 30983 154 6 24
ta024 31661 6000 3895 1243 30983 61 6 24
ta024 31661 6000 3824 1166 30983 557 8 24
ta024 31661 6000 3995 1199 30854 2261 15 24
ta024 31661 6000 3891 1291 30983 430 7 24
ta024 31661 6000 3845 965 30983 1841 14 24
ta024 31661 6000 3917 1258 30983 1360 12 24
ta025 34557 6000 4073 1478 34060 219 6 24
ta025 34557 6000 4204 658 34184 389 7 24
ta025 34557 6000 3927 726 34123 121 6 24
ta025 34557 6000 4123 1288 34111 265 7 24
ta025 34557 6000 4015 1091 34061 3664 22 24
ta025 34586 6000 4002 840 33993 669 8 24
ta025 34557 6000 4168 1115 34103 3583 21 24
ta025 34557 6000 4126 1374 33899 1638 13 24
ta025 34557 6000 4097 1290 34111 30 6 24
ta025 34557 6000 4098 1233 34065 1262 11 24
ta026 32564 6000 3772 818 31769 1883 14 24
ta026 32564 6000 4003 608 31827 266 7 24
ta026 32564 6000 4014 594 32038 1593 13 24
ta026 32564 6000 3600 702 31769 332 7 24
ta026 32564 6000 3658 728 31769 941 10 24
ta026 32564 6000 3638 766 31769 1800 14 24
ta026 32564 6000 3795 591 31816 1729 14 24
ta026 32564 6000 3612 648 31769 772 9 24
ta026 32564 6000 3624 767 31769 485 8 24
ta026 32564 6000 3606 730 31769 1084 11 24
ta027 32922 6000 3740 788 32524 546 8 24
ta027 32922 6000 3514 576 32173 1906 15 24
ta027 32922 6000 3863 979 32315 3492 22 24
ta027 32922 6000 4061 1166 32357 2705 17 24
ta027 32922 6000 3572 765 32274 987 10 24
ta027 32922 6000 4154 879 32229 681 9 24
ta027 32922 6000 4004 1217 32293 178 6 24
ta027 32922 6000 3999 395 32201 1223 11 24
ta027 32922 6000 4000 904 32291 1825 14 24
ta027 32922 6000 4045 1197 32260 365 7 24
ta028 32412 6000 4018 1299 31806 2267 15 24
ta028 32412 6000 4078 1416 31796 1134 11 24
ta028 32412 6000 3904 1766 31763 57 6 24
ta028 32412 6000 4126 1382 31796 111 6 24
ta028 32412 6000 4178 1554 31819 2086 15 24
ta028 32412 6000 3945 1231 31809 579 8 24
ta028 32444 6000 4011 1383 31916 650 9 24
ta028 32412 6000 3979 1311 31809 520 8 24
ta028 32412 6000 4144 1450 31796 810 9 24
ta028 32412 6000 3789 837 31819 196 6 24
ta029 33600 6000 3568 799 32903 1509 13 24
ta029 33600 6000 3650 1261 32826 3012 20 24
ta029 33600 6000 3655 1024 32806 2090 16 24
ta029 33600 6000 3451 582 32864 998 11 24
ta029 33600 6000 3664 1274 32752 3656 23 24
ta029 33600 6000 3440 777 32837 2266 18 24
ta029 33600 6000 3582 659 32901 978 10 24
ta029 33600 6000 3442 507 32763 1414 13 24
ta029 33600 6000 3305 350 32896 972 11 24
ta029 33600 6000 3501 771 32744 2324 17 24
ta030 32262 6000 4124 1110 31653 602 8 24
ta030 32262 6000 4104 837 31597 2224 15 24
ta030 32262 6000 3960 676 31519 2250 16 24
ta030 32262 6000 4040 624 31588 3994 23 24
ta030 32262 6000 4048 1035 31680 1490 12 24
ta030 32262 6000 4105 1049 31653 185 6 24
ta030 32262 6000 4081 1318 31646 608 8 24
ta030 32262 6000 4170 1123 31653 1816 13 24
ta030 32262 6000 4071 1085 31653 302 7 24
ta030 32262 6000 4087 1066 31653 427 7 24
ta031 64857 4000 6535 2163 64850 618 5 15
ta031 64869 4000 6621 1965 64752 6359 14 15
ta031 64930 4000 6408 1826 64832 1729 6 15
ta031 64846 4000 6652 2251 64654 1354 6 15
ta031 64817 4000 6787 2337 64779 1275 6 15
ta031 64838 4000 6468 2015 64714 6120 14 15
ta031 64838 4000 6493 1992 64730 2375 8 15
ta031 64843 4000 6395 1869 64722 3074 9 15
ta031 64848 4000 6574 1971 64671 1426 6 15
ta031 64843 4000 6461 1970 64714 5566 13 15
ta032 68169 4000 7042 2528 68065 5181 12 15
ta032 68180 4000 7339 2609 68064 329 4 15
ta032 68114 4000 7471 2851 67977 2418 7 15
ta032 68097 4000 7496 2890 68011 1293 5 15
ta032 68167 4000 7351 2771 68109 17 4 15
ta032 68169 4000 7092 2497 68060 6433 13 15
ta032 68169 4000 7056 2443 68117 54 4 15
ta032 68169 4000 7312 2650 68043 3621 9 15
ta032 68169 4000 7075 2447 68127 366 4 15
ta032 68169 4000 6975 2304 68138 2 4 15
ta033 63305 4000 6880 2648 63158 185 4 15
ta033 63295 4000 6953 2548 63165 1635 6 15
ta033 63253 4000 6828 2493 63106 15 4 15
ta033 63275 4000 6949 2629 63175 1235 5 15
ta033 63298 4000 6706 2488 63156 2752 8 15
ta033 63305 4000 6940 2499 63150 4807 11 15
ta033 63311 4000 7004 2675 63166 3734 9 15
ta033 63305 4000 6960 2655 63154 2113 7 15
ta033 63298 4000 6731 2461 63156 1693 6 15
ta033 63305 4000 6880 2474 63158 319 4 15
ta034 68445 4000 6814 2941 68397 707 5 15
ta034 68449 4000 7190 3262 68393 35 4 15
ta034 68413 4000 7242 3039 68366 788 5 15
ta034 68445 4000 6966 3087 68397 121 4 15
ta034 68437 4000 6604 2625 68347 6 4 15
ta034 68453 4000 6716 2418 68405 21 4 15
ta034 68440 4000 7034 2876 68362 6 4 15
ta034 68424 4000 6882 2439 68363 0 4 15
ta034 68437 4000 6740 2787 68347 5056 12 15
ta034 68449 4000 7190 3280 68393 11 4 15
ta035 69408 4000 6406 1899 69212 851 5 15
ta035 69455 4000 6396 1913 69233 4772 12 15
ta035 69412 4000 6397 1893 69190 5060 12 15
ta035 69412 4000 6459 1944 69211 4813 12 15
ta035 69431 4000 6354 2052 69237 1490 6 15
ta035 69408 4000 6263 1830 69213 3574 10 15
ta035 69408 4000 6287 1851 69194 2809 8 15
ta035 69408 4000 6359 2012 69211 203 4 15
ta035 69430 4000 6243 1787 69307 77 4 15
ta035 69431 4000 6511 2001 69267 3705 10 15
ta036 66961 4000 7076 2604 66784 1124 5 15
ta036 66961 4000 6919 2507 66916 64 4 15
ta036 66979 4000 6858 2269 66905 297 4 15
ta036 66970 4000 6838 2292 66900 723 5 15
ta036 66979 4000 6773 2327 66907 3910 10 15
ta036 66979 4000 6857 2273 66909 1735 6 15
ta036 66982 4000 6734 2348 66907 6730 14 15
ta036 66979 4000 6815 2254 66909 2275 7 15
ta036 66979 4000 6859 2390 66881 6125 13 15
ta036 66961 4000 7032 2362 66916 15 4 15
ta037 66305 4000 6488 1915 66195 6323 14 15
ta037 66343 4000 6398 1999 66231 6272 14 15
ta037 66343 4000 6319 1899 66130 2930 8 15
ta037 66289 4000 6109 1829 66220 32 4 15
ta037 66283 4000 6761 2037 66147 2792 8 15
ta037 66274 4000 6337 2084 66157 5441 13 15
ta037 66343 4000 6500 2153 66124 5624 13 15
ta037 66343 4000 6351 2221 66168 4454 11 15
ta037 66329 4000 6561 2202 65998 5461 13 15
ta037 66283 4000 6498 2092 66134 4789 12 15
ta038 64428 4000 6894 2564 64293 4618 11 15
ta038 64426 4000 6950 2679 64296 3396 9 15
ta038 64426 4000 6859 2786 64305 5972 13 15
ta038 64371 4000 7021 2803 64292 5261 12 15
ta038 64415 4000 6968 2732 64266 6132 13 15
ta038 64371 4000 6970 2698 64288 4396 10 15
ta038 64415 4000 6693 2360 64353 0 4 15
ta038 64412 4000 6863 2800 64272 3049 8 15
ta038 64426 4000 6922 2872 64296 3115 8 15
ta038 64440 4000 6795 2718 64315 5652 13 15
ta039 63150 4000 6705 2975 63019 2145 7 15
ta039 63162 4000 6764 2728 63041 2658 8 15
ta039 63165 4000 7139 2832 63077 1067 5 15
ta039 63191 4000 6996 2631 63085 1123 5 15
ta039 63198 4000 6966 2701 63025 5877 13 15
ta039 63135 4000 6822 2713 62963 4423 11 15
ta039 63162 4000 6974 2822 63037 5261 12 15
ta039 63103 4000 7036 3140 62993 4052 10 15
ta039 63172 4000 6979 2916 63003 1634 6 15
ta039 63182 4000 6885 3075 63159 284 4 15
ta040 68915 4000 6688 2121 68750 296 4 15
ta040 68940 4000 6647 1931 68750 5754 13 15
ta040 68915 4000 6719 2036 68750 1970 7 15
ta040 68971 4000 6591 1986 68763 4929 12 15
ta040 68915 4000 6731 2070 68750 250 4 15
ta040 68915 4000 6706 2108 68750 2689 8 15
ta040 68985 4000 6629 1960 68736 232 4 15
ta040 68916 4000 6598 1863 68715 3660 10 15
ta040 68895 4000 6440 2068 68712 3 4 15
ta040 68915 4000 6762 2086 68733 5925 13 15
ta041 87739 7000 3623 1181 86754 3597 29 30
ta041 87941 7000 3590 983 86557 2387 22 30
ta041 87940 7000 3545 914 87311 3295 28 30
ta041 88140 7000 3766 1528 87475 1426 15 30
ta041 87849 7000 3516 1007 87003 3315 28 30
ta041 88160 7000 3765 1313 87251 3390 27 30
ta041 88160 7000 3868 1075 87321 1890 18 30
ta041 87739 7000 3574 1152 86831 1144 14 30
ta041 87900 7000 3685 1093 87018 3597 29 30
ta041 88018 7000 3588 1266 87447 2287 21 30
ta042 83492 7000 3794 1493 83038 1711 17 30
ta042 83395 7000 3537 1343 82363 2389 22 30
ta042 83528 7000 3694 1673 83219 2174 20 30
ta042 83841 7000 3353 1126 83156 370 9 30
ta042 83851 7000 3687 1338 82805 2005 19 30
ta042 83804 7000 3665 1534 83363 559 10 30
ta042 83925 7000 3490 1382 83334 2917 26 30
ta042 83681 7000 3642 1651 83381 3219 27 30
ta042 83844 7000 3469 1251 83256 2058 20 30
ta042 83882 7000 3736 1254 83182 3555 28 30
ta043 80653 7000 3736 1564 80401 1529 16 30
ta043 80653 7000 3690 1548 80378 2636 23 30
ta043 80653 7000 3758 1626 80421 1006 13 30
ta043 80653 7000 3732 1527 80382 2241 21 30
ta043 80653 7000 3666 1542 80396 280 8 30
ta043 80653 7000 3575 1276 80249 2469 22 30
ta043 80653 7000 3683 1501 80382 3087 26 30
ta043 80653 7000 3705 1594 80392 2066 19 30
ta043 80653 7000 3665 1565 80401 79 7 30
ta043 80653 7000 3704 1536 80401 1323 15 30
ta044 87066 7000 3786 1652 86907 2987 25 30
ta044 87066 7000 3813 1654 86929 1847 18 30
ta044 86900 7000 3612 1423 86720 598 10 30
ta044 87066 7000 3739 1600 86875 3012 25 30
ta044 87066 7000 3760 1607 86936 504 10 30
ta044 87066 7000 3725 1633 86295 3023 25 30
ta044 87066 7000 3852 1580 86865 2895 24 30
ta044 87046 7000 3772 1494 86823 2490 22 30
ta044 87066 7000 3693 1543 86923 3576 29 30
ta044 87066 7000 3857 1733 86906 2820 23 30
ta045 86863 7000 3784 1475 85904 944 12 30
ta045 87031 7000 3596 1007 85877 3007 26 30
ta045 87070 7000 3628 871 86002 2237 21 30
ta045 87415 7000 3678 1045 86838 1615 17 30
ta045 87383 7000 3726 1076 86806 257 8 30
ta045 87517 7000 3576 1339 86495 1983 19 30
ta045 87304 7000 3567 1230 86187 2364 22 30
ta045 87157 7000 3777 1297 86359 2861 24 30
ta045 87342 7000 3698 1212 85816 2224 21 30
ta045 87213 7000 3493 1030 86609 571 10 30
ta046 86892 7000 3623 1371 86265 3254 27 30
ta046 86906 7000 3448 1379 86352 2571 24 30
ta046 86926 7000 3550 1283 86402 3370 28 30
ta046 86866 7000 3674 1387 86544 519 10 30
ta046 86827 7000 3880 1637 86209 2474 21 30
ta046 86879 7000 3673 1362 86347 3437 28 30
ta046 86995 7000 3515 1075 86489 2630 24 30
ta046 86923 7000 3609 1583 86491 2928 25 30
ta046 86998 7000 3726 1367 86256 1858 18 30
ta046 86940 7000 3660 1457 86067 2006 19 30
ta047 89851 7000 3341 1113 88788 2658 25 30
ta047 89851 7000 3130 1003 88691 1850 20 30
ta047 89842 7000 3237 1033 88956 3232 29 30
ta047 89859 7000 3180 1086 88676 2978 28 30
ta047 89700 7000 3140 1006 88925 1038 14 30
ta047 89732 7000 3235 845 88743 1521 17 30
ta047 89633 7000 3400 1315 88756 1943 20 30
ta047 89235 7000 3269 1328 88502 2880 27 30
ta047 89350 7000 3510 1226 88390 1188 15 30
ta047 89851 7000 3100 1048 88646 2298 23 30
ta048 87288 7000 3684 1469 86865 2637 23 30
ta048 87274 7000 3679 1468 86735 2544 22 30
ta048 87274 7000 3801 1382 86987 2894 24 30
ta048 87274 7000 3513 1094 86638 2675 24 30
ta048 87274 7000 3640 1195 86845 1253 14 30
ta048 87274 7000 3702 1315 86845 2241 20 30
ta048 87274 7000 3673 1501 86791 1512 16 30
ta048 87274 7000 3666 1504 86937 1900 18 30
ta048 87274 7000 3582 1263 86987 3479 29 30
ta048 87274 7000 3757 1539 86786 3029 25 30
ta049 85822 7000 3291 1257 85572 3272 29 30
ta049 85827 7000 3349 1376 85719 513 10 30
ta049 85822 7000 3404 1429 85556 3082 27 30
ta049 85865 7000 3450 1405 85617 1029 13 30
ta049 85885 7000 3624 1514 85267 2648 23 30
ta049 85789 7000 3333 1311 85582 2037 20 30
ta049 85809 7000 3637 1134 85494 679 11 30
ta049 85970 7000 3490 1417 85652 1759 18 30
ta049 85885 7000 3400 1188 85379 1216 15 30
ta049 85822 7000 3337 1338 85548 947 13 30
ta050 88455 7000 3334 1504 87864 238 8 30
ta050 88366 7000 3274 1004 87741 259 8 30
ta050 88283 7000 3216 1005 87821 2164 22 30
ta050 88496 7000 3144 1251 88010 2058 22 30
ta050 88398 7000 3113 1191 87821 3110 29 30
ta050 88455 7000 3324 1549 87854 361 9 30
ta050 88533 7000 3104 1236 87855 3070 29 30
ta050 87998 7000 3299 1289 87439 2678 25 30
ta050 88519 7000 3090 1199 88178 1576 18 30
ta050 88335 7000 3318 1187 87846 235 8 30
ta051 126133 14000 1940 874 124883 1822 57 60
ta051 126133 14000 1845 678 124916 1712 56 60
ta051 126133 14000 1855 692 125000 618 28 60
ta051 126133 14000 1732 607 125115 872 36 60
ta051 126133 14000 1935 747 124909 1669 53 60
ta051 126133 14000 1965 820 124759 1766 54 60
ta051 126133 14000 1895 734 124826 1662 54 60
ta051 126133 14000 1959 900 124969 1298 44 60
ta051 126133 14000 2010 968 125011 1231 42 60
ta051 126133 14000 1927 862 124921 1435 48 60
ta052 120266 14000 1851 434 118561 1797 58 60
ta052 120103 14000 1819 512 117983 1666 56 60
ta052 120142 14000 1893 685 118511 1591 52 60
ta052 120296 14000 1826 630 119031 1521 52 60
ta052 120091 14000 1730 471 118297 1256 47 60
ta052 120091 14000 1860 620 118560 1737 56 60
ta052 120439 14000 1862 456 118811 1823 58 60
ta052 120069 14000 1849 592 118989 1588 53 60
ta052 120187 14000 2011 664 119272 1824 55 60
ta052 120214 14000 1839 515 118281 1262 45 60
ta053 117344 14000 1971 635 116108 1889 58 60
ta053 117416 14000 1901 622 116103 1033 38 60
ta053 117591 14000 1819 552 115951 1613 54 60
ta053 117545 14000 1769 547 115925 573 28 60
ta053 117570 14000 1926 662 116201 1168 42 60
ta053 117433 14000 1849 508 115811 1140 42 60
ta053 117879 14000 1739 261 116425 1342 49 60
ta053 117879 14000 1910 417 116070 1304 45 60
ta053 117879 14000 1974 404 116310 1605 51 60
ta053 117879 14000 1854 576 116601 1090 41 60
ta054 121264 14000 1774 670 119955 1674 57 60
ta054 121264 14000 1790 615 120116 1184 44 60
ta054 121252 14000 1869 665 120052 1043 39 60
ta054 121264 14000 1818 584 120077 1617 54 60
ta054 121264 14000 1873 654 120202 578 28 60
ta054 121264 14000 1856 735 120092 1175 43 60
ta054 121264 14000 1834 639 119971 1769 58 60
ta054 121264 14000 1817 558 120040 1369 48 60
ta054 121264 14000 1865 583 119965 1823 59 60
ta054 121264 14000 1800 680 120029 1673 56 60
ta055 119745 14000 1615 303 117670 1583 59 60
ta055 119106 14000 1728 613 117091 1386 50 60
ta055 119017 14000 1719 539 116893 1344 50 60
ta055 119550 14000 1560 304 117814 1478 57 60
ta055 118984 14000 1799 485 117590 1401 49 60
ta055 119591 14000 1744 495 116984 1678 58 60
ta055 119335 14000 1686 376 117433 1603 57 60
ta055 119298 14000 1541 296 117212 1498 58 60
ta055 119009 14000 1714 558 117006 795 35 60
ta055 119071 14000 1515 402 117014 1454 58 60
ta056 121183 14000 1756 699 119934 650 30 60
ta056 121117 14000 1744 479 119730 760 34 60
ta056 121470 14000 1876 628 119897 1147 42 60
ta056 121097 14000 1756 639 119869 1560 54 60
ta056 121236 14000 1806 582 120040 1340 47 60
ta056 121167 14000 1733 506 119750 1389 50 60
ta056 121072 14000 1694 550 119965 372 23 60
ta056 121535 14000 1597 389 120579 599 30 60
ta056 121173 14000 1691 458 120108 1536 55 60
ta056 121160 14000 1721 556 119605 1259 47 60
ta057 123862 14000 1908 442 122480 1583 52 60
ta057 123734 14000 1854 539 122923 1574 52 60
ta057 123646 14000 1923 579 122532 1457 48 60
ta057 123735 14000 1968 681 122703 1402 46 60
ta057 123622 14000 1865 623 122743 1721 56 60
ta057 123870 14000 2089 716 122950 1949 56 60
ta057 123966 14000 1970 646 122838 827 33 60
ta057 123435 14000 1838 649 122036 1707 56 60
ta057 123870 14000 2064 572 122868 613 28 60
ta057 123585 14000 1993 841 122483 1838 56 60
ta058 123521 14000 1785 502 120898 1142 43 60
ta058 123536 14000 1693 526 121149 1197 46 60
ta058 123323 14000 1689 656 120649 407 25 60
ta058 123474 14000 1690 351 121178 1579 57 60
ta058 123352 14000 1696 562 121568 1264 48 60
ta058 123323 14000 1737 659 120746 1633 57 60
ta058 123272 14000 1746 588 121348 1665 57 60
ta058 123323 14000 1740 685 120600 1093 42 60
ta058 123474 14000 1756 504 120828 1304 48 60
ta058 123408 14000 1701 653 120513 1067 42 60
ta059 122200 14000 1808 566 121194 1330 48 60
ta059 122370 14000 1776 416 120912 1706 58 60
ta059 122221 14000 1802 559 120973 1662 56 60
ta059 122221 14000 1821 579 121220 1634 55 60
ta059 122221 14000 1649 582 121348 765 34 60
ta059 122230 14000 1764 469 121006 1646 57 60
ta059 122221 14000 1778 691 121519 775 34 60
ta059 122221 14000 1810 606 121227 1570 53 60
ta059 122239 14000 2077 772 121460 1567 48 60
ta059 122221 14000 1773 610 121180 790 35 60
ta060 125129 14000 1709 461 123757 1480 53 60
ta060 125129 14000 1739 426 123797 1591 56 60
ta060 125129 14000 1896 608 123798 475 25 60
ta060 125129 14000 1745 683 123672 1161 43 60
ta060 125129 14000 1858 734 123776 1580 53 60
ta060 125129 14000 1802 587 123853 1608 55 60
ta060 125129 14000 1735 488 123747 1401 50 60
ta060 125129 14000 1773 458 123711 1760 59 60
ta060 125129 14000 1720 398 123918 652 31 60
ta060 125129 14000 1770 442 123616 1075 41 60
ta061 253202 7000 4156 1890 252979 90 7 30
ta061 253202 7000 4170 1961 252979 59 7 30
ta061 253202 7000 4131 1877 252979 1404 14 30
ta061 253202 7000 4132 1847 252979 2 7 30
ta061 253202 7000 4157 1789 252979 1718 16 30
ta061 253202 7000 4133 1992 252979 205 8 30
ta061 253202 7000 4112 1868 252979 121 7 30
ta061 253202 7000 3975 1799 252979 10 7 30
ta061 253202 7000 4116 1814 252979 138 7 30
ta061 253202 7000 4127 1822 252979 45 7 30
ta062 242049 7000 4466 2003 241971 1644 15 30
ta062 242019 7000 4509 1935 241929 60 7 30
ta062 242049 7000 4496 2040 241971 1002 11 30
ta062 241987 7000 4505 1874 241915 2791 21 30
ta062 242017 7000 4562 1955 241927 30 7 30
ta062 241989 7000 4506 1864 241930 253 8 30
ta062 241976 7000 4731 2060 241849 4451 28 30
ta062 242011 7000 4405 1899 241932 2179 18 30
ta062 241940 7000 4605 1975 241860 2955 21 30
ta062 242090 7000 4429 1982 241990 138 7 30
ta063 237886 7000 4544 2229 237848 1 7 30
ta063 237886 7000 4553 2308 237848 0 7 30
ta063 237886 7000 4540 2265 237817 4315 28 30
ta063 237886 7000 4513 2246 237848 2 7 30
ta063 237886 7000 4528 2220 237848 0 7 30
ta063 237886 7000 4570 2252 237848 1 7 30
ta063 237886 7000 4500 2197 237848 0 7 30
ta063 237886 7000 4537 2268 237848 0 7 30
ta063 237886 7000 4555 2236 237848 0 7 30
ta063 237886 7000 4499 2209 237848 1 7 30
ta064 227708 7000 4244 1998 227514 2644 21 30
ta064 227702 7000 4191 1874 227600 40 7 30
ta064 227657 7000 4159 1886 227456 220 8 30
ta064 227667 7000 4245 1992 227453 776 11 30
ta064 227687 7000 4142 1859 227479 3387 25 30
ta064 227744 7000 4151 1913 227574 2138 18 30
ta064 227749 7000 4108 1805 227648 3 7 30
ta064 227681 7000 4244 2027 227477 4185 29 30
ta064 227679 7000 4395 2062 227482 2910 22 30
ta064 227618 7000 4160 1862 227424 256 8 30
ta065 240826 7000 4425 1895 240591 4375 29 30
ta065 240826 7000 4550 1993 240665 49 7 30
ta065 240826 7000 4414 1911 240574 2838 21 30
ta065 240810 7000 4252 1716 240516 2652 21 30
ta065 240826 7000 4418 1913 240665 596 10 30
ta065 240826 7000 4417 1840 240574 3912 27 30
ta065 240826 7000 4299 1822 240580 4150 29 30
ta065 240826 7000 4297 1748 240707 738 10 30
ta065 240810 7000 4230 1684 240495 2094 18 30
ta065 240826 7000 4379 1936 240618 2547 20 30
ta066 232390 7000 4399 1665 232208 190 8 30
ta066 232399 7000 4614 2090 232171 3779 25 30
ta066 232399 7000 4545 1979 232185 458 9 30
ta066 232390 7000 4388 1744 232208 851 11 30
ta066 232390 7000 4330 1608 232220 3760 27 30
ta066 232399 7000 4713 2090 232185 338 8 30
ta066 232399 7000 4627 2096 232171 1329 13 30
ta066 232399 7000 4590 2056 232171 3716 25 30
ta066 232390 7000 4346 1707 232224 3059 23 30
ta066 232391 7000 4428 1886 232209 1569 15 30
ta067 240685 7000 4096 1545 240516 4041 29 30
ta067 240683 7000 4122 1591 240524 3730 27 30
ta067 240666 7000 3922 1388 240465 2703 22 30
ta067 240725 7000 4071 1588 240561 367 9 30
ta067 240774 7000 4127 1648 240570 3662 27 30
ta067 240707 7000 4186 1642 240495 4130 29 30
ta067 240693 7000 4099 1438 240445 2854 23 30
ta067 240684 7000 4089 1559 240466 1609 15 30
ta067 240713 7000 4176 1549 240404 3530 26 30
ta067 240693 7000 4093 1499 240501 1235 14 30
ta068 231112 7000 4938 2147 230948 161 7 30
ta068 231116 7000 5031 2104 230985 931 11 30
ta068 231150 7000 5018 2057 230910 812 10 30
ta068 231112 7000 4864 2090 230910 929 11 30
ta068 231095 7000 4913 2105 230910 2 7 30
ta068 231128 7000 5033 2112 230910 123 7 30
ta068 231095 7000 5068 2051 230905 1848 15 30
ta068 231131 7000 4875 1973 230910 596 9 30
ta068 231152 7000 4984 2162 230989 1318 13 30
ta068 231140 7000 4632 1996 230960 1 7 30
ta069 248127 7000 4517 1720 247810 2225 18 30
ta069 248148 7000 4736 1916 247804 3392 23 30
ta069 248123 7000 4572 1801 247795 3894 26 30
ta069 248147 7000 4601 1752 247906 1029 12 30
ta069 248118 7000 4829 2077 247789 3039 21 30
ta069 248119 7000 4881 1977 247943 1679 14 30
ta069 248118 7000 4836 1983 247766 1812 15 30
ta069 248127 7000 4578 1816 247825 2001 17 30
ta069 248120 7000 4809 1980 247789 889 11 30
ta069 248118 7000 4793 2045 247753 4454 28 30
ta070 243945 7000 4319 1669 243695 4312 29 30
ta070 243884 7000 4288 1806 243654 4279 29 30
ta070 243961 7000 4240 1673 243512 2639 21 30
ta070 243978 7000 4391 1804 243695 2522 20 30
ta070 244115 7000 4437 1845 243893 4342 29 30
ta070 243772 7000 4434 1955 243576 1061 12 30
ta070 243990 7000 4305 1676 243753 3893 27 30
ta070 243942 7000 4325 1740 243751 2943 22 30
ta070 243933 7000 4156 1731 243744 2402 20 30
ta070 244100 7000 4423 1924 243759 1794 16 30
ta071 300108 14000 2415 1195 299521 1979 51 60
ta071 300080 14000 2400 1079 299626 2001 52 60
ta071 300075 14000 2375 1012 299437 1398 41 60
ta071 300054 14000 2379 1160 299527 1560 44 60
ta071 300080 14000 2379 1147 299550 1254 38 60
ta071 300089 14000 2448 1233 299571 374 21 60
ta071 300119 14000 2414 1201 299514 2205 56 60
ta071 300054 14000 2362 1061 299461 1218 37 60
ta071 300108 14000 2396 1209 299545 1335 39 60
ta071 300114 14000 2279 952 299589 1352 41 60
ta072 274622 14000 2430 1401 274066 2083 53 60
ta072 274622 14000 2389 1380 274068 2330 58 60
ta072 274622 14000 2331 1243 274159 240 18 60
ta072 274622 14000 2368 1283 274045 1143 36 60
ta072 274622 14000 2381 1357 274066 1395 40 60
ta072 274622 14000 2427 1351 274155 1149 35 60
ta072 274622 14000 2336 1323 274079 1904 51 60
ta072 274622 14000 2338 1344 274059 1519 43 60
ta072 274622 14000 2355 1280 274059 1840 49 60
ta072 274622 14000 2342 1234 274075 1970 52 60
ta073 289082 14000 2304 924 288177 1490 44 60
ta073 289006 14000 2208 963 288017 1532 45 60
ta073 289082 14000 2284 1030 288063 1942 53 60
ta073 289006 14000 2196 933 288001 760 30 60
ta073 289006 14000 2194 933 287999 2113 58 60
ta073 289006 14000 2199 921 288260 555 25 60
ta073 289084 14000 2151 908 288006 1922 55 60
ta073 289082 14000 2259 945 288042 1155 37 60
ta073 289077 14000 2216 911 288047 2112 57 60
ta073 289082 14000 2260 992 288057 939 33 60
ta074 301949 14001 2150 1207 301457 1185 39 60
ta074 301972 14000 2339 1296 301411 1220 38 60
ta074 301949 14000 2171 1179 301457 552 25 60
ta074 301972 14000 2392 1260 301429 354 20 60
ta074 302023 14000 2192 1173 301518 113 16 60
ta074 301972 14000 2265 1243 301411 1560 46 60
ta074 301981 14000 2276 1207 301368 2250 59 60
ta074 301972 14000 2229 1183 301375 2092 57 60
ta074 301972 14000 2385 1277 301411 607 25 60
ta074 301981 14000 2380 1281 301416 888 31 60
ta075 284256 14000 2464 1277 283643 2382 58 60
ta075 284256 14000 2427 1157 283587 1745 46 60
ta075 284222 14000 2344 1166 283481 1385 41 60
ta075 284256 14000 2399 1090 283613 2327 58 60
ta075 284256 14000 2449 1217 283633 2409 59 60
ta075 284256 14000 2471 1268 283633 2130 53 60
ta075 284256 14000 2446 1177 283599 2373 58 60
ta075 284246 14000 2381 1199 283486 2379 59 60
ta075 284256 14000 2431 1189 283737 1554 43 60
ta075 284235 14000 2358 1097 283740 346 20 60
ta076 271462 14000 2211 1070 270420 1969 54 60
ta076 271462 14000 2119 944 270186 1217 40 60
ta076 271536 14000 2229 1101 270445 1899 52 60
ta076 271465 14000 2171 987 270478 1162 38 60
ta076 271524 14000 2325 1232 270427 2089 55 60
ta076 271546 14000 2261 1047 270276 1527 45 60
ta076 271524 14000 2178 1052 270425 1001 34 60
ta076 271268 14000 2143 780 269997 506 24 60
ta076 271479 14000 2152 1026 270405 869 32 60
ta076 271574 14000 2252 1086 270373 1798 50 60
ta077 280044 14000 2110 1134 279104 520 25 60
ta077 280019 14000 2088 1160 279108 578 26 60
ta077 280010 14000 2093 1124 279156 1684 50 60
ta077 279920 14000 2067 1171 279030 1842 54 60
ta077 280087 14000 1980 1073 279192 1353 45 60
ta077 279952 14000 2081 1151 279197 690 29 60
ta077 280055 14000 2087 1144 279160 1252 41 60
ta077 279901 14000 2044 1097 279087 1238 41 60
ta077 279815 14000 2094 1166 278968 1778 52 60
ta077 279935 14000 2074 1100 279259 330 21 60
ta078 290915 14000 2269 937 290308 1755 49 60
ta078 291030 14000 2193 969 290541 609 26 60
ta078 290980 14000 2223 941 290489 200 18 60
ta078 291025 14000 2257 934 290384 1471 43 60
ta078 291028 14000 2216 922 290583 2121 58 60
ta078 290931 14000 2299 919 290311 1733 48 60
ta078 290941 14000 2351 973 290252 1487 43 60
ta078 290933 14000 2183 981 290389 2179 59 60
ta078 290982 14000 2298 953 290361 1792 49 60
ta078 291031 14000 2278 957 290500 1111 37 60
ta079 303334 14000 2312 893 302506 2146 56 60
ta079 303288 14000 2345 904 302424 1922 51 60
ta079 303334 14000 2249 845 302461 2200 58 60
ta079 303334 14000 2179 858 302352 1176 39 60
ta079 303324 14000 2298 787 302329 1356 41 60
ta079 303271 14000 2333 945 302615 979 33 60
ta079 303335 14000 2306 1034 302541 2202 57 60
ta079 303288 14000 2177 787 302251 1678 49 60
ta079 303342 14000 2315 885 302366 1514 43 60
ta079 303335 14000 2282 885 302541 2211 58 60
ta080 291869 14000 2534 1107 291249 2258 55 60
ta080 291893 14000 2430 939 291185 2200 55 60
ta080 291617 14000 2482 1042 291033 1876 48 60
ta080 291931 14000 2503 1159 291227 1726 45 60
ta080 291628 14000 2379 1045 291101 138 16 60
ta080 291825 14000 2642 1186 291274 1027 32 60
ta080 291921 14000 2451 1077 291246 2094 53 60
ta080 291869 14000 2562 1207 291196 2372 56 60
ta080 291935 14000 2471 1061 291271 2394 58 60
ta080 291813 14000 2578 1229 291259 2236 53 60
ta081 367881 27000 981 451 364605 622 85 120
ta081 367732 27000 960 465 364831 956 119 120
ta081 367824 27000 1036 454 364290 874 105 120
ta081 367631 27000 1014 389 364182 829 102 120
ta081 367803 27000 1019 433 364481 919 111 120
ta081 367836 27000 948 371 364344 809 106 120
ta081 367811 27000 980 456 364451 888 110 120
ta081 367811 27000 901 387 364834 802 109 120
ta081 367816 27000 922 361 364799 782 106 120
ta081 367850 27000 959 472 365214 796 104 120
ta082 372023 27000 1096 522 370298 1077 118 120
ta082 372332 27000 1079 431 370430 968 110 120
ta082 372116 27000 1027 427 370013 1012 118 120
ta082 372357 27000 1077 421 370269 845 100 120
ta082 372023 27000 1110 518 370006 1076 117 120
ta082 372279 27000 1101 545 370268 1092 119 120
ta082 372023 27000 1104 514 369922 966 108 120
ta082 372352 27000 1002 390 371472 846 105 120
ta082 372235 27000 1018 394 369769 622 83 120
ta082 372106 27000 1065 499 370018 667 84 120
ta083 374117 27000 1069 464 370911 1057 119 120
ta083 373868 27000 987 317 370396 973 118 120
ta083 374002 27000 1019 429 371068 512 73 120
ta083 373774 27000 1070 413 370976 726 89 120
ta083 373709 27000 1142 436 370703 710 85 120
ta083 373965 27000 1086 430 370756 1048 116 120
ta083 373381 27001 1093 446 370520 766 94 120
ta083 374136 27000 1137 488 370872 1119 118 120
ta083 373886 27000 1056 407 370933 993 114 120
ta083 374098 27000 1092 432 370960 1001 112 120
ta084 375879 27000 1013 409 372728 905 109 120
ta084 376095 27000 1019 440 373179 939 112 120
ta084 376095 27000 1028 426 372669 862 105 120
ta084 375801 27000 1065 485 372590 1010 115 120
ta084 375905 27001 1052 440 372443 530 73 120
ta084 376078 27000 1060 426 372732 885 105 120
ta084 375816 27000 1040 517 372539 968 113 120
ta084 375791 27000 1065 406 372554 981 112 120
ta084 375930 27000 1062 446 372773 783 96 120
ta084 375963 27000 1019 493 372434 990 117 120
ta085 369844 27000 996 364 365470 739 97 120
ta085 370017 27001 960 322 366346 559 81 120
ta085 369867 27000 986 438 366046 438 69 120
ta085 369904 27000 1008 452 366010 850 106 120
ta085 370059 27000 1065 420 366908 1007 115 120
ta085 369933 27000 1041 424 366072 804 98 120
ta085 369837 27000 989 391 365948 790 102 120
ta085 370052 27000 1025 369 365942 978 115 120
ta085 369944 27000 1006 399 366492 971 116 120
ta085 369874 27000 999 415 366091 799 102 120
ta086 375185 27000 980 322 370359 736 97 120
ta086 375089 27000 986 407 370863 879 109 120
ta086 374554 27000 1029 388 370715 669 87 120
ta086 375385 27000 1129 390 370946 1120 119 120
ta086 375173 27000 1054 477 370936 838 100 120
ta086 374846 27000 1022 385 371031 965 115 120
ta086 374934 27000 997 410 370721 995 119 120
ta086 374622 27000 958 403 370989 940 118 120
ta086 375138 27000 1000 374 371065 982 118 120
ta086 374391 27000 991 384 370987 898 111 120
ta087 374937 27000 1146 452 370381 922 101 120
ta087 374845 27000 1101 440 370507 997 110 120
ta087 375011 27000 1044 364 370416 778 94 120
ta087 374937 27000 1124 450 370602 1102 118 120
ta087 374909 27000 1160 373 370228 1154 119 120
ta087 375077 27000 1043 443 370618 919 109 120
ta087 375079 27000 1135 430 370806 1118 118 120
ta087 374942 27000 1099 557 370438 1077 118 120
ta087 374993 27000 1152 475 370445 1125 117 120
ta087 374909 27001 1193 470 370501 1170 118 120
ta088 386361 27000 994 425 383248 983 118 120
ta088 386620 27000 985 391 383668 919 114 120
ta088 386156 27000 894 325 382459 823 113 120
ta088 386485 27000 964 420 382863 930 116 120
ta088 386459 27000 955 343 382879 915 116 120
ta088 386351 27000 926 326 383477 902 117 120
ta088 386459 27000 1002 372 382629 966 117 120
ta088 386348 27000 937 387 382959 910 117 120
ta088 386471 27001 1050 456 383256 965 112 120
ta088 386325 27000 916 332 383095 909 119 120
ta089 376874 27000 924 449 372810 695 96 120
ta089 376642 27000 949 411 372569 684 94 120
ta089 376705 27000 995 450 372677 951 115 120
ta089 376650 27000 945 430 373054 931 118 120
ta089 376614 27000 1019 435 372469 882 107 120
ta089 376874 27000 958 400 372871 946 119 120
ta089 376874 27000 934 430 372730 931 119 120
ta089 376874 27000 934 387 372606 913 117 120
ta089 376745 27000 921 391 372772 858 113 120
ta089 376870 27000 968 443 373196 901 113 120
ta090 380497 27000 953 423 377749 822 106 120
ta090 380260 27000 977 361 377270 847 107 120
ta090 380381 27000 962 422 377035 948 118 120
ta090 380322 27000 956 396 377138 829 107 120
ta090 380346 27000 985 372 377566 629 86 120
ta090 380436 27000 959 426 377298 904 114 120
ta090 380468 27001 899 371 378165 741 103 120
ta090 380489 27000 946 427 377875 890 114 120
ta090 380307 27000 1034 480 377399 990 116 120
ta090 380308 27000 930 367 377222 799 106 120
ta091 1042511 27001 1114 584 1041027 1099 119 120
ta091 1042693 27000 1093 619 1041160 1018 113 120
ta091 1042607 27000 1115 641 1041033 1099 118 120
ta091 1042569 27000 1122 667 1040855 1114 119 120
ta091 1042506 27000 1104 582 1040860 502 70 120
ta091 1042666 27000 1089 577 1041172 799 95 120
ta091 1042445 27000 1047 545 1041099 753 94 120
ta091 1042601 27000 1068 554 1040987 993 113 120
ta091 1042683 27000 1073 525 1041043 458 66 120
ta091 1042510 27000 1055 573 1041129 786 96 120
ta092 1028880 27000 1270 819 1027853 138 37 120
ta092 1028880 27000 1270 805 1027879 725 80 120
ta092 1028880 27000 1245 763 1027941 428 58 120
ta092 1028880 27000 1233 774 1027893 977 101 120
ta092 1028880 27000 1259 789 1027941 1090 107 120
ta092 1028879 27000 1281 835 1027886 763 82 120
ta092 1028880 27000 1286 848 1027998 466 61 120
ta092 1028879 27000 1256 789 1027941 812 87 120
ta092 1028879 27000 1254 780 1027879 1149 112 120
ta092 1028880 27000 1256 786 1027767 1040 103 120
ta093 1043476 27000 1080 520 1042351 1063 118 120
ta093 1043074 27000 1063 561 1041960 1016 116 120
ta093 1044116 27000 1134 577 1042565 1097 117 120
ta093 1043324 27000 1119 605 1041823 942 105 120
ta093 1043924 27000 1162 616 1042891 1047 110 120
ta093 1043699 27000 1074 541 1042311 1035 116 120
ta093 1043953 27000 1121 613 1042741 837 96 120
ta093 1044005 27001 1093 588 1042868 851 99 120
ta093 1043813 27000 1059 532 1042594 762 94 120
ta093 1043831 27000 1190 627 1042340 1133 115 120
ta094 1023689 27000 1372 673 1022465 1218 109 120
ta094 1023382 27000 1393 756 1022286 1014 93 120
ta094 1023193 27000 1381 683 1022184 965 93 120
ta094 1023481 27000 1289 637 1022385 869 90 120
ta094 1023475 27000 1300 626 1022331 1140 107 120
ta094 1023707 27000 1416 721 1022487 1411 119 120
ta094 1023236 27000 1289 668 1022427 956 96 120
ta094 1023557 27000 1457 789 1022460 1200 103 120
ta094 1023490 27000 1360 699 1022783 1357 119 120
ta094 1023945 27000 1391 728 1022701 1124 101 120
ta095 1029317 27000 1176 711 1027516 1169 119 120
ta095 1029270 27000 1150 699 1027750 681 82 120
ta095 1029337 27000 1167 729 1027910 983 105 120
ta095 1029415 27000 1219 791 1027697 1006 104 120
ta095 1029395 27000 1194 752 1027640 1177 118 120
ta095 1029143 27000 1161 733 1027607 707 84 120
ta095 1029321 27000 1154 678 1027622 662 81 120
ta095 1029291 27000 1156 707 1027544 897 99 120
ta095 1029088 27000 1189 772 1027636 880 95 120
ta095 1029211 27002 1190 727 1027451 1114 114 120
ta096 999399 27000 1230 873 998118 253 46 120
ta096 999482 27000 1314 923 998078 1296 118 120
ta096 999492 27000 1291 921 998287 678 75 120
ta096 999518 27000 1356 931 998119 1277 114 120
ta096 999576 27000 1252 860 998339 1078 107 120
ta096 999660 27000 1208 837 998346 884 95 120
ta096 999670 27000 1224 870 998070 1211 119 120
ta096 999399 27003 1200 781 997956 778 88 120
ta096 999523 27000 1312 932 998080 455 59 120
ta096 999434 27000 1222 850 998109 1142 114 120
ta097 1042581 27000 1532 958 1041189 1331 108 120
ta097 1042594 27000 1456 908 1041302 511 59 120
ta097 1042581 27000 1509 958 1041220 1283 105 120
ta097 1042570 27000 1494 963 1041218 1322 109 120
ta097 1042587 27000 1434 905 1041370 764 75 120
ta097 1042594 27000 1492 983 1041277 1451 117 120
ta097 1042601 27000 1529 982 1041401 881 81 120
ta097 1042610 27000 1455 898 1041212 746 73 120
ta097 1042580 27000 1485 964 1041192 832 80 120
ta097 1042590 27000 1537 944 1041223 874 80 120
ta098 1035915 27000 1217 798 1034384 545 68 120
ta098 1035915 27000 1184 767 1034452 649 77 120
ta098 1035915 27000 1169 753 1034281 1157 119 120
ta098 1035915 27000 1137 671 1034228 1108 117 120
ta098 1035915 27000 1195 769 1034538 260 47 120
ta098 1035915 27000 1188 745 1034439 1001 105 120
ta098 1035915 27000 1171 754 1034204 1121 116 120
ta098 1035915 27000 1175 719 1034364 368 55 120
ta098 1035915 27000 1181 733 1034259 329 53 120
ta098 1035915 27000 1201 762 1034446 950 100 120
ta099 1015610 27000 1241 911 1014673 1183 115 120
ta099 1015730 27000 1255 881 1014659 733 81 120
ta099 1015610 27000 1247 871 1014662 1117 110 120
ta099 1015610 27000 1238 885 1014725 934 97 120
ta099 1015610 27000 1215 838 1014773 1041 107 120
ta099 1015692 27000 1258 917 1014619 617 74 120
ta099 1015625 27002 1260 918 1014774 1252 119 120
ta099 1015649 27000 1256 902 1014500 824 88 120
ta099 1015610 27000 1231 859 1014757 936 98 120
ta099 1015637 27000 1243 878 1014719 1167 114 120
ta100 1021666 27000 1412 828 1020557 1367 117 120
ta100 1021850 27000 1382 780 1020462 1294 114 120
ta100 1021666 27000 1390 816 1020564 221 41 120
ta100 1021848 27000 1406 822 1020517 1197 106 120
ta100 1021713 27000 1352 747 1020416 1113 103 120
ta100 1021713 27000 1345 773 1020545 1288 115 120
ta100 1021787 27000 1428 820 1020515 1203 105 120
ta100 1021699 27000 1351 807 1020506 1156 106 120
ta100 1021685 27000 1402 818 1020501 1369 117 120
ta100 1021713 27000 1391 800 1020600 255 44 120
ta101 1227142 53000 560 249 1220197 542 234 240
ta101 1224180 53001 537 223 1215832 503 228 240
ta101 1225491 53001 584 235 1219312 550 230 240
ta101 1226686 53000 526 217 1220985 445 211 240
ta101 1227195 53001 600 261 1221178 533 216 240
ta101 1227495 53001 584 247 1221526 561 233 240
ta101 1225810 53000 573 242 1220129 571 239 240
ta101 1227051 53000 550 234 1219077 529 233 240
ta101 1224795 53000 593 255 1220023 565 232 240
ta101 1227540 53000 587 273 1222064 584 239 240
ta102 1233490 53000 484 263 1228759 460 230 240
ta102 1233884 53001 508 270 1227959 506 239 240
ta102 1233879 53000 476 241 1230973 468 237 240
ta102 1233879 53001 507 260 1228859 504 239 240
ta102 1233152 53000 482 223 1228050 479 239 240
ta102 1233560 53000 516 274 1227827 474 225 240
ta102 1233661 53000 513 267 1231347 254 146 240
ta102 1233742 53000 512 269 1228296 475 228 240
ta102 1233879 53000 495 276 1228142 486 236 240
ta102 1233913 53000 514 257 1228120 339 177 240
ta103 1255519 53001 559 238 1248965 389 186 240
ta103 1254972 53000 555 263 1252380 542 236 240
ta103 1255149 53001 581 304 1249691 518 220 240
ta103 1255238 53000 594 292 1249466 542 225 240
ta103 1255261 53000 578 272 1248939 521 221 240
ta103 1255257 53001 625 319 1249526 613 236 240
ta103 1255774 53000 588 296 1249470 564 232 240
ta103 1255002 53000 584 301 1249437 553 229 240
ta103 1255059 53000 591 298 1249201 576 236 240
ta103 1254913 53000 599 302 1249115 503 210 240
ta104 1227581 53000 543 341 1222920 540 239 240
ta104 1227686 53000 545 373 1223329 535 236 240
ta104 1227727 53001 541 335 1222499 536 239 240
ta104 1227622 53001 540 310 1222909 536 238 240
ta104 1227727 53000 579 360 1222396 516 220 240
ta104 1227732 53000 520 345 1222860 500 233 240
ta104 1227626 53000 536 320 1222992 407 195 240
ta104 1227727 53000 522 325 1222973 494 231 240
ta104 1227732 53000 534 310 1222766 511 232 240
ta104 1227692 53001 578 380 1222584 562 235 240
ta105 1216765 53000 598 325 1210819 500 212 240
ta105 1216789 53001 592 275 1210496 465 198 240
ta105 1216544 53001 549 282 1211215 382 187 240
ta105 1216674 53000 582 262 1210533 579 239 240
ta105 1215870 53000 645 313 1209340 643 239 240
ta105 1216072 53000 540 266 1209182 537 239 240
ta105 1216760 53001 534 252 1209581 485 222 240
ta105 1216992 53000 593 282 1211064 513 214 240
ta105 1216640 53001 566 248 1210646 520 224 240
ta105 1216872 53000 552 253 1210177 460 209 240
ta106 1219956 53000 561 272 1214767 542 234 240
ta106 1219901 53000 580 302 1214761 546 229 240
ta106 1219996 53000 600 273 1214728 320 156 240
ta106 1219901 53000 591 272 1215076 525 221 240
ta106 1219908 53000 586 309 1214485 578 237 240
ta106 1219901 53001 568 257 1214756 443 199 240
ta106 1219833 53000 603 337 1214879 600 238 240
ta106 1219941 53000 599 295 1215026 575 233 240
ta106 1219950 53000 582 274 1214817 570 237 240
ta106 1219928 53000 627 331 1214976 569 223 240
ta107 1237358 53000 520 265 1232211 503 234 240
ta107 1237358 53000 503 284 1230806 501 239 240
ta107 1237358 53000 472 232 1230129 422 221 240
ta107 1237358 53000 480 198 1232244 467 235 240
ta107 1237358 53000 494 259 1232112 492 239 240
ta107 1237358 53000 465 201 1231971 431 227 240
ta107 1237358 53000 478 243 1230693 462 234 240
ta107 1237358 53000 519 287 1231852 514 238 240
ta107 1237358 53000 515 238 1232440 512 239 240
ta107 1237358 53000 499 270 1232585 477 232 240
ta108 1234027 53000 544 281 1228859 541 239 240
ta108 1234303 53001 590 272 1228887 573 234 240
ta108 1234098 53000 594 281 1228583 528 218 240
ta108 1234269 53000 574 296 1229268 564 237 240
ta108 1234054 53000 559 244 1228861 539 233 240
ta108 1234128 53000 584 319 1229397 579 239 240
ta108 1234190 53000 560 279 1229479 522 228 240
ta108 1234149 53000 604 292 1228992 555 226 240
ta108 1234042 53000 582 294 1229109 571 237 240
ta108 1234285 53000 557 287 1228516 554 239 240
ta109 1222659 53000 554 297 1215752 480 216 240
ta109 1222659 53000 525 252 1215419 511 235 240
ta109 1222659 53000 561 287 1215885 529 230 240
ta109 1222659 53000 538 254 1216085 510 231 240
ta109 1222659 53000 513 243 1215452 462 222 240
ta109 1222659 53000 557 293 1215606 543 235 240
ta109 1222659 53000 567 316 1215718 544 232 240
ta109 1222659 53000 560 290 1215744 536 232 240
ta109 1222479 53000 589 318 1215761 522 220 240
ta109 1222659 53000 568 283 1215593 467 207 240
ta110 1235511 53000 527 305 1231064 516 237 240
ta110 1235485 53000 522 311 1231382 520 239 240
ta110 1235440 53003 525 291 1230805 463 217 240
ta110 1235421 53000 499 247 1231052 430 216 240
ta110 1235440 53000 540 333 1231241 486 221 240
ta110 1235404 53000 578 301 1230385 506 217 240
ta110 1235440 53000 507 290 1231133 502 238 240
ta110 1235382 53000 507 284 1231428 498 237 240
ta110 1235382 53000 526 271 1232014 510 234 240
ta110 1235496 53000 546 337 1231002 543 239 240
ta111 6562803 132003 222 174 6555279 207 569 600
ta111 6562803 132001 222 171 6555219 219 596 600
ta111 6562803 132000 226 181 6555177 209 567 600
ta111 6562803 132002 218 172 6555532 214 595 600
ta111 6562803 132002 219 169 6555092 191 547 600
ta111 6562803 132001 228 177 6555223 208 559 601
ta111 6562803 132000 221 153 6555387 146 452 601
ta111 6562803 132016 231 174 6555246 194 535 601
ta111 6562803 132001 220 169 6554961 214 591 600
ta111 6562803 132002 230 194 6555553 224 592 600
ta112 6679577 132002 239 169 6670343 224 573 600
ta112 6678574 132001 232 163 6670791 226 592 600
ta112 6679127 132001 218 134 6670594 217 600 600
ta112 6679546 132001 247 155 6670763 220 550 600
ta112 6678983 132003 238 157 6670727 201 538 600
ta112 6678769 132001 232 140 6670164 178 500 600
ta112 6679166 132001 247 174 6670976 152 439 600
ta112 6678710 132001 241 160 6671008 234 586 600
ta112 6678908 132001 241 161 6670898 223 571 600
ta112 6678561 132002 240 157 6670614 221 565 600
ta113 6632778 132001 216 168 6624744 184 537 600
ta113 6632778 132002 209 151 6625206 188 549 600
ta113 6632778 132035 211 145 6625185 186 556 600
ta113 6632778 132001 207 146 6624920 202 593 600
ta113 6632778 132001 207 138 6625174 31 232 601
ta113 6632778 132003 202 134 6624816 188 578 600
ta113 6632778 132001 209 141 6624592 178 534 601
ta113 6632778 132002 205 140 6625112 160 511 600
ta113 6632778 132003 198 138 6625124 195 596 600
ta113 6632778 132000 206 136 6625242 99 380 600
ta114 6634111 132000 214 144 6623000 204 582 600
ta114 6634413 132002 216 156 6623413 197 566 600
ta114 6634156 132003 202 139 6624057 170 523 600
ta114 6634119 132001 211 142 6623407 162 506 600
ta114 6634231 132000 216 146 6623100 210 590 600
ta114 6634264 132002 217 157 6623569 194 549 600
ta114 6634264 132002 210 136 6624402 159 504 601
ta114 6634135 132000 200 135 6623173 184 569 601
ta114 6634279 132000 203 138 6623839 181 562 600
ta114 6634282 132002 212 159 6623470 210 599 600
ta115 6613734 132000 202 132 6600437 190 579 600
ta115 6611815 132000 211 133 6601319 210 600 600
ta115 6611288 132000 206 118 6599051 83 333 600
ta115 6611743 132002 208 123 6599269 205 597 600
ta115 6612230 132000 233 156 6600079 229 596 600
ta115 6611863 132001 226 140 6599455 204 557 600
ta115 6612540 132002 222 133 6599567 214 586 600
ta115 6611840 132001 232 150 6598890 203 549 601
ta115 6611520 132001 237 160 6598564 236 600 600
ta115 6611833 132003 201 129 6598642 188 574 600
ta116 6606251 132002 271 213 6599498 243 555 600
ta116 6606241 132004 281 219 6599978 240 528 600
ta116 6606189 132001 266 196 6599232 248 569 600
ta116 6606241 132000 272 220 6598623 260 583 600
ta116 6606258 132000 265 208 6599749 257 590 600
ta116 6606258 132000 279 219 6599682 272 591 600
ta116 6606189 132001 266 218 6599432 251 575 600
ta116 6606239 132001 275 218 6599648 266 589 600
ta116 6606189 132002 270 207 6599781 126 364 600
ta116 6606298 132000 275 223 6599807 247 554 600
ta117 6576720 132000 206 143 6565520 106 401 600
ta117 6576737 132001 211 149 6565341 201 583 600
ta117 6576737 132001 207 150 6565853 126 433 600
ta117 6576737 132001 196 137 6565606 184 577 600
ta117 6576737 132001 208 147 6565748 205 597 600
ta117 6576737 132002 203 142 6565759 177 549 601
ta117 6576737 132000 209 147 6565201 194 575 600
ta117 6576737 132002 195 136 6566149 187 584 601
ta117 6576737 132001 207 156 6565729 179 546 600
ta117 6576737 132003 206 145 6565392 169 527 600
ta118 6629449 132002 230 156 6619665 200 543 600
ta118 6629449 132001 229 152 6619500 212 565 600
ta118 6629449 132000 223 142 6619746 220 597 600
ta118 6629449 132000 228 148 6619301 221 589 600
ta118 6629449 132000 220 134 6619611 184 539 600
ta118 6629449 132000 227 156 6620140 211 561 600
ta118 6629287 132001 213 142 6619395 208 594 600
ta118 6629360 132003 229 149 6619748 182 521 601
ta118 6629449 132001 229 148 6619596 179 506 600
ta118 6629449 132000 229 153 6619695 219 585 600
ta119 6569309 132001 228 153 6560704 169 491 600
ta119 6569309 132001 211 144 6560611 192 559 600
ta119 6569309 132000 215 139 6560506 214 600 600
ta119 6569309 132003 216 156 6560508 184 533 600
ta119 6569309 132001 214 156 6560752 212 599 600
ta119 6569309 132003 219 154 6560615 175 508 600
ta119 6569309 132000 204 135 6560646 153 491 601
ta119 6569309 132002 220 147 6560604 219 600 600
ta119 6569309 132000 216 130 6560496 192 554 600
ta119 6569309 132023 222 142 6560374 121 393 601
ta120 6618161 132000 228 164 6608080 197 548 600
ta120 6617456 132000 229 164 6607493 226 596 600
ta120 6617963 132000 227 173 6607114 198 547 600
ta120 6618030 132002 232 179 6608557 229 596 600
ta120 6617607 132002 222 161 6607967 218 594 600
ta120 6618393 132003 221 161 6609142 210 582 600
ta120 6618062 132000 229 168 6608065 200 551 601
ta120 6618129 132001 236 169 6608323 219 571 601
ta120 6618688 132001 215 148 6608182 214 600 600
ta120 6617656 132000 224 167 6607583 206 569 600
