# Hostname: ocasrv. Config used: --obj f --timefactor 60 --verbose --verbose_np --npf 0.79 --dv01 3 --dv04 2 --dv07 1 --dv08 2 --dv09 2 --dv10 12 --dv11 0 --dv12 0 --dv15 1 --dv16 4 --dv18 2 --iga --np --dc 5 --alpha 0.19 --dc_np 4 --n_ls_np 10000 --rrtd_np 40
ta001 14033 2000 13803 6627 13962 10364 4 6
ta001 14033 2000 13808 6517 13990 1580 2 6
ta001 14033 2000 13699 7683 13962 1450 2 6
ta001 14033 2000 13169 7307 13962 2292 2 6
ta001 14033 2000 13575 7253 13962 3342 2 6
ta001 14033 2000 13654 6515 13962 8869 4 6
ta001 14033 2000 13712 6781 13962 8519 4 6
ta001 14033 2000 13720 7517 13962 4220 3 6
ta001 14033 2000 13632 6226 13990 138 2 6
ta001 14033 2000 13206 5649 14000 281 2 6
ta002 15151 2000 14577 5053 15145 1003 2 6
ta002 15151 2000 14859 5296 15068 9715 4 6
ta002 15151 2000 14877 5994 15068 6752 3 6
ta002 15151 2000 14866 4908 15068 6030 3 6
ta002 15151 2000 15094 5794 15088 2330 2 6
ta002 15151 2000 14831 4374 15069 8325 4 6
ta002 15151 2000 15095 5684 15140 5517 3 6
ta002 15151 2000 15225 5732 15088 8604 4 6
ta002 15151 2000 14944 5276 15141 14769 5 6
ta002 15151 2000 14694 5255 15068 3677 2 6
ta003 13301 2000 12502 6193 12956 2061 2 6
ta003 13301 2000 12522 5988 12956 1857 2 6
ta003 13301 2000 12593 6249 12956 3352 3 6
ta003 13301 2000 12699 5902 12956 6901 4 6
ta003 13301 2000 12666 6129 12956 329 2 6
ta003 13301 2000 12619 5607 12956 5878 3 6
ta003 13301 2000 12493 6184 12956 590 2 6
ta003 13301 2000 12689 6239 12956 234 2 6
ta003 13301 2000 12660 5763 12956 7531 4 6
ta003 13301 2000 12507 5851 12956 1959 2 6
ta004 15447 2000 13953 7975 15391 4287 3 6
ta004 15447 2000 14222 7774 15391 373 2 6
ta004 15447 2000 14088 8122 15391 786 2 6
ta004 15447 2000 13813 7947 15391 757 2 6
ta004 15447 2000 13988 7896 15391 2482 2 6
ta004 15447 2000 13897 7774 15391 508 2 6
ta004 15447 2000 13993 8012 15391 2243 2 6
ta004 15447 2000 14013 7584 15391 3749 3 6
ta004 15447 2000 13893 7681 15391 462 2 6
ta004 15447 2000 14181 7905 15396 345 2 6
ta005 13529 2000 14002 9077 13472 224 2 6
ta005 13529 2000 14002 9054 13472 199 2 6
ta005 13529 2000 14053 9470 13472 81 2 6
ta005 13529 2000 14064 9489 13472 81 2 6
ta005 13529 2000 14071 9903 13472 104 2 6
ta005 13529 2000 14080 10086 13472 44 2 6
ta005 13529 2000 14085 9601 13472 424 2 6
ta005 13529 2000 14050 9101 13472 194 2 6
ta005 13529 2000 14025 9461 13472 265 2 6
ta005 13529 2000 14022 9452 13472 173 2 6
ta006 13123 2000 13948 7208 13058 7587 4 6
ta006 13123 2000 13812 7429 13058 12718 5 6
ta006 13123 2000 14013 6942 13058 2834 2 6
ta006 13123 2000 14100 6740 13058 1141 2 6
ta006 13123 2000 13632 6752 13058 5205 3 6
ta006 13123 2000 13696 7039 13058 11507 5 6
ta006 13123 2000 13873 6804 13058 5379 3 6
ta006 13123 2000 13956 6789 13058 3407 2 6
ta006 13123 2000 13876 7170 13058 1639 2 6
ta006 13123 2000 14045 7538 13058 7351 4 6
ta007 13548 2000 14834 7004 13479 534 2 6
ta007 13557 2000 14436 7229 13495 223 2 6
ta007 13557 2000 14492 7299 13495 2337 2 6
ta007 13548 2000 14847 7003 13479 79 2 6
ta007 13557 2000 14462 7357 13495 5249 3 6
ta007 13557 2000 14391 7216 13495 3630 3 6
ta007 13557 2000 14434 7201 13495 1072 2 6
ta007 13548 2000 14795 6921 13479 238 2 6
ta007 13548 2000 14871 7015 13479 39 2 6
ta007 13557 2000 14581 7355 13495 648 2 6
ta008 13948 2000 13536 7778 13882 38 2 6
ta008 13948 2000 13408 8005 13882 539 2 6
ta008 13948 2000 13468 8035 13882 582 2 6
ta008 13948 2000 13454 7980 13882 3 2 6
ta008 13948 2000 13376 7499 13882 3 2 6
ta008 13948 2000 13462 8081 13882 5 2 6
ta008 13948 2000 13525 7960 13882 628 2 6
ta008 13948 2000 13425 8047 13882 11 2 6
ta008 13948 2000 13359 7410 13882 931 2 6
ta008 13948 2000 13454 7842 13882 133 2 6
ta009 14295 2000 14088 7595 14047 218 2 6
ta009 14295 2000 14004 7436 14047 498 2 6
ta009 14295 2000 13888 7292 14047 587 2 6
ta009 14295 2000 14047 7385 14047 806 2 6
ta009 14295 2000 13950 7360 14047 1563 2 6
ta009 14295 2000 14160 7749 14047 1683 2 6
ta009 14295 2000 13951 7372 14047 605 2 6
ta009 14295 2000 13948 7292 14047 451 2 6
ta009 14295 2000 13958 7462 14157 571 2 6
ta009 14295 2000 14008 7347 14047 108 2 6
ta010 12943 2000 13345 6876 12904 979 2 6
ta010 12943 2000 12960 6823 12904 65 2 6
ta010 12943 2000 13244 6911 12904 1669 2 6
ta010 12943 2000 13469 6941 12904 700 2 6
ta010 12943 2000 13181 6970 12904 2074 2 6
ta010 12943 2000 13398 7023 12904 510 2 6
ta010 12943 2000 13414 7069 12904 515 2 6
ta010 12943 2000 13444 7254 12904 21 2 6
ta010 12943 2000 13319 7071 12904 893 2 6
ta010 12943 2000 13412 7041 12904 10 2 6
ta011 20911 3000 9388 4324 20627 3889 6 12
ta011 20911 3000 8805 3112 20471 6681 9 12
ta011 20911 3000 9119 5147 20496 424 3 12
ta011 20911 3000 8712 3690 20577 4262 7 12
ta011 20911 3000 8765 3068 20576 3047 6 12
ta011 20911 3000 8815 3053 20577 170 3 12
ta011 20911 3000 8820 4276 20519 7751 10 12
ta011 20911 3000 8613 3730 20608 8367 11 12
ta011 20911 3000 8604 2923 20577 374 3 12
ta011 20911 3000 9235 4261 20616 9053 11 12
ta012 22440 3000 8507 5813 22368 129 3 12
ta012 22440 3000 7849 3725 22366 4382 8 12
ta012 22440 3000 8463 5763 22368 185 3 12
ta012 22440 3000 8146 2738 22263 4941 8 12
ta012 22440 3000 8416 5718 22368 541 3 12
ta012 22440 3000 8483 5807 22368 201 3 12
ta012 22440 3000 8291 5366 22368 1949 5 12
ta012 22440 3000 8377 4522 22368 232 3 12
ta012 22440 3000 8459 5878 22368 1580 4 12
ta012 22440 3000 8321 5648 22368 108 3 12
ta013 19833 3000 9004 5071 19493 13 3 12
ta013 19833 3000 9017 5025 19493 67 3 12
ta013 19833 3000 9036 5146 19493 79 3 12
ta013 19833 3000 9019 5053 19493 626 3 12
ta013 19833 3000 8993 5144 19493 43 3 12
ta013 19833 3000 9037 5186 19493 189 3 12
ta013 19833 3000 8896 5000 19493 62 3 12
ta013 19833 3000 9038 5033 19493 56 3 12
ta013 19833 3000 9077 5151 19493 21 3 12
ta013 19833 3000 9026 5059 19493 632 3 12
ta014 18710 3000 8267 3210 18348 2843 6 12
ta014 18710 3000 8253 3913 18388 6871 10 12
ta014 18710 3000 8134 3588 18373 1790 4 12
ta014 18710 3000 8330 3527 18348 6413 9 12
ta014 18710 3000 8286 3327 18403 6717 10 12
ta014 18710 3000 8105 3409 18361 2879 6 12
ta014 18710 3000 8434 2768 18360 5407 8 12
ta014 18710 3000 8172 3817 18373 3133 6 12
ta014 18710 3000 8308 3089 18348 688 3 12
ta014 18710 3000 8227 3852 18436 355 3 12
ta015 18641 3000 8238 4313 18343 56 3 12
ta015 18641 3000 7828 4446 18323 1278 4 12
ta015 18641 3000 7982 4061 18261 1164 4 12
ta015 18641 3000 8094 4528 18323 5070 8 12
ta015 18641 3000 8132 4405 18323 4123 7 12
ta015 18641 3000 8163 4456 18212 4913 8 12
ta015 18641 3000 8287 4260 18206 8033 11 12
ta015 18641 3000 8284 4334 18206 6308 9 12
ta015 18641 3000 8179 4361 18323 5726 9 12
ta015 18641 3000 7942 4565 18323 4047 7 12
ta016 19249 3000 7807 3901 18581 4630 8 12
ta016 19249 3000 7765 4212 18581 1889 5 12
ta016 19245 3000 7807 4338 18581 2286 5 12
ta016 19249 3000 7733 3747 18625 1989 5 12
ta016 19245 3000 7737 4254 18581 355 3 12
ta016 19245 3000 7748 4351 18581 1164 4 12
ta016 19245 3000 7781 4283 18581 930 4 12
ta016 19245 3000 7691 3911 18625 648 3 12
ta016 19249 3000 8005 5090 18581 6956 10 12
ta016 19245 3000 7966 4517 18581 3317 6 12
ta017 18363 3000 9903 6053 18073 51 3 12
ta017 18363 3000 9731 5012 18073 33 3 12
ta017 18363 3000 9835 5965 18073 34 3 12
ta017 18363 3000 9834 5476 18073 2853 5 12
ta017 18363 3000 9662 4208 18042 357 3 12
ta017 18363 3000 9528 5223 18073 41 3 12
ta017 18363 3000 9725 4390 18042 944 3 12
ta017 18363 3000 9882 6058 18073 281 3 12
ta017 18363 3000 9553 4946 18073 88 3 12
ta017 18363 3000 9522 5790 18073 73 3 12
ta018 20241 3000 8263 3635 19962 327 3 12
ta018 20241 3000 8098 3509 19873 3511 6 12
ta018 20241 3000 8001 3082 19830 1805 5 12
ta018 20241 3000 8052 3777 19873 22 3 12
ta018 20241 3000 7944 3127 19830 556 3 12
ta018 20241 3000 8102 3382 19830 4592 8 12
ta018 20241 3000 8012 3688 19837 7221 11 12
ta018 20241 3000 8081 3597 19854 3627 7 12
ta018 20241 3000 8161 3307 19837 3532 6 12
ta018 20241 3000 8507 3888 19836 2337 5 12
ta019 20330 3000 9905 5753 20106 157 3 12
ta019 20330 3000 9974 5876 20106 44 3 12
ta019 20330 3000 9728 5709 20106 10 3 12
ta019 20330 3000 9801 5749 20106 71 3 12
ta019 20330 3000 9885 5714 20106 34 3 12
ta019 20330 3000 9951 5917 20106 6 3 12
ta019 20330 3000 9959 5918 20106 25 3 12
ta019 20330 3000 9513 5485 20106 22 3 12
ta019 20330 3000 9975 5809 20106 23 3 12
ta019 20330 3000 9880 5790 20106 3 3 12
ta020 21320 3000 8391 5366 20872 2906 6 12
ta020 21320 3000 8668 4778 20955 20 3 12
ta020 21320 3000 8526 5491 20872 1358 4 12
ta020 21320 3000 8551 5482 20872 799 3 12
ta020 21320 3000 8751 4873 20955 78 3 12
ta020 21320 3000 8597 5583 20872 93 3 12
ta020 21320 3000 8633 5342 20872 2590 5 12
ta020 21320 3000 8532 5517 20872 383 3 12
ta020 21320 3000 8721 4949 20955 1129 4 12
ta020 21320 3000 8741 5670 20872 4415 7 12
ta021 33623 6000 4813 1951 33150 4335 22 24
ta021 33623 6000 4994 2257 33251 3795 19 24
ta021 33623 6000 4786 2019 33251 1825 13 24
ta021 33623 6000 4748 1867 33150 1717 12 24
ta021 33623 6000 4774 2024 33150 2079 14 24
ta021 33623 6000 4909 2020 33150 2969 16 24
ta021 33623 6000 4623 2013 33278 1135 10 24
ta021 33623 6000 4674 1858 33150 1861 13 24
ta021 33623 6000 4853 2010 33150 1207 10 24
ta021 33623 6000 4624 1780 33278 1226 10 24
ta022 31587 6000 4005 995 30893 2963 19 24
ta022 31587 6000 4298 1309 30865 1564 12 24
ta022 31587 6000 4495 1052 30835 3200 18 24
ta022 31587 6000 4012 1024 30896 801 9 24
ta022 31587 6000 4650 818 30914 2519 15 24
ta022 31587 6000 3968 992 30893 161 6 24
ta022 31587 6000 4340 1317 30800 4132 23 24
ta022 31587 6000 4038 1257 30683 1763 13 24
ta022 31587 6000 4399 1071 30865 4030 22 24
ta022 31587 6000 4331 1488 30609 2954 17 24
ta023 33920 6000 5038 2048 33174 1941 12 24
ta023 33920 6000 4600 1608 32945 4268 22 24
ta023 33920 6000 4467 2012 32960 3689 21 24
ta023 33920 6000 4654 2279 33080 206 6 24
ta023 33920 6000 4606 1837 32945 1676 12 24
ta023 33920 6000 4968 2291 33222 172 6 24
ta023 33920 6000 4543 2043 32980 1278 11 24
ta023 33920 6000 4593 1582 32954 1538 11 24
ta023 33920 6000 4562 1912 32971 3590 20 24
ta023 33920 6000 4659 1572 32916 1708 12 24
ta024 31661 6000 4665 2388 30983 513 7 24
ta024 31661 6000 4801 2427 30983 80 6 24
ta024 31661 6000 4754 1967 30983 3331 18 24
ta024 31661 6000 4666 1747 30854 4257 22 24
ta024 31661 6000 4777 2322 30983 76 6 24
ta024 31661 6000 4571 2179 30983 1033 9 24
ta024 31661 6000 4689 1619 30996 1493 12 24
ta024 31661 6000 4553 2027 30983 2483 15 24
ta024 31661 6000 4553 2229 30983 226 6 24
ta024 31661 6000 4552 2248 30983 527 7 24
ta025 34557 6000 4827 2243 34111 591 8 24
ta025 34586 6000 4604 1498 33995 701 8 24
ta025 34557 6000 4831 1950 34059 2097 13 24
ta025 34557 6000 4878 2269 34111 1560 11 24
ta025 34586 6000 4692 1653 33995 3082 17 24
ta025 34586 6000 4598 1854 34298 244 6 24
ta025 34557 6000 4611 1582 33841 2131 13 24
ta025 34586 6000 4782 1843 34075 4161 21 24
ta025 34557 6000 4809 1739 33899 3605 19 24
ta025 34557 6000 4898 2314 34111 166 6 24
ta026 32564 6000 4459 1547 31769 1482 11 24
ta026 32564 6000 4303 1452 31769 703 8 24
ta026 32564 6000 4753 1396 31827 129 6 24
ta026 32564 6000 4982 1660 31769 3708 18 24
ta026 32564 6000 4560 1679 31980 185 6 24
ta026 32564 6000 4497 1319 31808 1228 10 24
ta026 32564 6000 4468 1188 31816 350 7 24
ta026 32564 6000 4308 1463 31769 405 7 24
ta026 32564 6000 4871 1405 32200 54 6 24
ta026 32564 6000 4272 1428 31769 304 7 24
ta027 32922 6000 4959 2059 32271 624 8 24
ta027 32922 6000 4709 1107 32464 409 7 24
ta027 32922 6000 4927 2390 32508 182 6 24
ta027 32922 6000 4683 1525 32290 1342 11 24
ta027 32922 6000 4977 1854 32229 2395 14 24
ta027 32922 6000 4352 1347 32201 665 8 24
ta027 32922 6000 4419 1300 32367 2155 14 24
ta027 32922 6000 4894 1801 32229 1544 11 24
ta027 32922 6000 4839 1957 32271 3063 17 24
ta027 32922 6000 4547 1540 32239 4232 22 24
ta028 32412 6000 4733 2654 31763 1244 10 24
ta028 32412 6000 4993 2378 31856 4512 22 24
ta028 32412 6000 4675 2365 31763 2939 17 24
ta028 32412 6000 4767 3004 31763 460 7 24
ta028 32412 6000 4791 2914 31763 1649 11 24
ta028 32412 6000 4818 2960 31763 617 8 24
ta028 32412 6000 4985 2923 32117 432 7 24
ta028 32412 6000 4754 3027 31763 221 6 24
ta028 32412 6000 5256 3406 32056 33 6 24
ta028 32412 6000 4958 2061 31868 187 6 24
ta029 33600 6000 4326 1439 32901 561 8 24
ta029 33600 6000 4297 1135 32760 3643 21 24
ta029 33600 6000 4276 1748 32921 2033 14 24
ta029 33600 6000 4200 952 32857 327 7 24
ta029 33600 6000 4175 1074 32760 2121 15 24
ta029 33600 6000 4344 2218 32824 987 10 24
ta029 33600 6000 4164 1130 32944 416 7 24
ta029 33600 6000 4386 1827 32744 4374 23 24
ta029 33600 6000 4364 1516 32901 2101 14 24
ta029 33600 6000 4224 1105 32903 4051 23 24
ta030 32262 6000 4821 1926 31618 302 7 24
ta030 32262 6000 4933 2461 31646 946 9 24
ta030 32262 6000 4875 2389 31646 1035 9 24
ta030 32262 6000 4945 2482 31646 473 7 24
ta030 32262 6000 4720 2062 31653 141 6 24
ta030 32262 6000 4751 1602 31561 2723 16 24
ta030 32262 6000 4979 2137 31653 75 6 24
ta030 32262 6000 4724 1094 31544 483 7 24
ta030 32262 6000 4975 2163 31653 137 6 24
ta030 32262 6000 4956 1755 31658 832 9 24
ta031 64879 4000 8452 4201 64766 4711 10 15
ta031 64843 4000 8151 3793 64714 2427 7 15
ta031 64931 4000 8120 3976 64794 4850 10 15
ta031 64865 4000 8173 3761 64749 6821 13 15
ta031 64868 4000 8325 4290 64755 8024 14 15
ta031 64858 4000 8195 3717 64761 6954 13 15
ta031 64875 4000 8146 3974 64789 1836 6 15
ta031 64838 4000 8134 3813 64762 1598 6 15
ta031 64872 4000 8206 3934 64746 57 4 15
ta031 64869 4000 8264 3898 64761 3348 8 15
ta032 68097 4000 9417 5327 67970 7242 12 15
ta032 68176 4000 9395 5079 68064 3076 7 15
ta032 68147 4000 8901 5066 68002 3787 8 15
ta032 68180 4000 9230 4920 68064 1223 5 15
ta032 68124 4000 9001 4931 67991 8860 14 15
ta032 68167 4000 9375 5153 68054 4 4 15
ta032 68180 4000 9390 5060 68064 503 4 15
ta032 68097 4000 9186 5148 68011 3989 8 15
ta032 68180 4000 9476 5152 68064 1283 5 15
ta032 68154 4000 9166 5168 68067 1464 5 15
ta033 63295 4000 8290 4349 63192 365 4 15
ta033 63298 4000 8346 4501 63164 222 4 15
ta033 63298 4000 8427 4464 63156 450 4 15
ta033 63350 4000 8611 4570 63162 4697 10 15
ta033 63256 4000 8879 4935 63185 4569 9 15
ta033 63273 4000 8921 4772 63178 8587 14 15
ta033 63317 4000 8596 4788 63124 4686 10 15
ta033 63251 4000 8836 4759 63156 368 4 15
ta033 63288 4000 8694 4747 63105 594 4 15
ta033 63254 4000 8845 4762 63178 4731 9 15
ta034 68437 4000 8359 5045 68347 5 4 15
ta034 68458 4000 8492 4873 68408 0 4 15
ta034 68431 4000 8463 4792 68386 114 4 15
ta034 68489 4000 8664 5045 68375 2335 7 15
ta034 68434 4000 8754 4918 68395 0 4 15
ta034 68437 4000 8269 4908 68347 2449 7 15
ta034 68485 4000 8624 4787 68435 1 4 15
ta034 68461 4000 8694 5120 68381 798 5 15
ta034 68451 4000 8770 5089 68398 130 4 15
ta034 68437 4000 8258 4947 68347 16 4 15
ta035 69470 4000 7961 3622 69232 6597 13 15
ta035 69412 4000 7889 3651 69212 837 5 15
ta035 69419 4000 8061 4028 69312 2371 7 15
ta035 69382 4000 7927 3643 69256 7424 14 15
ta035 69412 4000 8009 3641 69196 6242 12 15
ta035 69408 4000 8154 4238 69257 582 4 15
ta035 69412 4000 7823 3774 69194 4219 9 15
ta035 69408 4000 7996 3781 69211 7140 13 15
ta035 69417 4000 7863 3604 69285 531 4 15
ta035 69470 4000 7866 3466 69206 5589 11 15
ta036 67001 4000 8352 4488 66925 8028 14 15
ta036 67011 4000 8502 4717 66933 1365 5 15
ta036 66979 4000 8475 4280 66922 1572 6 15
ta036 67014 4000 8360 4399 66921 5220 10 15
ta036 67014 4000 8272 4341 66944 7555 14 15
ta036 66982 4000 8410 4302 66929 6399 12 15
ta036 67009 4000 8288 4324 66926 1464 5 15
ta036 66985 4000 8529 4278 66905 367 4 15
ta036 66926 4000 8409 4491 66745 8140 14 15
ta036 66982 4000 8507 4371 66929 633 4 15
ta037 66292 4000 7728 3788 66148 1754 6 15
ta037 66315 4000 8057 3979 66055 3217 8 15
ta037 66265 4000 8200 3992 66228 6538 12 15
ta037 66349 4000 8606 4275 66161 8522 14 15
ta037 66309 4000 7958 4163 66234 1040 5 15
ta037 66343 4000 7947 4078 66124 3197 8 15
ta037 66274 4000 8063 4330 66236 4969 10 15
ta037 66370 4000 7812 4062 66187 6172 12 15
ta037 66275 4000 7761 3693 66253 2895 8 15
ta037 66274 4000 7998 4185 66184 1686 6 15
ta038 64391 4000 8459 4939 64312 1692 6 15
ta038 64424 4000 8492 5000 64306 5468 11 15
ta038 64406 4000 8607 5054 64253 3680 8 15
ta038 64370 4000 8720 4811 64251 4231 9 15
ta038 64359 4000 8753 5063 64307 2191 6 15
ta038 64389 4000 8590 4762 64265 1270 5 15
ta038 64414 4000 8563 4944 64348 641 4 15
ta038 64402 4000 8795 5252 64217 8278 14 15
ta038 64411 4000 8298 4458 64301 7085 13 15
ta038 64380 4000 8714 5131 64326 1694 6 15
ta039 63098 4000 8901 5599 62970 6247 11 15
ta039 62997 4000 8323 4811 62912 501 4 15
ta039 63074 4000 8501 4689 62940 5383 10 15
ta039 63165 4000 8486 5176 63067 6972 13 15
ta039 63122 4000 8545 5013 62801 7021 13 15
ta039 63077 4000 8420 4857 62967 5038 10 15
ta039 63095 4000 8283 4912 62880 3542 8 15
ta039 63110 4000 8657 5400 63020 6186 11 15
ta039 63148 4000 8502 5043 63015 1025 5 15
ta039 63098 4000 8227 4558 63009 7783 14 15
ta040 68916 4000 8345 3937 68736 1248 5 15
ta040 68915 4000 8557 4065 68750 608 4 15
ta040 68915 4000 8493 4118 68733 3048 7 15
ta040 68915 4000 8493 4093 68750 1599 6 15
ta040 68916 4000 8401 3935 68736 453 4 15
ta040 68924 4000 7783 3688 68793 1 4 15
ta040 69010 4000 8544 3922 68751 959 5 15
ta040 69041 4000 8226 3579 68733 7240 13 15
ta040 68915 4000 8585 4165 68750 200 4 15
ta040 68986 4000 8581 4171 68833 4229 9 15
ta041 87904 7000 4616 2025 86563 3764 25 30
ta041 87704 7000 4663 2169 87027 820 10 30
ta041 87903 7000 4845 2622 87363 4722 29 30
ta041 88028 7000 4907 2344 87412 203 7 30
ta041 87351 7000 4412 2482 87056 874 11 30
ta041 87664 7000 4430 2234 87145 4169 28 30
ta041 87984 7000 4680 2549 87187 399 8 30
ta041 87758 7000 4715 2039 86925 4509 28 30
ta041 87670 7000 4220 2160 86621 1013 12 30
ta041 87972 7000 4724 2046 87381 2142 17 30
ta042 83710 7000 4651 2457 83065 799 10 30
ta042 83566 7000 4582 2134 82869 1289 13 30
ta042 83532 7000 4810 2553 83079 2256 17 30
ta042 83510 7000 4791 2892 82834 1797 15 30
ta042 83640 7000 4519 2654 83400 350 8 30
ta042 83759 7000 4483 2339 82843 2683 20 30
ta042 83445 7000 4865 3111 83214 3421 23 30
ta042 83258 7000 4471 2069 82737 2358 19 30
ta042 83446 7000 4717 2680 82975 3330 23 30
ta042 83578 7000 4786 2697 82871 1362 13 30
ta043 80648 7000 4682 2661 80361 107 7 30
ta043 80653 7000 4595 2535 80303 3743 25 30
ta043 80653 7000 4753 2903 80421 1039 12 30
ta043 80653 7000 4693 2660 80379 2564 19 30
ta043 80637 7000 4460 2627 80227 1663 15 30
ta043 80541 7000 4496 2399 80044 984 11 30
ta043 80648 7000 4668 2218 80246 1345 13 30
ta043 80648 7000 4648 2291 80242 436 9 30
ta043 80513 7000 4508 2838 79802 4326 29 30
ta043 80648 7000 4754 2675 80299 1940 16 30
ta044 86842 7000 4650 2985 86565 4422 28 30
ta044 87066 7000 4845 2969 86906 2557 19 30
ta044 86841 7000 4935 3274 86553 3140 21 30
ta044 86903 7000 4618 2315 86443 2957 21 30
ta044 86946 7000 4438 2851 86544 2632 20 30
ta044 86869 7000 4393 2681 86273 1186 13 30
ta044 86988 7000 4513 2679 86531 1387 14 30
ta044 86943 7000 4634 2275 86401 1269 13 30
ta044 86898 7000 4899 2767 86544 2719 19 30
ta044 86929 7000 5177 3329 86795 1379 13 30
ta045 86424 7000 4771 2464 85930 2613 19 30
ta045 86486 7000 4849 2992 86221 1478 13 30
ta045 86700 7000 4747 2946 85838 587 9 30
ta045 86849 7000 4725 2135 86460 1292 13 30
ta045 86982 7000 4605 2291 86323 1815 15 30
ta045 87122 7000 4578 2239 86553 3743 25 30
ta045 86957 7000 4635 2108 86370 2362 18 30
ta045 86922 7000 4261 2319 86405 2949 22 30
ta045 86755 7000 4577 2276 86226 664 10 30
ta045 86632 7000 4458 2218 85631 3141 23 30
ta046 86866 7000 4769 2942 86367 1673 15 30
ta046 86791 7000 4790 2443 86235 2040 16 30
ta046 86716 7000 4561 1988 86193 2919 21 30
ta046 86728 7000 4764 2715 86447 1304 13 30
ta046 86866 7000 4663 2924 86404 3908 26 30
ta046 86923 7000 4712 2984 86279 1802 15 30
ta046 86897 7000 4729 3035 86100 3656 24 30
ta046 86861 7000 4515 2304 86074 1378 13 30
ta046 86785 7000 4475 2322 86024 1686 15 30
ta046 86841 7000 4555 2184 86172 682 10 30
ta047 89136 7000 3969 1979 88569 3588 27 30
ta047 89099 7000 3918 1852 88438 2067 19 30
ta047 89068 7000 4144 2174 88653 1199 13 30
ta047 89622 7000 4041 2049 88807 3654 27 30
ta047 89180 7000 4349 2606 88838 951 12 30
ta047 89448 7000 4067 2042 88569 3612 27 30
ta047 89142 7000 4300 2404 88583 2558 20 30
ta047 89462 7000 3723 1645 88739 2775 23 30
ta047 89086 7000 4016 2170 88547 3636 27 30
ta047 89091 7000 3912 1902 88637 2451 21 30
ta048 87274 7000 4603 2604 86991 2108 17 30
ta048 87287 7000 4688 2803 87035 343 8 30
ta048 87274 7000 4546 2345 86845 3970 27 30
ta048 87274 7000 4693 2342 86993 2362 18 30
ta048 87254 7000 4708 2405 86856 1046 12 30
ta048 87274 7000 4708 2545 87003 4109 27 30
ta048 87274 7000 4707 2256 86973 3908 26 30
ta048 87278 7000 4490 2477 86961 1760 15 30
ta048 87274 7000 4641 2428 86845 2740 20 30
ta048 87274 7000 4741 2699 87008 4433 28 30
ta049 85810 7000 4328 2502 85321 3707 26 30
ta049 85884 7000 4158 2580 85559 3107 24 30
ta049 85705 7000 4634 2580 85343 4094 27 30
ta049 85781 7000 4433 2479 85366 1948 16 30
ta049 85772 7000 4218 2243 85287 924 12 30
ta049 85769 7000 4586 2792 85273 2084 17 30
ta049 85745 7000 3968 2329 85430 3104 24 30
ta049 85752 7000 4419 2378 85405 2203 18 30
ta049 85810 7000 4098 2178 85240 313 8 30
ta049 85616 7000 4417 2890 85392 484 9 30
ta050 88456 7000 4175 2093 87984 940 12 30
ta050 87998 7000 4172 2273 87641 1398 14 30
ta050 87998 7000 4133 1887 87492 1662 16 30
ta050 88406 7000 4007 2217 87988 3142 25 30
ta050 88384 7000 4004 2079 87728 3597 27 30
ta050 87998 7000 4013 1987 87377 2633 22 30
ta050 88330 7000 4192 2345 87799 4179 29 30
ta050 88417 7000 3904 2156 87950 2731 23 30
ta050 88436 7000 3962 2011 87825 3527 27 30
ta050 88335 7000 3976 2046 87940 736 11 30
ta051 125998 13000 2438 1244 124787 702 25 60
ta051 125885 13000 2537 1343 124754 1878 47 60
ta051 126133 13000 2354 1166 124334 2226 57 60
ta051 125885 13000 2561 1281 124355 2354 56 60
ta051 125971 13000 2696 1350 124209 2148 50 60
ta051 125869 13000 2562 1230 125291 2477 58 60
ta051 126133 13000 2465 1521 124894 2174 54 60
ta051 126133 13000 2462 1424 124874 1725 45 60
ta051 126133 13000 2559 1472 124870 2462 58 60
ta051 126133 13000 2373 852 124709 1191 36 60
ta052 120097 13000 2319 913 118143 2243 58 60
ta052 120192 13000 2531 1085 119025 2382 57 60
ta052 120091 13000 2329 960 118474 2277 59 60
ta052 120124 13000 2387 982 118104 1953 51 60
ta052 120184 13000 2335 1204 118772 1267 38 60
ta052 120110 13000 2501 1147 119204 1946 49 60
ta052 120069 13000 2383 1187 118846 2368 59 60
ta052 120109 13000 2674 1384 119293 2470 56 60
ta052 120097 13000 2665 1243 119062 2291 53 60
ta052 119944 13000 2491 997 117965 2028 51 60
ta053 117200 13000 2561 1178 115993 2045 50 60
ta053 117304 13000 2394 1020 116040 2019 52 60
ta053 117340 13000 2549 1422 115894 1517 40 60
ta053 117413 13000 2126 1033 116144 1686 50 60
ta053 117615 13000 2174 974 116113 568 25 60
ta053 117671 13000 2388 895 116254 1038 32 60
ta053 117488 13000 2328 879 115904 2178 56 60
ta053 117235 13000 2596 1394 116054 928 30 60
ta053 116986 13000 2472 1148 115699 723 26 60
ta053 117291 13000 2342 1204 115740 1392 41 60
ta054 121264 13000 2243 1107 120116 1708 49 60
ta054 121329 13000 2414 1226 120258 469 22 60
ta054 121264 13000 2249 1159 120100 1048 34 60
ta054 121213 13000 2429 1342 120200 979 32 60
ta054 121213 13000 2306 1019 119995 2229 58 60
ta054 121264 13000 2255 1216 120039 2106 56 60
ta054 121213 13000 2340 1270 120072 1966 52 60
ta054 121213 13000 2332 978 119930 1657 46 60
ta054 121264 13000 2394 1247 120194 1190 36 60
ta054 121213 13000 2392 1273 120088 1785 48 60
ta055 119246 13000 2376 834 117399 1285 38 60
ta055 119061 13000 2230 747 117105 1376 41 60
ta055 118996 13000 2254 951 116834 1737 49 60
ta055 119283 13000 2295 960 117606 1985 53 60
ta055 119322 13000 2123 832 117331 1997 57 60
ta055 118761 13000 2361 975 116733 1491 42 60
ta055 118570 13000 2127 835 116972 1651 49 60
ta055 119157 13000 2371 981 117774 2343 59 60
ta055 119246 13000 2420 1004 117504 2206 55 60
ta055 119110 13000 2411 1050 117203 2319 58 60
ta056 121279 13000 2423 1111 120009 1423 40 60
ta056 121321 13000 2188 904 119704 2173 59 60
ta056 121097 13000 2268 1010 119830 1825 51 60
ta056 121097 13000 2366 1248 119695 1322 40 60
ta056 121097 13000 2266 1112 119824 602 25 60
ta056 121099 13000 2199 1013 119567 2054 56 60
ta056 121288 13000 2313 1069 119840 1109 35 60
ta056 121273 13000 2437 1119 119949 2414 59 60
ta056 121060 13000 2200 1217 119782 1928 53 60
ta056 121212 13000 2312 1030 119780 1320 39 60
ta057 123748 13000 2266 956 122572 2152 57 60
ta057 123593 13000 2605 1282 122626 2278 53 60
ta057 123410 13000 2458 1225 122573 1883 48 60
ta057 123291 13000 2370 1391 122082 2063 53 60
ta057 123868 13000 2500 1096 122869 1985 50 60
ta057 123533 13000 2330 816 122309 2323 59 60
ta057 123256 13000 2614 1460 121880 2172 51 60
ta057 123748 13000 2472 1233 122754 1119 32 60
ta057 123578 13000 2506 1113 122727 2152 53 60
ta057 123615 13000 2411 1245 122813 2263 57 60
ta058 123189 13000 2191 874 121036 1594 47 60
ta058 123248 13000 2322 1010 121202 1849 50 60
ta058 123210 13000 2172 753 120951 2154 59 60
ta058 123103 13000 2271 646 121287 1477 43 60
ta058 123103 13000 2251 1008 120950 1662 47 60
ta058 123106 13000 2262 1333 120761 1136 36 60
ta058 123005 13000 2156 884 120738 2104 58 60
ta058 122949 13000 2244 1012 120623 2089 56 60
ta058 123397 13000 2291 945 120832 2235 58 60
ta058 122872 13000 2247 823 120707 1307 40 60
ta059 122261 13000 2495 1270 120890 2396 58 60
ta059 122206 13000 2473 1260 121306 2347 57 60
ta059 122163 13000 2411 1042 120907 1819 48 60
ta059 122221 13000 2554 1120 121027 2380 56 60
ta059 122230 13000 2344 1119 121258 2270 58 60
ta059 122112 13000 2418 1059 120474 1193 35 60
ta059 122200 13000 2302 965 121064 1704 47 60
ta059 122221 13000 2286 1061 121328 2158 57 60
ta059 122221 13000 2470 1356 121282 1991 50 60
ta059 122221 13000 2289 916 121367 1503 43 60
ta060 124853 13000 2308 1067 123472 771 29 60
ta060 124692 13000 2307 1140 123203 603 25 60
ta060 124651 13000 2221 1080 122885 933 32 60
ta060 124969 13000 2173 1009 123201 1174 38 60
ta060 124701 13000 2238 1128 123087 1981 54 60
ta060 124809 13000 2465 925 123395 1353 38 60
ta060 124779 13000 2428 1004 123278 806 28 60
ta060 124701 13000 2160 1098 123272 1821 52 60
ta060 125042 13000 2196 957 123897 2191 59 60
ta060 124940 13000 2301 1026 123513 1488 43 60
ta061 253202 7000 5241 3308 252979 46 7 30
ta061 253202 7000 5246 3274 252979 124 7 30
ta061 253202 7000 5192 3232 252979 73 7 30
ta061 253202 7000 5189 3258 252979 53 7 30
ta061 253202 7000 5217 3295 252979 2 7 30
ta061 253202 7000 5260 3297 252962 896 10 30
ta061 253202 7000 5198 3369 252979 13 7 30
ta061 253202 7000 5230 3250 252979 6 7 30
ta061 253202 7000 5143 3275 252979 88 7 30
ta061 253202 7000 5234 3321 252979 41 7 30
ta062 242090 7000 5732 3415 241991 64 7 30
ta062 242090 7000 5771 3643 241985 1376 12 30
ta062 242090 7000 5905 3669 241961 2570 17 30
ta062 242079 7000 5914 3573 241964 3414 19 30
ta062 242061 7000 5998 3534 241949 1451 12 30
ta062 242028 7000 5825 3506 241883 3811 22 30
ta062 242067 7000 5801 3514 241883 2158 15 30
ta062 242090 7000 6016 3766 241987 4699 24 30
ta062 242073 7000 6069 3629 241908 4786 25 30
ta062 242080 7000 5889 3713 241976 1670 13 30
ta063 237886 7000 5786 3846 237848 1 7 30
ta063 237886 7000 5778 3933 237848 0 7 30
ta063 237886 7000 5764 3789 237848 0 7 30
ta063 237886 7000 5780 3812 237848 2 7 30
ta063 237886 7000 5724 3735 237848 360 8 30
ta063 237886 7000 5804 3889 237848 0 7 30
ta063 237886 7000 5771 3800 237848 1 7 30
ta063 237886 7000 5795 3885 237848 0 7 30
ta063 237886 7000 5770 3764 237848 1 7 30
ta063 237886 7000 5746 3796 237848 0 7 30
ta064 227749 7000 5332 3439 227598 453 8 30
ta064 227740 7000 5368 3476 227672 2794 18 30
ta064 227749 7000 5323 3506 227610 1136 11 30
ta064 227749 7000 5245 3352 227598 296 8 30
ta064 227749 7000 5327 3486 227610 1062 11 30
ta064 227749 7000 5316 3380 227598 1122 11 30
ta064 227696 7000 5407 3568 227503 2428 17 30
ta064 227749 7000 5319 3428 227598 1404 13 30
ta064 227749 7000 5268 3317 227607 3468 22 30
ta064 227749 7000 5323 3523 227598 1122 11 30
ta065 240793 7000 5353 3123 240552 4450 26 30
ta065 240826 7000 5552 3335 240607 4138 23 30
ta065 240816 7000 5315 3321 240603 633 9 30
ta065 240825 7000 5679 3347 240629 4705 26 30
ta065 240825 7000 5602 3259 240641 3474 21 30
ta065 240826 7000 5434 3250 240577 4825 27 30
ta065 240826 7000 5643 3361 240574 1247 12 30
ta065 240826 7000 5752 3509 240665 1239 12 30
ta065 240825 7000 5578 3238 240618 3467 21 30
ta065 240815 7000 5575 3255 240605 4617 26 30
ta066 232399 7000 5907 3739 232171 4169 23 30
ta066 232399 7000 5864 3627 232185 96 7 30
ta066 232399 7000 6125 3721 232196 3560 20 30
ta066 232399 7000 5860 3722 232185 5483 28 30
ta066 232399 7000 5905 3684 232171 922 10 30
ta066 232390 7000 5624 3208 232208 5598 29 30
ta066 232399 7000 5904 3728 232171 3601 21 30
ta066 232399 7000 5919 3698 232185 2875 18 30
ta066 232397 7000 5696 3477 232196 494 8 30
ta066 232399 7000 5937 3719 232171 1382 12 30
ta067 240876 7000 5305 2976 240687 2628 18 30
ta067 240722 7000 5351 2887 240550 2524 17 30
ta067 240876 7000 5236 2813 240628 5047 29 30
ta067 240694 7000 5348 2976 240509 4436 26 30
ta067 240766 7000 5156 2770 240510 4520 27 30
ta067 240730 7000 5213 2868 240528 2769 19 30
ta067 240862 7000 5323 2953 240647 2464 17 30
ta067 240796 7000 5173 2796 240589 3924 24 30
ta067 240820 7000 5218 2873 240602 3045 20 30
ta067 240831 7000 5257 3018 240611 3168 20 30
ta068 231160 7000 6421 3873 230947 0 7 30
ta068 231184 7000 6192 3760 230942 1636 12 30
ta068 231184 7000 6238 3824 230942 1546 12 30
ta068 231137 7000 6568 3922 230887 5324 25 30
ta068 231159 7000 6211 3639 230955 4310 23 30
ta068 231116 7000 6272 3551 230891 1664 13 30
ta068 231184 7000 6338 3844 230942 2672 16 30
ta068 231184 7000 6310 3820 230887 5525 27 30
ta068 231184 7000 6237 3728 230942 2760 17 30
ta068 231116 7000 6355 3867 230887 71 7 30
ta069 248133 7000 6008 3357 247784 4773 25 30
ta069 248152 7000 6066 3601 247809 4217 22 30
ta069 248138 7000 6007 3521 247809 2364 16 30
ta069 248152 7000 6115 3463 247818 422 8 30
ta069 248174 7000 6195 3764 247842 3064 18 30
ta069 248138 7000 6083 3498 247820 216 7 30
ta069 248138 7000 6064 3546 247766 4868 25 30
ta069 248160 7000 6044 3460 247818 2641 17 30
ta069 248254 7000 6056 3561 247797 5099 26 30
ta069 248138 7000 6103 3634 247824 2285 15 30
ta070 243805 7000 5397 3155 243478 4812 27 30
ta070 243950 7000 5322 2869 243625 3051 20 30
ta070 244062 7000 5482 3448 243831 2652 18 30
ta070 244086 7000 5379 2987 243944 3010 19 30
ta070 243819 7000 5421 2971 243343 4814 27 30
ta070 243992 7000 5422 3221 243816 413 8 30
ta070 244075 7000 5513 3492 243847 5482 29 30
ta070 244092 7000 5641 3402 243866 475 8 30
ta070 244003 7000 5261 2964 243668 3781 23 30
ta070 244089 7000 5433 3380 243886 3714 22 30
ta071 300101 13000 3080 2022 299423 2245 47 60
ta071 300075 13000 3165 2012 299453 2502 49 60
ta071 300073 13000 3052 1620 299323 1295 32 60
ta071 300067 13000 3165 2072 299520 985 27 60
ta071 300104 13000 3208 2230 299593 672 22 60
ta071 300107 13000 3235 2121 299493 2296 46 60
ta071 300121 13000 3129 1850 299434 1540 36 60
ta071 300016 13000 3057 1905 299458 1921 42 60
ta071 300091 13000 2944 1790 299494 1243 32 60
ta071 300119 13000 3203 2151 299482 1363 33 60
ta072 274622 13000 3187 2287 274134 2892 55 60
ta072 274622 13000 3144 2245 274089 1388 33 60
ta072 274622 13000 3141 2231 274087 2060 43 60
ta072 274622 13000 3144 2302 274059 2128 44 60
ta072 274622 13000 3211 2287 274066 2941 55 60
ta072 274622 13000 3155 2134 274058 2216 45 60
ta072 274622 13000 3151 2239 274129 2410 48 60
ta072 274622 13000 3163 2257 274104 3099 59 60
ta072 274622 13000 3167 2169 274261 76 14 60
ta072 274622 13000 3098 2146 274134 2324 48 60
ta073 289006 13000 2947 1822 288037 2420 51 60
ta073 289084 13000 2971 1728 288078 2334 49 60
ta073 289084 13000 2910 1757 288057 2836 58 60
ta073 289006 13000 3093 1797 288049 3006 58 60
ta073 289077 13000 3114 1836 288075 2853 56 60
ta073 288994 13000 2983 1524 287822 2852 58 60
ta073 289006 13000 2911 1715 287990 2184 48 60
ta073 288972 13000 3131 1809 287803 3095 59 60
ta073 288992 13000 3028 1770 287973 1567 37 60
ta073 288883 13000 2932 1722 287750 2577 54 60
ta074 301973 13000 2991 2088 301433 2299 49 60
ta074 301973 13000 3255 2266 301429 324 18 60
ta074 301972 13000 2936 2068 301416 581 21 60
ta074 301949 13000 2876 2023 301439 78 14 60
ta074 301972 13000 3193 2231 301417 454 20 60
ta074 301973 13000 2918 1992 301444 1166 31 60
ta074 301978 13000 2906 2024 301445 2455 52 60
ta074 302056 13000 2879 2010 301551 134 15 60
ta074 301972 13000 3134 2212 301411 1466 35 60
ta074 301972 13000 3156 2241 301417 601 22 60
ta075 284235 13000 3143 1922 283621 2089 44 60
ta075 284256 13000 3240 2043 283617 1976 41 60
ta075 284256 13000 3277 2122 283613 2299 45 60
ta075 284256 13000 3258 2114 283633 2640 51 60
ta075 284256 13000 3230 2061 283587 2495 48 60
ta075 284256 13000 3211 2090 283655 1755 38 60
ta075 284230 13000 3158 1983 283644 1368 33 60
ta075 284222 13000 3279 2107 283746 2949 55 60
ta075 284251 13000 3170 1987 283729 1203 30 60
ta075 284222 13000 3181 2019 283683 1071 28 60
ta076 271572 13000 2987 1975 270619 644 23 60
ta076 271555 13000 3016 1713 270301 2173 46 60
ta076 271401 13000 2832 1764 269912 2707 57 60
ta076 271200 13000 2925 1819 270216 2520 53 60
ta076 271381 13000 3062 1935 270512 1428 35 60
ta076 271526 13000 2773 1520 270268 2737 59 60
ta076 271601 13000 3151 2039 270540 3092 59 60
ta076 271466 13000 2856 1315 270132 504 21 60
ta076 271315 13000 2912 1948 270267 2778 57 60
ta076 271228 13000 3000 1894 270171 2947 59 60
ta077 279983 13000 2567 1781 278869 2150 52 60
ta077 279931 13000 2738 1973 279007 2596 57 60
ta077 279930 13000 2699 1932 279111 1650 41 60
ta077 279962 13000 2679 1867 279038 1909 46 60
ta077 279951 13000 2757 1816 279169 1483 38 60
ta077 279942 13000 2763 1943 279137 1908 45 60
ta077 279764 13000 2768 1952 278855 2371 53 60
ta077 280027 13000 2682 1840 279056 347 19 60
ta077 279888 13000 2700 1786 279182 598 23 60
ta077 279754 13000 2621 1683 279075 441 20 60
ta078 291032 13000 3048 1891 290605 901 27 60
ta078 290787 13000 3089 1770 290055 2702 54 60
ta078 291032 13000 3108 1899 290478 1507 35 60
ta078 290885 13000 3085 1921 290500 2739 54 60
ta078 290948 13000 3051 1787 290348 1603 37 60
ta078 290633 13000 3055 1824 290129 2542 52 60
ta078 291020 13000 3051 1810 290472 2043 44 60
ta078 290757 13000 3081 1856 290182 2841 56 60
ta078 290910 13000 3105 1774 290233 2794 55 60
ta078 291032 13000 3143 1938 290533 1356 33 60
ta079 303324 13000 3140 1716 302379 1706 38 60
ta079 303334 13000 3154 1789 302304 3064 58 60
ta079 303189 13000 3125 1769 302171 2998 58 60
ta079 303320 13000 3070 1682 302515 1601 37 60
ta079 302849 13000 3100 1587 301985 2746 54 60
ta079 303271 13000 3147 1780 302344 2979 57 60
ta079 303286 13000 3117 1707 302469 2720 53 60
ta079 303323 13000 3105 1625 302396 2607 52 60
ta079 303212 13000 3094 1901 302457 3021 58 60
ta079 303244 13000 3041 1599 302507 2787 55 60
ta080 291630 13000 3391 1924 291030 250 16 60
ta080 291886 13000 3415 2009 291238 1867 38 60
ta080 291946 13000 3419 2198 291251 2755 50 60
ta080 291653 13000 3343 1884 291162 0 13 60
ta080 291540 13000 3362 1628 291134 528 20 60
ta080 291945 13000 3305 2024 291223 2320 46 60
ta080 291676 13000 3359 1990 291068 2452 47 60
ta080 291680 13000 3456 2169 291159 3152 55 60
ta080 291922 13000 3339 2014 291378 3202 58 60
ta080 291872 13000 3418 2069 291291 2658 49 60
ta081 367460 26000 1258 794 364543 1183 114 120
ta081 367617 26000 1306 800 364941 1287 118 120
ta081 367407 26000 1265 793 364408 1166 112 120
ta081 367663 26000 1310 786 364832 936 93 120
ta081 367811 26000 1262 633 364466 1241 118 120
ta081 367777 26000 1284 699 364318 1277 119 120
ta081 367770 26000 1242 688 364440 906 95 120
ta081 367921 26000 1300 746 364575 1275 118 120
ta081 367860 26000 1369 860 365131 1245 111 120
ta081 367886 26000 1339 760 364340 1322 118 120
ta082 372179 26000 1405 798 369862 1380 118 120
ta082 372080 26000 1370 709 370064 1326 116 120
ta082 372223 26000 1431 857 370425 1373 116 120
ta082 372079 26000 1321 729 369800 1299 118 120
ta082 372263 26000 1400 754 370199 895 86 120
ta082 372203 26000 1419 787 370394 903 86 120
ta082 372248 26000 1364 696 370097 1127 103 120
ta082 372247 26000 1433 839 369990 1425 119 120
ta082 372164 26000 1350 786 369677 1127 104 120
ta082 372175 26000 1371 687 370165 1207 108 120
ta083 373762 26000 1398 678 370424 1279 111 120
ta083 373061 26000 1473 846 370334 1466 119 120
ta083 373471 26000 1505 750 370458 1272 105 120
ta083 373365 26000 1401 704 369317 1298 113 120
ta083 373053 26000 1359 718 369993 1321 117 120
ta083 372856 26001 1288 634 369907 1218 115 120
ta083 373831 26000 1466 811 370758 1374 113 120
ta083 372494 26000 1353 687 369647 1198 109 120
ta083 373416 26000 1388 635 369969 1164 104 120
ta083 373204 26000 1339 676 370492 1335 119 120
ta084 375902 26000 1418 931 372944 1176 105 120
ta084 375949 26000 1370 782 372567 1169 106 120
ta084 375706 26000 1386 719 372320 851 84 120
ta084 375477 26000 1342 832 372526 1114 103 120
ta084 376095 26000 1408 741 372719 335 49 120
ta084 375685 26000 1410 835 372586 1036 95 120
ta084 375912 26000 1386 746 372444 893 86 120
ta084 375931 26000 1324 827 372368 1317 119 120
ta084 375895 26000 1447 847 372778 1215 104 120
ta084 375693 26000 1403 795 372164 1315 114 120
ta085 369953 26000 1327 729 365888 691 75 120
ta085 369926 26000 1360 767 366308 978 93 120
ta085 369644 26000 1406 766 366144 911 87 120
ta085 369913 26000 1258 641 366892 1243 118 120
ta085 369800 26000 1295 592 366237 1291 119 120
ta085 369767 26000 1301 755 365673 980 95 120
ta085 369917 26000 1398 801 366232 1284 112 120
ta085 369782 26000 1353 726 366414 1099 102 120
ta085 369967 26000 1328 763 366426 1042 100 120
ta085 369789 26000 1302 740 366128 1208 113 120
ta086 374753 26000 1296 592 370337 1183 112 120
ta086 374357 26000 1284 726 370498 1282 119 120
ta086 374596 26000 1288 716 370452 1281 119 120
ta086 374352 26000 1460 753 370516 1455 119 120
ta086 374713 26000 1224 644 371087 1114 111 120
ta086 374835 26000 1346 818 370867 1168 107 120
ta086 374029 26000 1269 543 370347 874 91 120
ta086 374555 26000 1348 744 370525 1245 112 120
ta086 374126 26000 1278 602 370113 1200 114 120
ta086 374552 26000 1301 644 370630 1290 119 120
ta087 374857 26000 1510 860 370629 1480 118 120
ta087 374834 26000 1408 765 370523 1363 117 120
ta087 375054 26000 1471 766 370806 905 84 120
ta087 374930 26000 1415 808 370461 810 80 120
ta087 374828 26000 1399 764 370305 701 73 120
ta087 374994 26000 1519 888 370159 1101 93 120
ta087 374792 26000 1405 890 370470 1383 118 120
ta087 374959 26000 1412 754 370151 1074 97 120
ta087 374923 26000 1467 837 370328 1102 96 120
ta087 374942 26000 1297 665 370933 1260 117 120
ta088 386351 26000 1285 788 383373 1263 118 120
ta088 386307 26000 1205 644 382660 1188 118 120
ta088 386325 26000 1255 624 383252 996 100 120
ta088 386196 26001 1188 602 382325 837 91 120
ta088 386153 26000 1293 654 382889 945 93 120
ta088 386351 26000 1217 657 383218 1151 115 120
ta088 386205 26000 1213 676 382326 1088 110 120
ta088 386324 26000 1315 734 382853 1221 113 120
ta088 385484 26000 1191 771 382798 982 104 120
ta088 386066 26000 1281 714 383192 968 97 120
ta089 376788 26000 1241 626 372542 945 97 120
ta089 376605 26000 1289 780 372621 1081 104 120
ta089 376486 26000 1287 649 372385 1251 117 120
ta089 376730 26000 1245 644 372607 1074 106 120
ta089 376393 26000 1270 669 372298 1148 111 120
ta089 376722 26000 1214 672 372598 723 83 120
ta089 376661 26000 1187 602 372229 1099 112 120
ta089 376339 26000 1227 671 372557 529 66 120
ta089 376751 26000 1221 681 373234 915 95 120
ta089 376670 26000 1263 712 373332 602 69 120
ta090 380142 26000 1205 642 377265 1170 117 120
ta090 380249 26000 1277 662 377341 1091 106 120
ta090 380131 26000 1231 667 376149 989 100 120
ta090 380040 26000 1247 596 377245 1189 115 120
ta090 380217 26000 1215 555 376375 959 100 120
ta090 380369 26000 1247 678 377480 871 91 120
ta090 380243 26000 1255 680 376758 965 97 120
ta090 380213 26000 1249 686 377590 1168 114 120
ta090 380445 26000 1320 790 376416 1199 111 120
ta090 380014 26000 1251 742 377369 926 94 120
ta091 1042459 26000 1412 908 1041112 1256 109 120
ta091 1042530 26000 1440 1007 1041158 1377 116 120
ta091 1042655 26000 1462 1039 1041265 1335 111 120
ta091 1042618 26000 1438 1001 1041368 1430 119 120
ta091 1042445 26000 1442 1021 1040954 1287 109 120
ta091 1042520 26000 1448 1023 1041074 1291 109 120
ta091 1042641 26000 1444 1030 1041199 1382 116 120
ta091 1042611 26000 1388 915 1041440 1327 116 120
ta091 1042581 26000 1408 943 1041403 688 71 120
ta091 1042479 26000 1476 929 1041084 1196 102 120
ta092 1028880 26000 1611 1233 1028206 929 80 120
ta092 1028880 26000 1669 1267 1027909 837 73 120
ta092 1028879 26000 1681 1310 1027879 1015 82 120
ta092 1028880 26000 1671 1323 1027859 1627 117 120
ta092 1028880 26000 1682 1289 1027924 1483 108 120
ta092 1028880 26000 1683 1324 1027900 740 67 120
ta092 1028880 26000 1689 1298 1027926 646 62 120
ta092 1028880 26000 1694 1329 1027886 358 46 120
ta092 1028880 26000 1709 1371 1027998 52 28 120
ta092 1028880 26000 1663 1262 1027879 167 35 120
ta093 1043731 26000 1376 887 1042496 1282 113 120
ta093 1043707 26000 1414 952 1042173 1387 118 120
ta093 1043821 26000 1448 984 1042494 1271 109 120
ta093 1043935 26000 1514 1122 1042759 1494 118 120
ta093 1044302 26000 1496 1034 1042508 1442 116 120
ta093 1044152 26000 1467 969 1042294 1236 105 120
ta093 1043915 26000 1435 965 1042456 872 83 120
ta093 1044078 26000 1421 942 1042692 1352 115 120
ta093 1043500 26000 1489 1048 1042117 1116 96 120
ta093 1044279 26001 1513 1034 1043151 802 75 120
ta094 1023771 26000 1942 1304 1022484 1935 119 120
ta094 1024119 26000 1941 1363 1022683 1607 103 120
ta094 1023922 26000 1855 1247 1022770 1443 99 120
ta094 1024157 26000 1946 1311 1022744 1719 108 120
ta094 1023635 26000 1889 1282 1022522 1796 115 120
ta094 1023931 26000 1854 1190 1022556 1815 117 120
ta094 1024015 26000 1849 1185 1022463 1667 110 120
ta094 1023777 26000 1939 1249 1022480 1632 105 120
ta094 1023833 26000 1916 1180 1022654 1817 114 120
ta094 1024051 26000 1796 1134 1022867 1787 119 120
ta095 1029337 26000 1527 1105 1027852 1301 106 120
ta095 1029104 26000 1470 993 1028435 1229 105 120
ta095 1029234 26000 1538 1103 1027566 1319 106 120
ta095 1029281 26000 1547 1112 1027559 1543 119 120
ta095 1029288 26000 1610 1143 1027799 1526 115 120
ta095 1028953 26000 1545 1146 1026987 1394 110 120
ta095 1029090 26000 1539 1137 1027289 1330 107 120
ta095 1029280 26000 1565 1181 1027688 1283 102 120
ta095 1028770 26000 1600 1148 1026853 1363 106 120
ta095 1029078 26000 1570 1162 1027894 256 41 120
ta096 999510 26000 1580 1263 998055 1367 108 120
ta096 999741 26000 1683 1290 998119 1314 99 120
ta096 999668 26000 1746 1455 998352 1214 91 120
ta096 999723 26000 1636 1339 998381 1570 116 120
ta096 999863 26000 1563 1204 998300 1105 91 120
ta096 999703 26000 1615 1270 998210 1403 108 120
ta096 999532 26000 1545 1217 998136 1285 104 120
ta096 999566 26000 1643 1354 998051 1631 119 120
ta096 999952 26000 1585 1240 998498 903 79 120
ta096 999399 26000 1602 1307 998122 1549 116 120
ta097 1042583 26000 2088 1567 1041357 1357 87 120
ta097 1042583 26000 2066 1571 1041244 1181 79 120
ta097 1042583 26000 2069 1562 1041219 2065 119 120
ta097 1042583 26000 2062 1576 1041264 1312 86 120
ta097 1042583 26000 2111 1630 1041264 611 53 120
ta097 1042583 26000 2044 1533 1041222 1832 110 120
ta097 1042583 26000 2062 1574 1041219 1410 89 120
ta097 1042583 26000 2074 1614 1041361 1229 81 120
ta097 1042583 26000 2078 1622 1041219 1123 76 120
ta097 1042583 26000 1998 1510 1041197 1289 86 120
ta098 1035915 26000 1522 1127 1034415 857 78 120
ta098 1035896 26000 1561 1172 1034325 1459 114 120
ta098 1035915 26000 1683 1312 1034327 1597 114 120
ta098 1035915 26000 1661 1254 1034450 1592 115 120
ta098 1035915 26000 1577 1213 1034296 1462 113 120
ta098 1035915 26000 1538 1160 1034384 932 82 120
ta098 1035915 26000 1540 1135 1034364 1460 115 120
ta098 1035915 26000 1559 1189 1034384 269 40 120
ta098 1035915 26000 1565 1183 1034442 1141 94 120
ta098 1035915 26000 1668 1263 1034521 1526 111 120
ta099 1015537 26000 1688 1382 1014570 530 55 120
ta099 1015774 26000 1654 1335 1015037 435 50 120
ta099 1015697 26000 1646 1367 1014606 1389 105 120
ta099 1015651 26000 1641 1315 1014675 604 61 120
ta099 1015709 26000 1677 1407 1014571 1661 119 120
ta099 1015610 26000 1624 1298 1014744 1531 114 120
ta099 1015610 26000 1669 1403 1014783 1174 92 120
ta099 1015651 26000 1645 1361 1014646 1478 110 120
ta099 1015610 26000 1642 1349 1014743 1090 88 120
ta099 1015651 26000 1629 1323 1014766 557 57 120
ta100 1021667 26000 1965 1463 1020558 650 57 120
ta100 1021667 26000 1934 1409 1020560 1714 109 120
ta100 1021699 26000 1843 1339 1020625 1624 108 120
ta100 1021667 26000 1909 1363 1020561 1221 85 120
ta100 1021664 26000 1764 1257 1020475 1705 117 120
ta100 1021661 26000 1928 1412 1020567 980 73 120
ta100 1021791 26000 1820 1317 1020664 893 71 120
ta100 1021702 26000 1829 1341 1020595 1171 86 120
ta100 1021791 26000 1810 1319 1020544 1619 110 120
ta100 1021857 26000 1817 1286 1020574 1255 91 120
ta101 1227590 51000 831 478 1220417 829 239 240
ta101 1226350 51000 848 487 1219063 811 233 240
ta101 1227314 51000 747 398 1220541 673 221 240
ta101 1226981 51001 831 460 1219934 794 232 240
ta101 1227278 51001 833 508 1220003 732 216 240
ta101 1226801 51000 753 386 1216941 687 223 240
ta101 1227267 51000 796 447 1220992 770 234 240
ta101 1225649 51000 805 472 1219848 762 229 240
ta101 1226924 51000 815 478 1221281 789 233 240
ta101 1225011 51001 771 410 1217249 768 239 240
ta102 1233202 51000 643 447 1227668 545 211 240
ta102 1233363 51000 658 441 1227375 654 239 240
ta102 1233483 51001 702 464 1227793 640 223 240
ta102 1233620 51000 679 455 1227883 676 239 240
ta102 1233601 51001 673 435 1227512 660 236 240
ta102 1233530 51002 648 413 1228047 640 238 240
ta102 1233213 51001 685 488 1228127 623 222 240
ta102 1233508 51000 651 449 1228139 540 208 240
ta102 1233694 51000 648 385 1227613 640 238 240
ta102 1233340 51000 679 447 1227567 628 226 240
ta103 1255373 51000 831 539 1249812 795 231 240
ta103 1255193 51000 809 517 1250621 791 236 240
ta103 1255006 51000 779 456 1249885 694 218 240
ta103 1254955 51000 799 492 1249574 764 231 240
ta103 1254827 51001 833 554 1249741 682 206 240
ta103 1255056 51000 861 547 1249775 732 213 240
ta103 1255510 51001 828 549 1250153 793 232 240
ta103 1255257 51000 786 438 1250119 695 218 240
ta103 1255193 51000 817 483 1249450 812 239 240
ta103 1255188 51000 828 497 1249848 801 233 240
ta104 1227613 51000 716 507 1223164 691 233 240
ta104 1227643 51001 729 495 1222132 703 233 240
ta104 1227497 51000 727 511 1222837 725 239 240
ta104 1227732 51000 746 572 1222110 643 213 240
ta104 1227506 51001 707 488 1223273 695 237 240
ta104 1227260 51000 737 508 1222332 646 218 240
ta104 1227732 51000 748 542 1222184 734 236 240
ta104 1227581 51000 710 503 1222960 704 238 240
ta104 1227334 51000 740 522 1222557 629 212 240
ta104 1227732 51000 662 438 1223219 572 213 240
ta105 1216521 51000 761 444 1210240 744 236 240
ta105 1216890 51001 828 540 1210424 813 236 240
ta105 1216651 51000 799 494 1210491 755 229 240
ta105 1216620 51001 791 490 1211811 588 193 240
ta105 1216730 51000 843 496 1210730 812 233 240
ta105 1217059 51000 815 509 1210340 788 233 240
ta105 1216429 51000 813 465 1209993 796 236 240
ta105 1216399 51000 820 486 1210412 782 231 240
ta105 1216567 51000 779 458 1209549 722 227 240
ta105 1216747 51001 817 532 1211173 776 230 240
ta106 1219901 51000 817 507 1215401 795 234 240
ta106 1219928 51000 813 472 1214524 781 233 240
ta106 1220057 51000 851 566 1215103 721 211 240
ta106 1220069 51000 776 485 1214881 771 239 240
ta106 1219792 51000 802 487 1215151 766 231 240
ta106 1219996 51001 832 534 1215012 725 216 240
ta106 1219922 51000 790 487 1214807 755 231 240
ta106 1219953 51000 764 493 1213699 744 235 240
ta106 1219890 51001 815 510 1215067 665 205 240
ta106 1219772 51001 820 491 1215295 760 226 240
ta107 1237358 51000 672 438 1232368 630 227 240
ta107 1237358 51000 682 409 1231055 673 237 240
ta107 1237348 51001 667 443 1232456 664 239 240
ta107 1237358 51000 689 422 1232237 686 239 240
ta107 1237358 51001 686 432 1232007 675 237 240
ta107 1237358 51000 680 434 1231793 671 237 240
ta107 1237358 51000 695 449 1232723 597 212 240
ta107 1237358 51000 697 426 1231715 692 239 240
ta107 1237358 51000 694 454 1232128 620 220 240
ta107 1237358 51001 695 454 1232118 678 235 240
ta108 1234505 51000 792 442 1229542 790 239 240
ta108 1234290 51000 818 487 1229008 658 203 240
ta108 1233894 51000 739 372 1228519 735 239 240
ta108 1233888 51000 765 432 1228632 750 237 240
ta108 1234355 51000 759 458 1229404 701 227 240
ta108 1234259 51000 767 428 1228815 735 233 240
ta108 1233871 51000 778 470 1228634 776 239 240
ta108 1234107 51000 824 487 1228633 733 219 240
ta108 1234122 51000 744 465 1229148 689 227 240
ta108 1233881 51000 786 482 1228457 783 239 240
ta109 1222659 51000 732 450 1215467 674 224 240
ta109 1222659 51000 746 444 1215364 606 203 240
ta109 1222493 51000 738 435 1215533 653 220 240
ta109 1222573 51000 749 464 1215264 574 197 240
ta109 1222659 51001 772 479 1215353 748 234 240
ta109 1222659 51000 760 500 1216002 758 239 240
ta109 1222659 51001 709 504 1215930 624 217 240
ta109 1222659 51000 786 471 1216046 678 213 240
ta109 1222659 51000 759 463 1215841 496 176 240
ta109 1222659 51000 737 471 1215708 729 238 240
ta110 1235379 51000 720 475 1230625 686 232 240
ta110 1235511 51005 715 420 1231246 701 236 240
ta110 1235496 51000 718 472 1231167 703 236 240
ta110 1235500 51001 756 519 1231054 749 238 240
ta110 1235379 51001 704 439 1230756 619 218 240
ta110 1235448 51001 733 498 1231238 594 203 240
ta110 1235511 51000 702 462 1230134 619 218 240
ta110 1235511 51000 732 514 1230629 682 228 240
ta110 1235489 51000 747 463 1231267 739 238 240
ta110 1235424 51000 658 417 1230513 644 236 240
ta111 6562803 126002 292 247 6554910 266 563 600
ta111 6562763 126003 306 256 6555033 271 549 600
ta111 6562803 126001 300 260 6555488 291 588 600
ta111 6562803 126003 299 247 6555448 290 587 600
ta111 6562803 126000 305 268 6555359 300 595 600
ta111 6562803 126000 291 246 6555487 287 594 600
ta111 6562803 126000 301 259 6555372 294 592 600
ta111 6562803 126002 286 246 6555467 244 540 600
ta111 6562803 126002 282 227 6555718 201 481 600
ta111 6562803 126001 312 263 6555170 290 571 600
ta112 6678994 126001 287 226 6670797 274 582 600
ta112 6678428 126001 305 230 6669999 276 557 600
ta112 6678280 126002 333 251 6670021 320 586 600
ta112 6678615 126003 345 263 6670045 333 585 600
ta112 6679346 126005 260 192 6670725 219 532 600
ta112 6678396 126002 315 231 6670429 209 451 600
ta112 6678602 126001 331 262 6669970 300 556 600
ta112 6678494 126000 334 257 6670089 316 580 600
ta112 6678650 126000 327 241 6670191 318 591 600
ta112 6679227 126000 287 209 6670781 276 586 600
ta113 6632765 126002 280 200 6624970 196 461 600
ta113 6632778 126005 279 219 6625174 275 596 600
ta113 6632778 126002 287 226 6625240 160 401 600
ta113 6632778 126003 283 220 6625270 226 504 600
ta113 6632778 126003 301 241 6625062 285 579 600
ta113 6632778 126006 284 232 6625090 275 589 600
ta113 6632778 126000 279 235 6627356 255 564 600
ta113 6632778 126003 295 250 6624822 254 542 600
ta113 6632778 126001 279 214 6625198 265 581 600
ta113 6632778 126001 276 213 6625341 254 569 600
ta114 6634100 126000 286 226 6623363 237 525 600
ta114 6634100 126003 292 231 6623080 240 523 600
ta114 6634100 126003 298 248 6623284 281 572 600
ta114 6634100 126002 274 204 6623334 237 543 600
ta114 6634100 126003 289 226 6622974 282 592 600
ta114 6634100 126005 287 228 6622545 270 578 600
ta114 6633980 126002 289 223 6623608 266 567 600
ta114 6634100 126000 293 223 6623257 234 514 600
ta114 6634100 126007 290 228 6623171 282 590 600
ta114 6634100 126002 284 227 6623146 275 585 600
ta115 6611081 126000 287 197 6598826 263 565 600
ta115 6610785 126001 297 213 6598708 212 471 600
ta115 6610785 126000 304 221 6598464 274 558 600
ta115 6610764 126001 288 189 6598612 272 580 600
ta115 6610703 126003 287 199 6598366 242 531 600
ta115 6610762 126001 307 233 6598311 293 582 600
ta115 6610813 126002 274 174 6598428 272 599 600
ta115 6610785 126001 300 213 6598299 295 595 600
ta115 6610795 126002 306 212 6598638 268 541 600
ta115 6610785 126007 268 185 6598548 232 547 600
ta116 6606189 126001 395 349 6599742 374 579 600
ta116 6606189 126001 364 316 6599460 291 503 600
ta116 6606125 126000 365 311 6599319 336 565 600
ta116 6606189 126001 365 320 6599005 352 587 600
ta116 6606189 126002 398 336 6599783 386 589 600
ta116 6606189 126003 376 332 6599860 188 375 600
ta116 6606189 126003 366 308 6599789 341 571 600
ta116 6606189 126001 369 308 6599026 354 585 600
ta116 6606189 126000 379 320 6600095 351 571 600
ta116 6606189 126002 379 329 6598901 312 523 600
ta117 6576737 126001 277 233 6565683 272 594 600
ta117 6576737 126003 277 222 6565571 258 571 600
ta117 6576737 126001 269 202 6565651 259 587 600
ta117 6576737 126003 262 203 6566962 250 571 600
ta117 6576737 126000 277 222 6565712 214 502 600
ta117 6576737 126003 280 232 6565316 274 592 600
ta117 6576737 126005 275 210 6565264 239 550 600
ta117 6576737 126005 271 218 6565259 202 491 600
ta117 6576737 126003 276 220 6565892 274 597 600
ta117 6576737 126002 273 224 6565354 251 566 600
ta118 6629449 126000 311 237 6619684 280 555 600
ta118 6629408 126002 282 195 6619499 269 581 600
ta118 6629360 126005 307 223 6620414 259 536 600
ta118 6629449 126000 307 236 6619722 277 557 600
ta118 6629401 126002 319 246 6619677 311 592 600
ta118 6629440 126000 301 215 6619885 145 365 600
ta118 6629449 126001 302 229 6619950 285 579 600
ta118 6629129 126002 319 253 6620091 314 596 600
ta118 6629349 126000 298 240 6619668 295 596 600
ta118 6629449 126003 310 236 6619499 270 544 600
ta119 6569309 126000 297 228 6560775 288 588 600
ta119 6569309 126002 294 226 6560535 281 584 600
ta119 6569309 126003 292 230 6560620 216 487 600
ta119 6569309 126000 300 231 6560642 284 580 600
ta119 6569309 126002 287 212 6560750 243 533 600
ta119 6569309 126002 298 232 6560683 262 546 600
ta119 6569309 126001 301 240 6560639 282 575 600
ta119 6569309 126002 298 214 6561145 284 581 600
ta119 6569309 126002 293 224 6560565 281 583 600
ta119 6569309 126003 294 226 6560754 139 361 600
ta120 6617613 126003 300 227 6606095 287 585 600
ta120 6617581 126001 291 238 6608798 262 560 600
ta120 6617984 126002 302 237 6608278 299 597 600
ta120 6617459 126002 313 260 6607127 312 600 600
ta120 6617984 126001 297 243 6607574 276 569 600
ta120 6617984 126003 301 234 6607560 173 416 600
ta120 6617889 126003 310 244 6608419 299 587 600
ta120 6617306 126006 303 243 6607157 290 582 600
ta120 6617984 126003 298 245 6608642 251 530 600
ta120 6618503 126000 317 252 6608594 282 551 600
