# Hostname: ocasrv. Config used: --obj f --timefactor 60 --npf 0.93 --dv01 3 --dv04 0 --dv07 1 --dv08 2 --dv09 3 --dv10 12 --dv11 0 --dv12 2 --dv15 2 --dv16 0 --dv17 3 --dv18 2 --dv19 0 --iga --np --dc 7 --alpha 0.3 --alternate 2 --dc_np 4 --n_ls_np 10000 --rrtd_np 60 --alternate_np 4 --verbose --verbose_np
ta001 14033 1000 19383 10066 13962 15556 4 6
ta001 14033 1000 18618 9071 13962 6275 2 6
ta001 14033 1000 19174 9801 13962 4504 2 6
ta001 14033 1000 19070 9485 14000 1019 1 6
ta001 14033 1000 18915 9065 13962 983 1 6
ta001 14033 1000 19291 10491 13962 8325 3 6
ta001 14033 1000 19237 9413 14000 430 1 6
ta001 14033 1000 18921 9262 13962 1525 1 6
ta001 14033 1000 18665 9151 13962 13465 4 6
ta001 14033 1000 19591 9772 13962 5363 2 6
ta002 15151 1000 20852 8873 15091 8131 2 6
ta002 15151 1000 21098 8927 15091 11148 3 6
ta002 15151 1000 21191 8705 15091 7560 2 6
ta002 15151 1000 20679 8880 15091 18997 5 6
ta002 15151 1000 20440 8470 15084 8001 2 6
ta002 15151 1000 20995 8399 15084 11943 3 6
ta002 15151 1000 20733 8556 15078 10534 3 6
ta002 15151 1000 20916 8734 15078 18585 5 6
ta002 15151 1000 20300 8080 15084 7423 2 6
ta002 15151 1000 20679 8247 15084 14137 4 6
ta003 13301 1000 17237 8279 12956 7981 3 6
ta003 13301 1000 17077 8241 12956 2427 1 6
ta003 13301 1000 17109 8226 12956 133 1 6
ta003 13301 1000 16932 6748 12956 852 1 6
ta003 13301 1000 17298 8508 12956 439 1 6
ta003 13301 1000 17197 8156 12956 1115 1 6
ta003 13301 1000 16989 7592 12956 12737 4 6
ta003 13301 1000 17197 8012 12956 1144 1 6
ta003 13301 1000 17076 8534 12956 3424 2 6
ta003 13301 1000 17134 8250 12956 4814 2 6
ta004 15447 1000 19217 10822 15391 430 1 6
ta004 15447 1000 19358 10687 15391 4530 2 6
ta004 15447 1000 18469 10048 15374 9496 3 6
ta004 15447 1000 19288 11034 15391 940 1 6
ta004 15447 1000 19175 10283 15391 380 1 6
ta004 15447 1000 19313 10601 15391 15315 4 6
ta004 15447 1000 19286 10932 15391 1068 1 6
ta004 15447 1000 19430 11256 15391 110 1 6
ta004 15447 1000 19344 10871 15391 1432 1 6
ta004 15447 1000 19176 10654 15391 197 1 6
ta005 13529 1000 19326 13531 13472 120 1 6
ta005 13529 1000 19314 13737 13472 42 1 6
ta005 13529 1000 18681 13509 13472 175 1 6
ta005 13529 1000 19104 13524 13472 236 1 6
ta005 13529 1000 19157 13495 13472 104 1 6
ta005 13529 1000 19087 13666 13472 200 1 6
ta005 13529 1000 19225 13603 13472 349 1 6
ta005 13529 1000 19226 13336 13472 223 1 6
ta005 13529 1000 18878 13168 13472 323 1 6
ta005 13529 1000 19240 13515 13472 41 1 6
ta006 13123 1000 19119 10877 13058 6909 2 6
ta006 13123 1000 19266 10835 13058 8469 3 6
ta006 13123 1000 19213 10523 13058 1320 1 6
ta006 13123 1000 18988 10368 13058 421 1 6
ta006 13123 1000 19071 10397 13058 2077 1 6
ta006 13123 1000 19157 10667 13058 1971 1 6
ta006 13123 1000 19226 10907 13058 11175 3 6
ta006 13123 1000 19232 10481 13058 4243 2 6
ta006 13123 1000 19098 10974 13058 5955 2 6
ta006 13123 1000 19205 10519 13058 2735 1 6
ta007 13548 1000 21165 11238 13479 267 1 6
ta007 13548 1000 20800 10154 13479 99 1 6
ta007 13548 1000 21099 11140 13479 203 1 6
ta007 13548 1000 20658 10964 13479 469 1 6
ta007 13548 1000 20858 10860 13479 164 1 6
ta007 13548 1000 20747 11063 13479 176 1 6
ta007 13548 1000 20997 11212 13479 39 1 6
ta007 13548 1000 20660 10925 13479 131 1 6
ta007 13548 1000 20959 10239 13479 565 1 6
ta007 13548 1000 20934 10584 13479 126 1 6
ta008 13948 1000 18445 11089 13882 4 1 6
ta008 13948 1000 18645 11172 13882 219 1 6
ta008 13948 1000 18378 10944 13882 153 1 6
ta008 13948 1000 18613 11072 13882 47 1 6
ta008 13948 1000 18522 9896 13882 12 1 6
ta008 13948 1000 18618 10821 13882 14 1 6
ta008 13948 1000 18284 10605 13882 263 1 6
ta008 13948 1000 18626 10728 13882 386 1 6
ta008 13948 1000 18522 11118 13882 301 1 6
ta008 13948 1000 18609 10908 13882 24 1 6
ta009 14295 1000 19188 10599 14047 512 1 6
ta009 14295 1000 19421 10641 14047 503 1 6
ta009 14295 1000 19550 10721 14047 202 1 6
ta009 14295 1000 19637 10793 14047 92 1 6
ta009 14295 1000 19389 10509 14047 439 1 6
ta009 14295 1000 18408 10166 14047 621 1 6
ta009 14295 1000 19701 10927 14047 1290 1 6
ta009 14295 1000 19374 10576 14047 483 1 6
ta009 14295 1000 19403 10414 14047 1228 1 6
ta009 14295 1000 19552 10961 14047 358 1 6
ta010 12943 1000 18499 9891 12904 2776 1 6
ta010 12943 1000 18489 9928 12904 2464 1 6
ta010 12943 1000 18617 9911 12904 3551 1 6
ta010 12943 1000 18653 9690 12904 1605 1 6
ta010 12943 1000 18938 9415 12904 3241 1 6
ta010 12943 1000 18346 9377 12904 9806 3 6
ta010 12943 1000 18509 9671 12904 748 1 6
ta010 12943 1000 18288 9333 12894 15282 5 6
ta010 12943 1000 18473 10098 12904 589 1 6
ta010 12943 1000 17568 9041 12894 3645 2 6
ta011 20911 1000 12337 6799 20496 1507 2 12
ta011 20911 1000 11697 5288 20612 95 1 12
ta011 20911 1000 11671 5943 20577 940 1 12
ta011 20911 1000 11778 5952 20577 1052 2 12
ta011 20911 1000 11974 6330 20496 6020 6 12
ta011 20911 1000 11988 6243 20577 4232 4 12
ta011 20911 1000 11970 6120 20577 3813 4 12
ta011 20911 1000 11818 5787 20577 5198 5 12
ta011 20911 1000 11708 5741 20577 2279 3 12
ta011 20911 1000 11722 5946 20577 471 1 12
ta012 22440 1000 11652 6348 22341 1418 2 12
ta012 22440 1000 10996 4248 22263 6357 7 12
ta012 22440 1000 11753 6501 22341 161 1 12
ta012 22440 1000 11708 6486 22341 1016 2 12
ta012 22440 1000 11338 5475 22341 531 1 12
ta012 22440 1000 11633 6424 22341 1196 2 12
ta012 22440 1000 11240 5515 22341 4396 5 12
ta012 22440 1000 10858 4814 22341 257 1 12
ta012 22440 1000 11776 6474 22341 403 1 12
ta012 22440 1000 10952 5081 22316 10314 11 12
ta013 19833 1000 11872 6364 19493 31 1 12
ta013 19833 1000 12387 6723 19493 385 1 12
ta013 19833 1000 12284 6890 19493 197 1 12
ta013 19833 1000 12240 6507 19493 328 1 12
ta013 19833 1000 12111 6724 19493 27 1 12
ta013 19833 1000 12202 6834 19493 94 1 12
ta013 19833 1000 12331 6772 19493 97 1 12
ta013 19833 1000 12116 6686 19493 522 1 12
ta013 19833 1000 12188 6614 19493 120 1 12
ta013 19833 1000 12118 6705 19493 62 1 12
ta014 18710 1000 10993 5028 18390 1986 3 12
ta014 18710 1000 10728 2690 18367 1560 2 12
ta014 18710 1000 10787 4214 18360 899 1 12
ta014 18710 1000 10895 5011 18407 4316 5 12
ta014 18710 1000 10824 4905 18348 1151 2 12
ta014 18710 1000 10933 4983 18348 1572 2 12
ta014 18710 1000 10656 4405 18349 7698 8 12
ta014 18710 1000 10547 3840 18367 1755 2 12
ta014 18710 1000 10680 4308 18360 1841 2 12
ta014 18710 1000 10705 5575 18373 4735 5 12
ta015 18641 1000 10569 4588 18245 10186 11 12
ta015 18641 1000 11480 6265 18234 7374 8 12
ta015 18641 1000 11127 5941 18255 3295 4 12
ta015 18641 1000 11360 6105 18212 7574 8 12
ta015 18641 1000 11028 5268 18240 9032 10 12
ta015 18641 1000 11096 5825 18241 4978 5 12
ta015 18641 1000 11340 6108 18240 6376 7 12
ta015 18641 1000 11625 6600 18240 564 1 12
ta015 18641 1000 10870 5250 18240 6266 7 12
ta015 18641 1000 11515 6435 18224 1836 2 12
ta016 19245 1000 10700 5868 18640 192 1 12
ta016 19245 1000 11169 6703 18593 2636 3 12
ta016 19245 1000 10429 5292 18625 101 1 12
ta016 19245 1000 10467 5331 18625 451 1 12
ta016 19245 1000 10817 5798 18625 2917 3 12
ta016 19245 1000 10523 6476 18581 824 1 12
ta016 19245 1000 10728 6296 18581 4828 5 12
ta016 19245 1000 11168 6083 18576 1995 2 12
ta016 19245 1000 10563 6476 18581 1356 2 12
ta016 19245 1000 10488 6582 18581 243 1 12
ta017 18363 1000 12447 6548 18073 445 1 12
ta017 18363 1000 12918 7249 18073 77 1 12
ta017 18363 1000 12840 6906 18073 19 1 12
ta017 18363 1000 12815 7099 18073 194 1 12
ta017 18363 1000 12796 6022 18042 417 1 12
ta017 18363 1000 12641 6925 18073 21 1 12
ta017 18363 1000 12758 7125 18073 796 1 12
ta017 18363 1000 12545 5516 18042 690 1 12
ta017 18363 1000 12426 5239 18042 1127 1 12
ta017 18363 1000 12737 6754 18073 62 1 12
ta018 20241 1000 12166 6833 19836 3215 3 12
ta018 20241 1000 10748 4382 19837 368 1 12
ta018 20241 1000 10757 4715 19830 2874 3 12
ta018 20241 1000 10945 5159 19936 3392 4 12
ta018 20241 1000 10947 4603 19830 2351 3 12
ta018 20241 1000 11983 5771 19953 597 1 12
ta018 20241 1000 10901 4506 19830 2159 3 12
ta018 20241 1000 11474 5771 19836 333 1 12
ta018 20241 1000 10968 4488 19830 4205 5 12
ta018 20241 1000 10936 4955 19851 4187 5 12
ta019 20330 1000 13334 7945 20106 26 1 12
ta019 20330 1000 13482 7938 20106 27 1 12
ta019 20330 1000 13451 7892 20106 18 1 12
ta019 20330 1000 13514 7990 20106 38 1 12
ta019 20330 1000 13411 7765 20106 48 1 12
ta019 20330 1000 13461 8085 20106 22 1 12
ta019 20330 1000 13388 7935 20106 6 1 12
ta019 20330 1000 13610 8054 20106 44 1 12
ta019 20330 1000 13494 7894 20106 85 1 12
ta019 20330 1000 13378 7862 20106 15 1 12
ta020 21320 1000 11635 6950 20955 328 1 12
ta020 21320 1000 11538 7249 20872 290 1 12
ta020 21320 1000 11261 7127 20872 376 1 12
ta020 21320 1000 11375 7058 20872 999 1 12
ta020 21320 1000 11648 7413 20872 521 1 12
ta020 21320 1000 11626 7428 20954 4085 4 12
ta020 21320 1000 11542 7437 20872 72 1 12
ta020 21320 1000 11321 7072 20872 928 1 12
ta020 21320 1000 11549 6822 20955 79 1 12
ta020 21320 1000 11714 6975 20955 456 1 12
ta021 33623 2000 6472 2956 33316 216 2 24
ta021 33623 2000 6317 2729 33278 879 4 24
ta021 33623 2000 6521 3147 33150 3095 12 24
ta021 33623 2000 6866 3776 33257 5605 20 24
ta021 33623 2000 6643 3111 33150 2122 8 24
ta021 33623 2000 6555 3274 33251 4263 16 24
ta021 33623 2000 6667 3324 33150 3802 14 24
ta021 33623 2000 6801 3530 33244 1003 5 24
ta021 33623 2000 6798 3555 33244 727 4 24
ta021 33623 2000 6484 3120 33150 1161 6 24
ta022 31587 2000 5820 2194 30609 1449 7 24
ta022 31587 2000 5484 1671 30861 4956 22 24
ta022 31587 2000 5252 808 30713 2592 12 24
ta022 31587 2000 5631 1839 30609 5479 23 24
ta022 31587 2000 5790 2166 30853 4356 18 24
ta022 31587 2000 5489 981 30526 2809 13 24
ta022 31587 2000 5741 2061 30875 3941 17 24
ta022 31587 2000 5740 1900 30609 2787 12 24
ta022 31587 2000 5480 990 30570 636 4 24
ta022 31587 2000 5795 1633 30816 1019 5 24
ta023 33920 2000 6145 2872 32983 1584 7 24
ta023 33920 2000 7013 3893 33174 754 4 24
ta023 33920 2000 6032 3400 33027 2089 9 24
ta023 33920 2000 6856 3865 33094 5064 17 24
ta023 33920 2000 5834 3111 32973 4430 18 24
ta023 33920 2000 6252 2155 32960 3632 15 24
ta023 33920 2000 6338 3235 33037 118 2 24
ta023 33920 2000 6099 2765 32948 632 4 24
ta023 33920 2000 5806 3246 33028 1160 6 24
ta023 33920 2000 5963 3310 33027 5545 22 24
ta024 31661 2000 6512 2792 30983 2681 11 24
ta024 31661 2000 6414 3748 30862 313 3 24
ta024 31661 2000 6491 2648 30983 134 2 24
ta024 31661 2000 6412 2959 30996 462 3 24
ta024 31661 2000 6473 2910 30983 3346 13 24
ta024 31661 2000 6539 2741 30983 783 4 24
ta024 31661 2000 6506 2732 30983 1398 6 24
ta024 31661 2000 6585 2665 30983 89 2 24
ta024 31661 2000 6466 3060 30983 3991 15 24
ta024 31661 2000 6482 2762 30983 2101 9 24
ta025 34557 2000 6771 3502 33899 3469 13 24
ta025 34557 2000 6738 3222 33899 1507 7 24
ta025 34557 2000 6425 2491 34144 324 3 24
ta025 34557 2000 6523 2995 34196 157 2 24
ta025 34557 2000 6765 2843 34111 76 2 24
ta025 34557 2000 6145 2038 34014 654 4 24
ta025 34557 2000 6256 1852 33847 4243 16 24
ta025 34557 2000 6489 2694 34204 193 2 24
ta025 34557 2000 6721 2736 33823 5369 19 24
ta025 34557 2000 6780 3584 33880 6508 23 24
ta026 32564 2000 5704 2361 31769 258 2 24
ta026 32564 2000 5792 2447 31769 2113 9 24
ta026 32564 2000 5719 2413 31769 627 4 24
ta026 32564 2000 5661 2302 31769 774 4 24
ta026 32564 2000 6296 2594 31975 5778 22 24
ta026 32564 2000 5819 2274 31769 131 2 24
ta026 32564 2000 5802 2229 31769 336 3 24
ta026 32564 2000 5727 2290 31769 77 2 24
ta026 32564 2000 5933 2389 31769 3690 15 24
ta026 32564 2000 6422 2423 31827 281 2 24
ta027 32922 2000 6766 3133 32271 1191 5 24
ta027 32922 2000 6605 3285 32293 435 3 24
ta027 32922 2000 6643 2553 32497 6636 23 24
ta027 32922 2000 6186 1309 32366 2966 12 24
ta027 32922 2000 6489 2554 32281 4029 15 24
ta027 32922 2000 6301 1845 32215 5117 19 24
ta027 32922 2000 6406 2580 32477 1469 7 24
ta027 32922 2000 6770 2855 32260 5819 20 24
ta027 32922 2000 5997 2538 32235 142 2 24
ta027 32922 2000 7041 3216 32455 157 2 24
ta028 32412 2000 6513 4048 31763 1162 5 24
ta028 32412 2000 6560 3967 31763 2076 8 24
ta028 32412 2000 6221 3486 31763 2205 10 24
ta028 32412 2000 6510 4059 31763 721 4 24
ta028 32412 2000 6537 4048 31763 1225 5 24
ta028 32412 2000 6269 2533 31940 6096 23 24
ta028 32412 2000 6483 4052 31763 1085 5 24
ta028 32412 2000 6101 2125 31931 4984 19 24
ta028 32412 2000 6678 3822 31783 3017 12 24
ta028 32412 2000 6531 4158 31763 451 3 24
ta029 33600 2000 5553 1811 32912 3998 17 24
ta029 33600 2000 5741 2355 32837 5312 22 24
ta029 33600 2000 5914 3656 32837 1099 6 24
ta029 33600 2000 5653 1821 32903 4284 18 24
ta029 33600 2000 5855 3240 32837 3892 16 24
ta029 33600 2000 6000 3650 32837 2247 10 24
ta029 33600 2000 5894 3256 32840 5348 22 24
ta029 33600 2000 5716 1822 32843 1002 5 24
ta029 33600 2000 5835 1703 32988 1350 7 24
ta029 33600 2000 5899 2044 32901 2736 12 24
ta030 32262 2000 7008 2467 31665 3896 14 24
ta030 32262 2000 6720 2858 31579 6364 22 24
ta030 32262 2000 6550 2656 31587 2209 9 24
ta030 32262 2000 6536 3309 31646 38 2 24
ta030 32262 2000 6849 3056 31646 4897 17 24
ta030 32262 2000 6619 2442 31561 3573 13 24
ta030 32262 2000 6637 2848 31653 76 2 24
ta030 32262 2000 7041 2133 31665 706 4 24
ta030 32262 2000 6630 2327 31596 453 3 24
ta030 32262 2000 6682 2899 31653 202 2 24
ta031 64893 2000 10699 5242 64722 3704 6 15
ta031 64900 2000 10855 5669 64770 1623 3 15
ta031 64843 2000 10679 5385 64723 30 2 15
ta031 64903 2000 11057 5584 64686 3927 6 15
ta031 64936 2000 10914 5833 64746 10494 14 15
ta031 64955 2000 10184 5139 64784 9979 14 15
ta031 64901 2000 10919 5376 64784 531 2 15
ta031 64936 2000 10559 5403 64750 4644 7 15
ta031 64890 2000 10574 5168 64825 7025 10 15
ta031 64924 2000 10921 5391 64889 8439 11 15
ta032 68180 2000 11995 6532 68024 4363 6 15
ta032 68180 2000 12378 6843 68055 9397 11 15
ta032 68180 2000 12426 6928 68067 0 2 15
ta032 68180 2000 12472 6951 68049 6745 9 15
ta032 68161 2000 11747 6646 68046 7043 9 15
ta032 68180 2000 12389 6562 68064 102 2 15
ta032 68180 2000 12105 6530 68067 0 2 15
ta032 68180 2000 12489 6711 68064 512 2 15
ta032 68180 2000 12809 7204 68049 3462 5 15
ta032 68180 2000 12474 6780 68064 6678 8 15
ta033 63298 2000 11095 5948 63156 6184 9 15
ta033 63350 2000 11278 6088 63187 5105 7 15
ta033 63350 2000 11082 6037 63164 4009 6 15
ta033 63350 2000 11451 6246 63146 2601 5 15
ta033 63350 2000 11321 6108 63150 6094 9 15
ta033 63350 2000 11143 5637 63156 439 2 15
ta033 63350 2000 11402 6074 63144 1972 4 15
ta033 63336 2000 11384 6155 63159 447 2 15
ta033 63350 2000 11422 6083 63150 5510 8 15
ta033 63254 2000 11586 6420 63178 9219 12 15
ta034 68522 2000 11170 6667 68456 9326 12 15
ta034 68526 2000 11440 6374 68384 11033 14 15
ta034 68543 2000 11081 6449 68412 6087 9 15
ta034 68241 2000 11186 5993 68220 158 2 15
ta034 68498 2000 11381 6202 68432 1 2 15
ta034 68547 2000 11030 6132 68396 7455 10 15
ta034 68580 2000 11840 7074 68441 904 3 15
ta034 68409 2000 11093 6360 68357 3393 5 15
ta034 68580 2000 11488 7172 68404 1819 4 15
ta034 68437 2000 11269 6814 68347 9 2 15
ta035 69470 2000 10172 4853 69194 2884 5 15
ta035 69470 2000 10397 4807 69234 250 2 15
ta035 69470 2000 10119 4797 69194 3754 6 15
ta035 69423 2000 10380 5045 69194 7598 11 15
ta035 69412 2000 10385 5072 69194 2544 5 15
ta035 69487 2000 10214 4968 69194 2087 4 15
ta035 69412 2000 10664 5222 69230 2045 4 15
ta035 69508 2000 10105 4718 69355 2551 5 15
ta035 69470 2000 10173 4840 69185 6788 10 15
ta035 69484 2000 10272 4931 69194 4031 6 15
ta036 67014 2000 10872 6016 66958 697 2 15
ta036 67014 2000 11024 6345 66838 8698 12 15
ta036 66975 2000 10976 5813 66831 7686 11 15
ta036 67000 2000 11276 6052 66858 664 2 15
ta036 66966 2000 11481 6521 66741 6842 9 15
ta036 66920 2000 11262 5965 66746 3037 5 15
ta036 67007 2000 11101 5719 66830 7676 10 15
ta036 67014 2000 10733 6091 66933 8091 11 15
ta036 66975 2000 11004 5889 66763 6534 9 15
ta036 66942 2000 10983 5731 66746 317 2 15
ta037 66292 2000 10395 4951 66139 3176 5 15
ta037 66293 2000 10865 5320 66098 4750 7 15
ta037 66370 2000 10308 5336 66116 4719 7 15
ta037 66302 2000 10512 5361 66025 9767 14 15
ta037 66359 2000 10486 4826 66095 3365 6 15
ta037 66343 2000 10068 4934 66079 6616 10 15
ta037 66323 2000 10439 4864 66089 8131 12 15
ta037 66297 2000 10462 4944 66079 9842 14 15
ta037 66346 2000 10241 5190 66040 6287 9 15
ta037 66323 2000 10832 5267 66185 4955 7 15
ta038 64453 2000 11175 6069 64335 1138 3 15
ta038 64438 2000 11148 6642 64243 5629 8 15
ta038 64453 2000 11165 5974 64319 52 2 15
ta038 64393 2000 11569 6469 64234 4589 7 15
ta038 64424 2000 11235 6522 64306 1927 4 15
ta038 64407 2000 11352 6481 64329 4516 7 15
ta038 64445 2000 11208 5990 64319 3955 6 15
ta038 64430 2000 11520 6819 64271 57 2 15
ta038 64442 2000 11587 6865 64285 10794 14 15
ta038 64430 2000 11490 6903 64271 105 2 15
ta039 63237 2000 11126 6932 62955 10823 14 15
ta039 63228 2000 11292 6979 62976 7496 10 15
ta039 63150 2000 11069 6788 62949 7792 11 15
ta039 63169 2000 11058 6601 62931 10035 13 15
ta039 63145 2000 10842 5784 63010 8734 12 15
ta039 63199 2000 10883 6459 62960 6956 10 15
ta039 63114 2000 11153 6950 62909 9052 12 15
ta039 63128 2000 11040 6687 62972 8061 11 15
ta039 63206 2000 11314 6771 63010 7106 10 15
ta039 63116 2000 11240 6799 63018 4034 6 15
ta040 69132 2000 11224 5703 68936 1576 3 15
ta040 68915 2000 11092 5501 68750 1771 4 15
ta040 69042 2000 11283 5429 68761 5469 8 15
ta040 68915 2000 11186 5649 68750 351 2 15
ta040 69031 2000 11130 5438 68736 6657 9 15
ta040 68939 2000 11267 5697 68733 10058 13 15
ta040 69067 2000 11280 5627 68750 1437 3 15
ta040 69053 2000 11019 5475 68851 5046 7 15
ta040 68996 2000 11121 5564 68827 1395 3 15
ta040 68915 2000 10975 5392 68752 6570 9 15
ta041 87327 3000 5918 3588 87184 301 4 30
ta041 87371 3000 6084 4006 86865 1527 9 30
ta041 87754 3000 5941 3529 87252 1830 11 30
ta041 87912 3000 6338 3484 87169 2123 11 30
ta041 87868 3000 5955 2971 86843 3897 20 30
ta041 87620 3000 6212 4053 86940 741 6 30
ta041 88064 3000 5912 2805 87070 5024 26 30
ta041 87608 3000 5909 2976 86829 1100 7 30
ta041 87485 3000 5955 3818 86992 3593 18 30
ta041 87916 3000 6366 3576 87202 3974 19 30
ta042 83594 3000 5992 3441 83106 5833 29 30
ta042 83825 3000 6155 3824 83125 5042 25 30
ta042 83329 3000 5391 3308 82622 5223 29 30
ta042 83379 3000 5610 3122 82626 2927 17 30
ta042 82952 3000 5800 3686 82426 1540 10 30
ta042 83305 3000 5855 3215 82617 4805 25 30
ta042 83522 3000 5357 2977 82899 2397 15 30
ta042 83474 3000 5966 3874 82901 5715 28 30
ta042 83545 3000 5855 3398 82814 5345 27 30
ta042 83447 3000 5873 2857 82607 4657 24 30
ta043 80542 3000 6181 3750 80046 1910 11 30
ta043 80648 3000 6005 3146 80232 1444 9 30
ta043 80653 3000 6015 3647 80383 1528 9 30
ta043 80573 3000 5758 3174 79937 4413 23 30
ta043 80635 3000 5556 2593 80207 2918 17 30
ta043 80644 3000 5986 3602 79891 3825 20 30
ta043 80464 3000 5891 3799 79754 4399 23 30
ta043 80537 3000 6037 3433 79865 829 6 30
ta043 80648 3000 6155 3464 80263 6118 29 30
ta043 80653 3000 6040 3530 80368 5530 27 30
ta044 86996 3000 6080 3740 86439 4039 21 30
ta044 87053 3000 6098 4146 86375 3171 16 30
ta044 87044 3000 5860 3923 86496 1485 9 30
ta044 86775 3000 6027 3557 86332 1903 11 30
ta044 86745 3000 6065 4146 86417 3882 20 30
ta044 86776 3000 6536 4389 86521 3338 16 30
ta044 86941 3000 6501 4036 86520 378 4 30
ta044 87075 3000 6174 3827 86970 1174 8 30
ta044 87085 3000 6330 3905 86959 250 4 30
ta044 87044 3000 5930 3621 86625 3712 19 30
ta045 86678 3000 6686 3809 86289 5631 25 30
ta045 86765 3000 5879 2876 85993 2776 15 30
ta045 86960 3000 6073 3579 86244 4909 24 30
ta045 86412 3000 6426 2864 85562 3602 17 30
ta045 87151 3000 5674 3056 86035 5220 27 30
ta045 87019 3000 5647 2981 86515 4071 22 30
ta045 87015 3000 5732 3046 86120 5514 28 30
ta045 86901 3000 5853 3441 86571 2567 14 30
ta045 86935 3000 5700 3359 86113 3140 17 30
ta045 87055 3000 6144 3004 86541 5616 27 30
ta046 86716 3000 5756 2693 86114 2327 13 30
ta046 86839 3000 6072 3536 86019 363 4 30
ta046 86925 3000 5934 3033 86307 5595 28 30
ta046 87072 3000 5964 3156 86559 5050 25 30
ta046 86886 3000 5928 3122 86106 665 6 30
ta046 86952 3000 5820 3464 86245 5472 28 30
ta046 86834 3000 6100 3565 86428 736 6 30
ta046 86917 3000 5944 2389 86304 4850 24 30
ta046 86987 3000 6169 3691 86538 6057 29 30
ta046 87019 3000 5286 3034 86163 1883 12 30
ta047 89222 3000 5130 2959 88301 2615 16 30
ta047 89219 3000 4969 2743 88475 4305 26 30
ta047 89379 3000 4919 2424 88699 1393 10 30
ta047 89292 3000 5413 2924 88516 3073 18 30
ta047 89177 3000 5374 2833 88849 2617 15 30
ta047 89484 3000 5111 2634 88822 4730 27 30
ta047 89356 3000 5294 3217 88367 938 7 30
ta047 89486 3000 5139 3062 88445 5009 29 30
ta047 89296 3000 5274 2729 88741 488 5 30
ta047 89095 3000 5175 3013 88342 3133 19 30
ta048 87287 3000 5830 3429 86898 4189 22 30
ta048 87281 3000 6012 3464 86986 2340 13 30
ta048 87274 3000 6133 3474 86917 6079 29 30
ta048 87274 3000 5951 3291 86812 1769 10 30
ta048 87274 3000 6047 3394 86768 4714 23 30
ta048 87274 3000 5932 3322 86791 1601 10 30
ta048 87274 3000 6130 3425 86993 240 4 30
ta048 87274 3000 6019 3254 86768 2109 12 30
ta048 87287 3000 5837 3469 86859 2613 14 30
ta048 87253 3000 6121 3514 86870 3926 20 30
ta049 85719 3000 6010 3826 85491 105 3 30
ta049 85761 3000 5557 3143 85297 3845 21 30
ta049 85827 3000 5587 3432 85568 3942 22 30
ta049 85763 3000 5605 3250 85315 2769 16 30
ta049 85817 3000 5874 3776 85354 1665 10 30
ta049 85888 3000 6080 3878 85642 93 3 30
ta049 85789 3000 5585 3170 85521 1803 11 30
ta049 85757 3000 5660 3448 85515 2505 14 30
ta049 85976 3000 5620 2710 85209 4569 25 30
ta049 85651 3000 6135 4134 85315 1273 8 30
ta050 88140 3000 5578 3446 87857 4421 24 30
ta050 87998 3000 5426 2710 87509 1687 11 30
ta050 88241 3000 5273 2720 87696 3334 19 30
ta050 88370 3000 5343 3347 87776 5076 28 30
ta050 88208 3000 5163 2873 87692 3554 21 30
ta050 88265 3000 5536 3364 87863 3771 21 30
ta050 88342 3000 5078 2881 87781 1133 9 30
ta050 88236 3000 5325 2830 87677 1101 8 30
ta050 88095 3000 5315 2361 87504 2748 16 30
ta050 88361 3000 5452 3128 87630 5437 29 30
ta051 126107 5000 3053 1496 124348 1778 36 60
ta051 125885 5000 3620 2224 124377 3210 53 60
ta051 126109 5000 3090 1934 124837 2272 44 60
ta051 126063 5000 2985 1135 124520 1713 36 60
ta051 126133 5000 3009 1666 124748 1812 37 60
ta051 126053 5000 3187 1624 124678 2382 46 60
ta051 125850 5000 3197 1477 124099 2949 55 60
ta051 125885 5000 3039 1707 124765 2506 49 60
ta051 125987 5000 3226 1648 124939 2591 49 60
ta051 126106 5000 3181 1386 124518 1504 31 60
ta052 120337 5000 2874 1008 118699 955 22 60
ta052 120100 5000 3152 1585 119076 1327 27 60
ta052 120224 5000 3121 1567 118920 3074 59 60
ta052 119959 5000 3219 1548 118082 2901 54 60
ta052 120112 5000 3008 1516 118213 2909 58 60
ta052 120102 5000 3232 1672 117889 3196 59 60
ta052 120159 5000 3211 1834 117781 3105 58 60
ta052 120153 5000 2905 1281 117876 2627 54 60
ta052 120179 5000 3132 1769 119144 768 18 60
ta052 120102 5000 3269 1993 118223 3266 59 60
ta053 117399 5000 2965 1416 115866 369 11 60
ta053 117193 5000 2858 1183 116011 1641 36 60
ta053 117242 5000 3157 1562 115552 3080 58 60
ta053 117197 5000 3535 1888 116031 3415 58 60
ta053 117377 5000 3381 2075 116008 877 20 60
ta053 117197 5000 3303 1892 116083 1170 24 60
ta053 117266 5000 3033 1512 116074 926 22 60
ta053 117517 5000 2912 1243 116370 2562 53 60
ta053 117144 5000 3404 1853 116004 3149 55 60
ta053 117183 5000 3181 2109 115741 3113 58 60
ta054 121340 5000 3185 1811 119964 2111 41 60
ta054 121252 5000 3101 1677 120048 1282 27 60
ta054 121212 5000 3094 1773 120186 2878 56 60
ta054 121332 5000 3074 1622 120357 828 19 60
ta054 121252 5000 3129 1817 120093 1267 27 60
ta054 121264 5000 3047 1897 120123 957 22 60
ta054 121264 5000 3045 1752 120088 2558 51 60
ta054 121264 5000 3019 1788 120133 212 8 60
ta054 121264 5000 2980 1739 119988 2232 46 60
ta054 121264 5000 2854 1367 120073 1348 32 60
ta055 118570 5000 2971 1509 116647 2256 46 60
ta055 119037 5000 2906 1303 116938 2774 57 60
ta055 119030 5000 2869 1124 116809 1358 31 60
ta055 119043 5000 2946 1549 117273 2889 58 60
ta055 119132 5000 2699 1015 116539 2271 50 60
ta055 118716 5000 3221 1105 116953 3041 56 60
ta055 118872 5000 3085 1489 117411 2301 45 60
ta055 118694 5000 2969 1370 117273 2909 58 60
ta055 118849 5000 2996 1338 117342 2860 57 60
ta055 118976 5000 2909 1429 116911 865 21 60
ta056 121279 5000 2970 1041 120371 2657 54 60
ta056 121268 5000 3402 1686 120146 819 18 60
ta056 121172 5000 3140 1980 120138 2030 40 60
ta056 121348 5000 3142 1341 120417 2601 50 60
ta056 120886 5000 2978 1324 119643 1220 27 60
ta056 121214 5000 3120 1607 120641 1890 38 60
ta056 121538 5000 3174 1335 119838 678 16 60
ta056 121060 5000 3039 1744 119837 1398 30 60
ta056 121018 5000 2951 1721 119830 1587 34 60
ta056 121327 5000 2830 1420 120001 2438 52 60
ta057 123580 5000 3238 1330 122238 1566 31 60
ta057 123305 5000 3178 1700 122246 2943 56 60
ta057 123649 5000 3199 1671 122676 1643 32 60
ta057 123289 5000 3154 1406 121957 3112 59 60
ta057 123723 5000 3138 1430 122472 1673 34 60
ta057 123583 5000 3104 1457 122118 2484 48 60
ta057 123800 5000 3303 1539 122451 2032 39 60
ta057 123287 5000 3280 1890 122439 3238 59 60
ta057 123256 5000 3202 1909 122103 2542 48 60
ta057 123450 5000 2996 1458 122415 2748 55 60
ta058 123088 5000 2692 1144 121244 2399 54 60
ta058 123128 5000 2672 1207 120834 2381 53 60
ta058 122939 5000 2938 1666 120590 2449 50 60
ta058 122993 5000 2835 1524 120815 2348 50 60
ta058 123144 5000 2719 1231 120084 1144 27 60
ta058 123021 5000 2957 1319 120958 1434 32 60
ta058 123272 5000 2777 1605 121683 590 16 60
ta058 123185 5000 2790 1242 120540 2588 55 60
ta058 123273 5000 2769 1130 121395 823 21 60
ta058 122659 5000 3027 1415 120817 3015 59 60
ta059 122242 5000 3146 1267 121163 603 16 60
ta059 122230 5000 3142 1804 121127 2686 51 60
ta059 122230 5000 3089 1497 121008 2640 52 60
ta059 122163 5000 3168 1729 120957 2954 56 60
ta059 122271 5000 3219 1983 121207 2995 56 60
ta059 122244 5000 3246 1780 121365 365 11 60
ta059 122254 5000 3035 1720 121414 1029 23 60
ta059 122221 5000 3101 1599 121336 3061 59 60
ta059 122258 5000 3034 1479 121038 2776 55 60
ta059 122092 5000 3017 1437 121117 2753 55 60
ta060 124857 5000 2830 1514 123747 1566 34 60
ta060 124473 5000 3045 1343 123477 3035 59 60
ta060 124690 5000 2799 1381 123416 2777 59 60
ta060 124783 5000 2686 1293 123407 2618 58 60
ta060 124670 5000 3014 1374 123356 2001 41 60
ta060 124836 5000 2810 1211 123370 1176 27 60
ta060 124920 5000 2673 1000 123546 2361 53 60
ta060 124552 5000 3048 1480 123610 2655 52 60
ta060 125009 5000 2890 1286 123492 965 23 60
ta060 124727 5000 3187 1669 123631 2940 55 60
ta061 253202 3000 6916 4498 252979 28 3 30
ta061 253202 3000 6861 4323 252979 163 3 30
ta061 253202 3000 6771 4275 252979 1 3 30
ta061 253202 3000 6790 4292 252979 274 4 30
ta061 253202 3000 6864 4298 252979 5 3 30
ta061 253202 3000 6861 4302 252979 6656 29 30
ta061 253202 3000 6887 4373 252979 67 3 30
ta061 253202 3000 6817 4217 252979 538 5 30
ta061 253202 3000 6838 4366 252979 66 3 30
ta061 253202 3000 6850 4257 252979 23 3 30
ta062 242090 3000 7757 4804 241934 4872 20 30
ta062 242090 3000 7696 4827 241935 6660 26 30
ta062 242090 3000 7549 4706 241995 2016 10 30
ta062 242090 3000 7798 4742 241985 924 6 30
ta062 242090 3000 7744 4935 241957 6488 25 30
ta062 242090 3000 7753 4894 242001 3639 15 30
ta062 242090 3000 7665 4705 241972 3144 14 30
ta062 242090 3000 7675 4726 241982 6128 24 30
ta062 242090 3000 7686 4800 242000 446 4 30
ta062 242090 3000 7792 4990 241941 1394 7 30
ta063 237886 3000 7610 5164 237848 0 3 30
ta063 237886 3000 7594 5033 237848 0 3 30
ta063 237886 3000 7528 4991 237848 1 3 30
ta063 237886 3000 7608 5117 237848 1 3 30
ta063 237886 3000 7559 4960 237848 0 3 30
ta063 237886 3000 7578 5086 237848 0 3 30
ta063 237886 3000 7593 5072 237848 132 3 30
ta063 237886 3000 7596 4981 237848 0 3 30
ta063 237886 3000 7619 5057 237848 1 3 30
ta063 237886 3000 7670 5118 237848 0 3 30
ta064 227749 3000 7048 4749 227607 3962 18 30
ta064 227749 3000 7065 4717 227624 6475 27 30
ta064 227749 3000 7037 4815 227598 392 4 30
ta064 227749 3000 6960 4464 227578 5774 25 30
ta064 227749 3000 7091 4748 227598 2359 12 30
ta064 227749 3000 7042 4696 227612 414 4 30
ta064 227749 3000 7060 4856 227612 4949 21 30
ta064 227749 3000 6978 4670 227607 4018 18 30
ta064 227749 3000 7047 4805 227598 929 6 30
ta064 227749 3000 7023 4687 227598 419 4 30
ta065 240826 3000 6952 4277 240558 5794 25 30
ta065 240826 3000 7108 4463 240592 6488 27 30
ta065 240826 3000 7414 4523 240665 475 4 30
ta065 240825 3000 7182 4200 240471 6602 27 30
ta065 240826 3000 7241 4422 240614 2602 12 30
ta065 240826 3000 7393 4496 240586 2300 11 30
ta065 240826 3000 7261 4513 240552 6115 25 30
ta065 240826 3000 6983 4370 240486 4737 21 30
ta065 240826 3000 7066 4373 240511 6012 25 30
ta065 240825 3000 7273 4250 240567 7270 29 30
ta066 232399 3000 7756 4905 232171 1075 6 30
ta066 232390 3000 7447 4304 232217 6766 27 30
ta066 232399 3000 8088 4938 232193 735 5 30
ta066 232399 3000 7877 4748 232171 414 4 30
ta066 232399 3000 7958 4952 232198 1931 9 30
ta066 232399 3000 7837 5094 232171 1265 7 30
ta066 232399 3000 8208 5087 232198 2283 10 30
ta066 232399 3000 7924 5034 232185 1787 9 30
ta066 232399 3000 7823 4972 232171 542 4 30
ta066 232399 3000 7969 4916 232185 2255 10 30
ta067 240711 3000 6889 3866 240553 6501 28 30
ta067 240867 3000 6800 3772 240573 5789 26 30
ta067 240867 3000 6930 3948 240664 6627 28 30
ta067 240861 3000 6931 3993 240631 5804 25 30
ta067 240759 3000 6945 3903 240540 3617 17 30
ta067 240867 3000 6893 3916 240650 4892 22 30
ta067 240862 3000 6782 3705 240674 4454 20 30
ta067 240867 3000 6667 3734 240701 6611 29 30
ta067 240862 3000 7061 4001 240583 3605 16 30
ta067 240823 3000 6691 3529 240482 6314 28 30
ta068 231119 3000 8397 5157 230887 2499 11 30
ta068 231184 3000 8123 5053 230906 8078 29 30
ta068 231184 3000 8212 5167 230903 5161 20 30
ta068 231184 3000 8100 5060 230942 1039 6 30
ta068 231184 3000 8299 5037 230924 3219 13 30
ta068 231184 3000 8028 5117 230942 2324 10 30
ta068 231184 3000 8305 5143 230887 1026 6 30
ta068 231160 3000 8489 5211 230947 1 3 30
ta068 231160 3000 8543 5200 230947 2 3 30
ta068 231169 3000 8280 4907 230919 1202 6 30
ta069 248152 3000 7945 4650 247818 324 4 30
ta069 248152 3000 7992 4618 247791 3817 16 30
ta069 248152 3000 7985 4547 247820 779 5 30
ta069 248152 3000 8059 4760 247809 3215 13 30
ta069 248138 3000 8039 4519 247820 789 5 30
ta069 248151 3000 8019 4736 247818 614 5 30
ta069 248152 3000 7989 4756 247786 6184 23 30
ta069 248152 3000 7958 4569 247836 559 4 30
ta069 248152 3000 8058 4687 247813 6964 26 30
ta069 248152 3000 8045 4732 247818 617 5 30
ta070 244147 3000 7130 4472 243835 5607 24 30
ta070 244160 3000 7098 4432 243930 7089 29 30
ta070 244092 3000 7339 4705 243864 1699 9 30
ta070 244161 3000 7154 4627 243786 2177 11 30
ta070 244124 3000 7197 4470 243800 6281 26 30
ta070 244147 3000 7235 4532 243789 3673 16 30
ta070 244109 3000 6786 4263 243824 5704 25 30
ta070 244106 3000 6988 4141 243622 1904 10 30
ta070 244134 3000 7202 4603 243877 782 5 30
ta070 244134 3000 7351 4727 243871 5590 23 30
ta071 300031 5000 4146 2868 299667 2052 32 60
ta071 300109 5000 3901 2573 299803 395 10 60
ta071 300180 5000 4083 2536 299567 2196 34 60
ta071 300115 5000 4095 2886 299668 3801 56 60
ta071 300136 5000 4090 2635 299532 3476 51 60
ta071 300167 5000 3876 2631 299644 1233 22 60
ta071 300103 5000 4157 2851 299655 1857 29 60
ta071 300168 5000 4134 2827 299576 3253 48 60
ta071 300136 5000 4110 2911 299617 3920 57 60
ta071 300180 5000 4091 2852 299686 3553 52 60
ta072 274622 5000 4117 3019 274189 3585 52 60
ta072 274622 5000 4041 2965 274142 2460 38 60
ta072 274622 5000 4163 3063 274074 3892 56 60
ta072 274622 5000 4060 2982 274159 1074 19 60
ta072 274622 5000 4278 3245 274291 3276 46 60
ta072 274622 5000 4085 3013 274174 4082 59 60
ta072 274622 5000 4018 2970 274128 3493 52 60
ta072 274622 5000 4089 2980 274108 3675 54 60
ta072 274622 5000 4136 3033 274159 671 13 60
ta072 274622 5000 3998 2932 274127 2479 39 60
ta073 289082 5000 3893 2443 288094 2918 46 60
ta073 289084 5000 3938 2398 288094 3921 59 60
ta073 289082 5000 3709 2391 287973 3439 55 60
ta073 289082 5000 3855 2474 288023 3330 52 60
ta073 289084 5000 3722 2284 288097 3498 56 60
ta073 289006 5000 3625 2419 288051 3411 56 60
ta073 289034 5000 3845 2290 287982 3382 53 60
ta073 289006 5000 3927 2524 288023 3365 52 60
ta073 289084 5000 3961 2409 288083 3913 59 60
ta073 289121 5000 3620 2333 288063 2601 44 60
ta074 301973 5000 4022 2946 301459 406 10 60
ta074 301973 5000 4034 2991 301459 2266 36 60
ta074 301999 5000 3984 2850 301459 1882 30 60
ta074 301972 5000 4041 2939 301458 2476 38 60
ta074 301999 5000 3817 2814 301458 2724 44 60
ta074 301973 5000 3898 2767 301406 2697 43 60
ta074 302056 5000 3831 2812 301458 1576 28 60
ta074 301972 5000 3936 2863 301458 1241 22 60
ta074 302044 5000 4013 2983 301521 3708 55 60
ta074 301973 5000 3746 2727 301459 3359 54 60
ta075 284231 5000 4005 2647 283753 859 16 60
ta075 284256 5000 4027 2807 283721 2835 43 60
ta075 284256 5000 4057 2838 283681 3755 55 60
ta075 284256 5000 4072 2712 283635 3334 49 60
ta075 284235 5000 4032 2635 283463 1740 28 60
ta075 284256 5000 4140 2837 283643 1620 26 60
ta075 284256 5000 4176 2886 283681 1644 26 60
ta075 284256 5000 4087 2837 283681 1609 26 60
ta075 284256 5000 4093 2926 283713 3487 52 60
ta075 284256 5000 4045 2655 283725 1525 25 60
ta076 271396 5000 3691 2408 270312 2123 36 60
ta076 271602 5000 3833 2552 270321 3249 51 60
ta076 271453 5000 3641 2148 270085 1868 32 60
ta076 271456 5000 3848 2654 270388 3771 58 60
ta076 271383 5000 3725 2346 270189 726 15 60
ta076 271602 5000 3794 2296 270466 1418 25 60
ta076 271166 5000 3788 2462 270097 1978 33 60
ta076 271595 5000 3799 2389 270329 918 17 60
ta076 271574 5000 3951 2581 270155 3605 55 60
ta076 271602 5000 3719 2140 270085 3591 58 60
ta077 279941 5000 3325 2214 279048 2546 47 60
ta077 280200 5000 3526 2598 278996 2491 44 60
ta077 279910 5000 3390 2513 279087 14 5 60
ta077 280113 5000 3429 2218 279095 868 19 60
ta077 280115 5000 3363 2400 279268 1027 22 60
ta077 280131 5000 3429 2337 278928 2340 42 60
ta077 279972 5000 3578 2495 279093 2701 46 60
ta077 280004 5000 3316 2295 279144 2777 51 60
ta077 280143 5000 3357 2363 278835 2453 45 60
ta077 279801 5000 3496 2649 278902 2745 48 60
ta078 291032 5000 3974 2583 290563 2037 33 60
ta078 290990 5000 3887 2481 290296 834 16 60
ta078 291032 5000 3968 2477 290497 2749 42 60
ta078 291032 5000 3943 2518 290505 2666 42 60
ta078 291032 5000 3980 2447 290481 3860 58 60
ta078 291032 5000 3905 2418 290560 907 17 60
ta078 291016 5000 4070 2494 290264 3664 54 60
ta078 291009 5000 4043 2552 290315 4026 59 60
ta078 291032 5000 4005 2474 290486 3861 58 60
ta078 291032 5000 4067 2533 290472 3214 48 60
ta079 303336 5000 4058 2296 302484 1417 23 60
ta079 303425 5000 3926 2152 302311 2695 42 60
ta079 303353 5000 3941 2144 302477 1701 29 60
ta079 303425 5000 4024 2196 302336 3279 50 60
ta079 303392 5000 3738 1952 302327 2157 36 60
ta079 303337 5000 4023 2124 302377 3670 55 60
ta079 303300 5000 3796 2115 302347 3516 56 60
ta079 303263 5000 3696 2180 302486 2184 37 60
ta079 303308 5000 4012 2337 302408 3540 53 60
ta079 303425 5000 4127 2246 302312 3762 55 60
ta080 291718 5000 4325 2699 291067 589 12 60
ta080 291895 5000 4196 2656 291124 2645 38 60
ta080 291745 5000 4359 2887 291129 3775 52 60
ta080 291951 5000 4397 2576 291150 1166 19 60
ta080 291997 5000 4506 3072 291259 1599 25 60
ta080 291628 5000 4327 2919 291100 3689 52 60
ta080 291975 5000 4364 2847 291215 2649 38 60
ta080 291997 5000 4458 2959 291256 3032 42 60
ta080 291617 5000 4359 2897 291055 4194 58 60
ta080 291997 5000 4332 2845 291179 2880 40 60
ta081 367875 9000 1718 1229 364695 1688 118 120
ta081 367803 9000 1568 804 365701 856 70 120
ta081 367894 9000 1700 1033 364810 1672 118 120
ta081 367593 9000 1797 1089 364782 1514 101 120
ta081 367983 9000 1677 946 365120 1325 96 120
ta081 367917 9000 1808 949 364716 1561 104 120
ta081 367532 9000 1766 1096 364166 1497 102 120
ta081 367867 9000 1703 774 365232 1673 118 120
ta081 367796 9000 1590 897 364653 1554 117 120
ta081 367444 9000 1686 921 364278 1080 80 120
ta082 372248 9000 1997 1329 370194 1959 117 120
ta082 372253 9000 1874 1110 370147 1744 112 120
ta082 372380 9000 1754 953 370202 1724 118 120
ta082 372306 9000 1867 1089 370351 1665 108 120
ta082 372146 9000 1858 1149 369486 1763 114 120
ta082 372225 9000 1810 999 369995 1726 114 120
ta082 372203 9000 1921 1143 370353 890 60 120
ta082 372293 9000 1846 1079 369802 1093 72 120
ta082 372351 9000 1799 1062 370185 1368 93 120
ta082 372281 9000 1699 905 369768 1649 116 120
ta083 374095 9000 1960 1136 370658 1930 118 120
ta083 373386 9000 1768 934 370587 1222 85 120
ta083 373321 9000 1839 996 369920 1805 117 120
ta083 373448 9000 1752 1018 371207 1746 119 120
ta083 373369 9000 1718 986 370691 1698 118 120
ta083 373070 9000 1641 866 370186 1535 113 120
ta083 373123 9000 1768 1004 370193 1639 112 120
ta083 373786 9000 1835 1054 371191 1773 116 120
ta083 373407 9000 1883 1108 370682 1868 119 120
ta083 373182 9000 1734 1042 370247 1637 113 120
ta084 375864 9000 1884 1204 372869 746 53 120
ta084 375882 9000 1893 1262 372111 1442 93 120
ta084 375961 9000 1897 1033 372186 1284 84 120
ta084 375874 9000 1863 1054 372723 1329 87 120
ta084 375978 9000 1802 1002 372850 879 64 120
ta084 375772 9000 1859 1105 372262 1488 98 120
ta084 376095 9000 1768 1077 372203 1637 111 120
ta084 375963 9000 1936 1125 372584 1018 70 120
ta084 375844 9001 1863 1134 372314 1553 102 120
ta084 376118 9000 1743 975 372697 1211 85 120
ta085 370048 9000 1704 965 366307 904 67 120
ta085 369813 9000 1755 1001 365939 1168 83 120
ta085 370316 9000 1732 1071 367211 1492 104 120
ta085 369396 9000 1734 1197 365865 1697 117 120
ta085 369664 9000 1799 1156 366476 1593 107 120
ta085 369887 9000 1678 977 365601 1293 96 120
ta085 369798 9000 1676 1040 366154 1057 78 120
ta085 369962 9000 1728 940 366207 1659 115 120
ta085 369827 9000 1699 1002 366267 616 50 120
ta085 370103 9000 1634 967 365931 1515 112 120
ta086 374515 9000 1871 967 370672 1198 80 120
ta086 374415 9000 1666 947 370612 1006 75 120
ta086 374041 9000 1808 1064 370686 790 58 120
ta086 374314 9000 1665 883 370356 1533 111 120
ta086 374996 9000 1629 953 370223 1450 108 120
ta086 375101 9000 1690 882 370925 1653 117 120
ta086 374811 9000 1877 932 370678 1322 90 120
ta086 374452 9000 1642 947 370628 1537 113 120
ta086 374608 9000 1543 804 370680 1274 100 120
ta086 374853 9000 1648 844 370834 1468 108 120
ta087 374845 9000 1822 1032 370221 1793 118 120
ta087 375009 9000 1896 1167 370640 1846 116 120
ta087 374937 9000 1797 997 370347 1568 106 120
ta087 374962 9000 1837 1025 370208 1825 119 120
ta087 374971 9000 1835 1145 370773 1230 84 120
ta087 375082 9000 1785 1012 370609 1712 115 120
ta087 375036 9000 1865 1060 370418 1835 118 120
ta087 375024 9000 1913 956 370401 1808 114 120
ta087 375117 9000 1832 1062 370982 1814 119 120
ta087 375167 9000 1908 1152 370526 1843 116 120
ta088 386443 9000 1572 937 382697 1534 117 120
ta088 386087 9000 1602 1045 382639 1596 119 120
ta088 386002 9000 1690 1012 382549 1685 119 120
ta088 386453 9000 1734 1012 383428 1599 111 120
ta088 386620 9000 1749 1168 383339 1727 118 120
ta088 386545 9000 1664 1063 383299 1557 112 120
ta088 386419 9000 1533 851 382542 859 69 120
ta088 386470 9000 1713 985 383510 1138 82 120
ta088 386432 9000 1807 1151 383148 1569 105 120
ta088 386620 9000 1529 871 382979 1467 114 120
ta089 376084 9000 1679 1121 372488 1535 110 120
ta089 376783 9000 1589 933 372410 1560 117 120
ta089 376799 9000 1594 924 373278 1549 116 120
ta089 376603 9000 1664 1058 373107 1081 80 120
ta089 376567 9000 1615 843 373188 1362 102 120
ta089 376874 9000 1537 866 372320 1334 104 120
ta089 376619 9000 1608 992 372711 1558 116 120
ta089 376493 9000 1575 932 372714 1061 84 120
ta089 376736 9000 1621 903 372634 1613 119 120
ta089 376874 9000 1510 812 372732 1503 119 120
ta090 380358 9000 1538 879 377303 868 69 120
ta090 380272 9000 1542 919 377398 1413 110 120
ta090 380547 9000 1670 882 377063 1668 119 120
ta090 380541 9000 1579 885 376872 1573 119 120
ta090 380196 9000 1565 875 377287 634 54 120
ta090 380066 9000 1683 951 376590 1681 119 120
ta090 380139 9000 1761 952 377171 1553 107 120
ta090 379982 9000 1663 874 376438 1655 119 120
ta090 380221 9000 1634 854 377115 936 72 120
ta090 380367 9000 1695 984 378028 1491 107 120
ta091 1042824 9000 1829 1318 1041192 1756 115 120
ta091 1042891 9000 1844 1302 1041331 1401 93 120
ta091 1042555 9000 1873 1360 1041075 1354 89 120
ta091 1042931 9000 1823 1246 1041613 1776 117 120
ta091 1042628 9000 1934 1494 1041346 1926 119 120
ta091 1042609 9000 1841 1244 1041152 898 63 120
ta091 1042859 9000 1904 1382 1041608 719 50 120
ta091 1042452 9000 1888 1313 1040992 1484 96 120
ta091 1042831 9000 1847 1201 1041298 1775 115 120
ta091 1042734 9000 1867 1337 1041412 1381 91 120
ta092 1028880 9000 2199 1732 1027968 1298 74 120
ta092 1028880 9000 2211 1754 1027900 1401 79 120
ta092 1028880 9000 2257 1770 1027999 0 9 120
ta092 1028880 9000 2208 1762 1027973 1440 82 120
ta092 1028880 9000 2167 1651 1027904 372 27 120
ta092 1028879 9000 2205 1748 1027998 969 58 120
ta092 1028880 9000 2190 1724 1027942 1313 75 120
ta092 1028880 9000 2189 1652 1027864 1331 75 120
ta092 1028879 9000 2177 1678 1027945 2033 112 120
ta092 1028880 9000 2159 1625 1027948 1982 110 120
ta093 1044157 9000 1904 1309 1042800 1625 103 120
ta093 1044558 9000 1900 1358 1043016 1315 84 120
ta093 1043942 9000 1864 1280 1042336 1538 100 120
ta093 1043891 9000 1973 1421 1042886 551 39 120
ta093 1044120 9000 1955 1365 1042935 1753 108 120
ta093 1044026 9000 1742 1141 1042745 975 71 120
ta093 1044231 9000 1822 1283 1042408 1131 79 120
ta093 1044170 9000 1829 1203 1042504 1792 117 120
ta093 1043887 9000 1880 1231 1042528 1479 95 120
ta093 1044202 9000 1891 1333 1043133 806 56 120
ta094 1023520 9000 2353 1473 1022198 1299 71 120
ta094 1024362 9000 2565 1806 1022927 1297 67 120
ta094 1024307 9000 2507 1717 1022925 2221 107 120
ta094 1024536 9000 2450 1752 1023163 2401 117 120
ta094 1024146 9000 2372 1554 1022755 2228 113 120
ta094 1024444 9000 2541 1811 1023404 700 39 120
ta094 1024525 9000 2536 1683 1023234 1889 92 120
ta094 1024565 9000 2465 1707 1023153 2432 118 120
ta094 1023750 9000 2258 1337 1022466 1463 82 120
ta094 1023916 9000 2539 1621 1022508 1886 90 120
ta095 1029329 9000 1994 1589 1027777 1985 119 120
ta095 1029136 9000 1971 1449 1027614 1003 66 120
ta095 1029311 9000 1972 1540 1027193 1726 106 120
ta095 1028729 9000 1975 1568 1026717 1701 104 120
ta095 1029470 9000 1989 1570 1027675 1659 101 120
ta095 1028692 9000 2004 1537 1027377 816 54 120
ta095 1029370 9000 1951 1482 1027653 840 56 120
ta095 1029328 9000 1951 1508 1027800 750 51 120
ta095 1029470 9000 1935 1514 1027768 1138 74 120
ta095 1029470 9000 1950 1457 1027729 742 51 120
ta096 999549 9000 2107 1706 997968 1963 112 120
ta096 999678 9000 2009 1614 998321 1380 85 120
ta096 999399 9000 2016 1576 997947 1080 67 120
ta096 999740 9000 2137 1687 998351 1838 104 120
ta096 999719 9000 1946 1510 998012 759 52 120
ta096 999492 9000 2189 1771 997773 2007 110 120
ta096 999665 9000 2101 1672 997974 2064 118 120
ta096 999534 9000 2161 1711 998089 2012 112 120
ta096 999796 9000 2023 1594 998258 1073 67 120
ta096 999615 9000 2069 1632 998030 1391 83 120
ta097 1042583 9000 2700 2166 1041291 299 21 120
ta097 1042583 9000 2737 2155 1041235 1711 78 120
ta097 1042583 9000 2755 2186 1041228 2037 90 120
ta097 1042583 9000 2730 2167 1041193 2289 101 120
ta097 1042583 9000 2722 2175 1041312 2687 118 120
ta097 1042583 9000 2715 2132 1041239 2196 98 120
ta097 1042583 9001 2677 2064 1041314 1657 77 120
ta097 1042583 9000 2662 2090 1041301 698 37 120
ta097 1042583 9000 2708 2193 1041199 2387 106 120
ta097 1042583 9000 2715 2083 1041364 1327 62 120
ta098 1035915 9000 2094 1547 1034202 1960 113 120
ta098 1035915 9000 2057 1564 1034442 1510 92 120
ta098 1035915 9000 2011 1578 1034269 1264 78 120
ta098 1035915 9000 1971 1455 1034242 751 51 120
ta098 1035915 9000 1954 1465 1034253 1709 106 120
ta098 1035915 9000 1969 1530 1034253 1415 88 120
ta098 1035915 9000 2035 1574 1034148 1843 109 120
ta098 1035915 9000 2067 1531 1034439 1786 104 120
ta098 1035915 9000 2209 1706 1034646 1781 98 120
ta098 1035915 9000 2030 1610 1034198 1821 108 120
ta099 1015774 9000 2162 1809 1014794 705 45 120
ta099 1015659 9000 2175 1830 1014392 1519 86 120
ta099 1015774 9000 2171 1845 1014713 1187 70 120
ta099 1015610 9000 2199 1866 1014754 1028 61 120
ta099 1015692 9000 2194 1874 1014799 1171 69 120
ta099 1015767 9000 2162 1800 1014837 986 60 120
ta099 1015774 9000 2209 1863 1014837 1979 108 120
ta099 1015610 9000 2191 1856 1014791 1925 106 120
ta099 1015610 9000 2162 1788 1014668 1468 85 120
ta099 1015611 9000 2109 1724 1014823 1735 100 120
ta100 1021893 9000 2400 1795 1020534 232 19 120
ta100 1021665 9000 2459 1908 1020541 92 13 120
ta100 1021903 9000 2270 1702 1020169 2126 113 120
ta100 1021689 9000 2423 1823 1020550 974 53 120
ta100 1021791 9000 2460 1917 1020544 1845 91 120
ta100 1021892 9000 2406 1897 1020615 1863 94 120
ta100 1021849 9000 2547 1804 1020407 1107 57 120
ta100 1021779 9000 2463 1839 1020609 483 31 120
ta100 1021748 9000 2459 1873 1020329 2447 119 120
ta100 1021812 9000 2369 1830 1020544 1746 89 120
ta101 1226217 17000 1050 652 1218194 859 199 240
ta101 1225187 17000 1119 682 1219049 859 188 240
ta101 1225382 17000 1115 778 1220323 1006 219 240
ta101 1227911 17000 1035 669 1221168 1020 237 240
ta101 1226626 17000 1014 611 1218612 989 234 240
ta101 1226668 17000 1061 709 1219458 1007 228 240
ta101 1227127 17000 968 593 1220461 953 237 240
ta101 1226411 17000 1075 694 1221279 1052 235 240
ta101 1224972 17000 976 595 1218515 971 239 240
ta101 1225941 17000 995 568 1218383 815 203 240
ta102 1233560 17000 823 521 1228218 768 226 240
ta102 1233314 17000 883 605 1227418 711 199 240
ta102 1233204 17000 853 563 1227542 766 216 240
ta102 1233456 17002 872 553 1227248 527 154 240
ta102 1233754 17000 887 610 1228480 673 186 240
ta102 1233583 17000 919 681 1228145 886 232 240
ta102 1233571 17004 863 590 1227678 848 236 240
ta102 1233538 17000 891 607 1227602 667 185 240
ta102 1233817 17000 828 558 1228143 723 212 240
ta102 1233840 17000 881 589 1227328 750 206 240
ta103 1255497 17000 1004 664 1249874 895 214 240
ta103 1255800 17000 1030 743 1250242 1009 235 240
ta103 1255346 17000 1075 703 1250027 1065 238 240
ta103 1255374 17000 1016 631 1249624 950 226 240
ta103 1255038 17000 1067 669 1249389 959 219 240
ta103 1255398 17000 1100 812 1249966 1034 227 240
ta103 1255669 17000 1100 676 1249878 776 173 240
ta103 1254781 17000 1031 658 1249589 818 194 240
ta103 1254928 17000 1025 653 1249719 882 207 240
ta103 1255954 17000 1098 786 1250541 1076 236 240
ta104 1227449 17000 978 778 1223177 944 232 240
ta104 1227541 17000 949 724 1222756 887 226 240
ta104 1227727 17000 921 652 1222646 918 239 240
ta104 1227408 17000 910 655 1221774 900 237 240
ta104 1227732 17000 979 737 1221702 951 233 240
ta104 1227048 17000 962 700 1221521 958 239 240
ta104 1227302 17000 934 638 1222330 908 233 240
ta104 1227595 17000 929 699 1222718 887 230 240
ta104 1227440 17000 935 672 1222576 887 229 240
ta104 1227732 17000 919 697 1222078 861 225 240
ta105 1216585 17000 1088 670 1210070 1003 222 240
ta105 1216916 17000 964 585 1209511 962 239 240
ta105 1216694 17000 1076 721 1210538 1055 234 240
ta105 1216601 17000 1001 640 1210144 949 228 240
ta105 1216571 17000 1093 713 1210859 956 208 240
ta105 1216658 17000 1025 674 1210800 954 226 240
ta105 1217097 17000 1015 649 1210229 992 234 240
ta105 1216665 17000 971 600 1209357 832 209 240
ta105 1216890 17000 1076 671 1210246 1049 234 240
ta105 1216817 17000 1025 678 1209164 1005 236 240
ta106 1220088 17000 1018 749 1215088 994 235 240
ta106 1220045 17000 1003 668 1214450 895 217 240
ta106 1219863 17000 993 630 1216456 967 234 240
ta106 1219996 17000 1007 690 1214365 740 180 240
ta106 1219974 17000 1008 663 1214495 984 234 240
ta106 1220008 17000 1049 693 1214550 746 176 240
ta106 1219860 17000 1021 686 1213560 967 228 240
ta106 1219941 17000 1026 664 1214714 975 229 240
ta106 1219974 17000 932 662 1214508 899 232 240
ta106 1220104 17000 1019 650 1214691 921 219 240
ta107 1237358 17000 869 577 1232678 866 239 240
ta107 1237358 17000 853 557 1232022 838 236 240
ta107 1237358 17000 908 656 1232389 829 220 240
ta107 1237358 17000 881 573 1231936 875 239 240
ta107 1237358 17000 896 623 1232179 865 232 240
ta107 1237358 17000 875 535 1232358 370 114 240
ta107 1237357 17000 882 610 1231684 860 234 240
ta107 1237358 17000 893 580 1232295 618 171 240
ta107 1237179 17000 903 644 1231806 666 183 240
ta107 1237259 17000 910 649 1232210 830 221 240
ta108 1233994 17000 994 645 1229030 931 224 240
ta108 1234268 17000 911 566 1228517 906 239 240
ta108 1234288 17000 1008 687 1229328 1004 239 240
ta108 1234563 17000 948 589 1229123 837 213 240
ta108 1234108 17000 1007 627 1229331 947 227 240
ta108 1234693 17000 1011 658 1229492 941 224 240
ta108 1234334 17000 1026 700 1229459 922 215 240
ta108 1234693 17000 1023 655 1229417 943 222 240
ta108 1234466 17000 969 553 1228630 842 209 240
ta108 1234258 17000 1058 654 1229193 1056 239 240
ta109 1222659 17000 984 700 1215290 943 229 240
ta109 1222659 17000 954 639 1215309 932 235 240
ta109 1222659 17000 944 560 1215119 841 214 240
ta109 1222529 17000 975 734 1215551 966 238 240
ta109 1222659 17001 950 671 1215671 926 235 240
ta109 1222659 17000 982 684 1215144 962 236 240
ta109 1222659 17002 985 657 1215329 866 211 240
ta109 1222659 17000 980 673 1215586 971 238 240
ta109 1222634 17000 979 733 1215443 892 220 240
ta109 1222659 17000 969 701 1215659 924 229 240
ta110 1235503 17000 927 703 1230805 823 214 240
ta110 1235496 17000 939 676 1230330 935 239 240
ta110 1235496 17000 932 667 1231172 902 233 240
ta110 1235511 17000 933 706 1231626 839 217 240
ta110 1235488 17000 900 593 1231147 887 236 240
ta110 1235369 17000 898 627 1230862 857 230 240
ta110 1235457 17000 927 661 1231072 909 236 240
ta110 1235511 17000 926 671 1230884 894 233 240
ta110 1235511 17000 932 636 1231920 909 234 240
ta110 1235369 17000 914 620 1230630 819 216 240
ta111 6562803 42000 404 351 6555325 381 572 600
ta111 6562803 42002 402 354 6554885 314 492 600
ta111 6562803 42000 388 334 6555513 382 589 600
ta111 6562803 42001 399 358 6555403 396 597 600
ta111 6562803 42000 390 342 6555424 347 539 600
ta111 6562803 42000 405 355 6555456 230 378 600
ta111 6562803 42000 392 351 6555290 385 593 600
ta111 6562803 42001 380 324 6555248 357 569 600
ta111 6562803 42003 406 372 6555571 390 576 600
ta111 6562803 42002 389 342 6555243 382 592 600
ta112 6679195 42000 442 348 6670792 412 565 600
ta112 6679819 42002 445 373 6670655 339 473 600
ta112 6679166 42001 437 343 6669977 394 556 600
ta112 6679440 42003 402 318 6670901 372 568 600
ta112 6679259 42001 415 338 6669966 356 523 600
ta112 6678178 42001 447 376 6668976 426 577 600
ta112 6679012 42003 440 388 6670679 421 579 600
ta112 6678653 42003 448 368 6669714 430 581 600
ta112 6678808 42002 430 370 6670085 372 532 600
ta112 6678648 42000 424 343 6669519 390 555 600
ta113 6632778 42002 382 322 6625018 373 589 600
ta113 6632778 42001 382 320 6624228 379 597 600
ta113 6632778 42002 389 325 6625248 247 406 600
ta113 6632778 42002 378 323 6625223 327 533 600
ta113 6632778 42001 375 318 6624068 351 564 600
ta113 6632778 42003 375 318 6624952 157 291 600
ta113 6632778 42002 385 312 6625159 376 589 600
ta113 6632778 42003 378 297 6625147 375 598 600
ta113 6632778 42000 370 313 6624763 352 576 600
ta113 6632778 42001 367 294 6624890 209 377 600
ta114 6634100 42002 371 311 6623058 352 575 600
ta114 6633969 42000 361 305 6622923 358 598 600
ta114 6634011 42000 384 335 6623269 382 599 600
ta114 6634100 42000 365 308 6623471 353 586 600
ta114 6634100 42001 387 324 6623290 317 509 600
ta114 6634100 42001 372 312 6623432 360 585 600
ta114 6634100 42002 366 309 6623294 172 317 600
ta114 6634100 42002 357 299 6623431 126 257 600
ta114 6634100 42002 365 308 6623164 361 597 600
ta114 6634100 42002 360 296 6623353 358 599 600
ta115 6612104 42000 355 275 6599858 344 586 600
ta115 6610756 42002 342 252 6598226 276 505 600
ta115 6611284 42002 396 314 6598582 263 429 600
ta115 6612104 42001 368 287 6599251 337 562 600
ta115 6611490 42001 359 260 6598655 349 587 600
ta115 6611378 42002 393 297 6598844 286 457 600
ta115 6611527 42000 336 258 6599389 333 598 600
ta115 6612104 42001 352 278 6599472 231 415 600
ta115 6612104 42002 370 272 6599699 184 342 600
ta115 6612104 42003 361 281 6599478 359 599 600
ta116 6606189 42003 491 446 6599981 397 502 600
ta116 6606189 42000 491 425 6599018 473 580 600
ta116 6606189 42001 490 435 6599615 462 568 600
ta116 6606189 42000 480 421 6599028 428 538 600
ta116 6606189 42001 478 437 6599724 347 447 600
ta116 6606189 42001 493 445 6599823 424 531 600
ta116 6606130 42001 472 432 6599718 442 569 600
ta116 6606189 42003 497 454 6599530 470 573 600
ta116 6606189 42001 471 404 6598781 447 575 600
ta116 6606189 42001 497 446 6599861 374 473 600
ta117 6576737 42001 358 305 6565401 312 536 600
ta117 6576737 42003 368 315 6565364 315 526 600
ta117 6576737 42002 362 306 6565507 352 586 600
ta117 6576737 42002 353 300 6565246 318 550 600
ta117 6576737 42002 369 315 6565861 361 591 600
ta117 6576737 42000 369 312 6565337 355 576 600
ta117 6576737 42000 355 297 6565532 287 505 600
ta117 6576737 42000 361 300 6565254 347 582 600
ta117 6576737 42000 367 315 6565337 362 595 600
ta117 6576737 42001 380 325 6565473 335 543 600
ta118 6629449 42001 370 283 6619485 364 593 600
ta118 6629449 42000 382 312 6619474 363 573 600
ta118 6629449 42001 381 300 6619287 378 597 600
ta118 6629384 42002 406 346 6619717 334 514 600
ta118 6629449 42001 406 345 6619802 397 590 600
ta118 6629367 42002 391 326 6618859 348 542 600
ta118 6629395 42002 400 321 6618609 387 583 600
ta118 6629318 42001 394 315 6619127 331 512 600
ta118 6629449 42000 382 302 6619032 360 571 600
ta118 6629449 42001 396 322 6619618 377 578 600
ta119 6569309 42002 380 334 6560546 333 529 600
ta119 6569309 42000 381 336 6560537 377 596 600
ta119 6569309 42002 383 340 6560499 265 435 600
ta119 6569309 42001 375 336 6560483 335 542 600
ta119 6569309 42000 379 325 6564976 302 492 600
ta119 6569309 42002 373 325 6560190 337 554 600
ta119 6569309 42003 385 330 6560528 373 586 600
ta119 6569309 42002 384 337 6560534 332 524 600
ta119 6569309 42003 382 342 6560465 380 599 600
ta119 6569309 42000 387 343 6560593 262 424 600
ta120 6617984 42002 419 377 6607726 402 577 600
ta120 6617904 42001 427 390 6607569 421 593 600
ta120 6617984 42000 392 336 6607804 378 583 600
ta120 6617332 42001 423 369 6606122 403 575 600
ta120 6617984 42002 401 346 6608611 384 579 600
ta120 6617984 42002 406 354 6608323 376 561 600
ta120 6617984 42000 404 358 6607093 398 595 600
ta120 6617146 42000 410 355 6606772 321 486 600
ta120 6617701 42000 410 355 6607549 354 529 600
ta120 6617984 42003 426 380 6608525 393 558 600
