# Hostname: ocasrv. Config used: --obj f --timefactor 60 --dv01 3 --mrsils --verbose --np --verbose_np
ta001 14058 0 110882 20074 13962 773 0 6
ta001 14058 0 108937 20396 13962 5013 0 6
ta001 14058 0 110773 20899 13962 265 0 6
ta001 14058 0 109616 20082 13962 7744 0 6
ta001 14058 0 109621 19878 13962 2059 0 6
ta001 14058 0 109672 19949 13962 197 0 6
ta001 14058 0 109927 20090 13962 3273 0 6
ta001 14058 0 109999 19984 13962 1159 0 6
ta001 14058 0 110810 20023 13962 170 0 6
ta001 14058 0 110719 20570 13962 21378 1 6
ta002 15420 0 140679 31385 15078 13160 0 6
ta002 15420 0 140124 31534 15078 88240 3 6
ta002 15420 0 142352 32831 15091 71895 2 6
ta002 15420 0 139722 31485 15078 11679 0 6
ta002 15420 0 132687 31915 15091 11895 0 6
ta002 15420 0 143640 29090 15098 112099 4 6
ta002 15420 0 135947 31568 15084 75817 3 6
ta002 15420 0 140283 32331 15078 71296 3 6
ta002 15420 0 141574 32341 15078 17580 0 6
ta002 15420 0 140399 33527 15091 36237 1 6
ta003 13477 0 109069 25403 12956 12211 0 6
ta003 13477 0 109185 25461 13000 11416 0 6
ta003 13477 0 108712 24739 13000 33971 1 6
ta003 13477 0 106491 24584 12998 100576 5 6
ta003 13477 0 108213 25685 13000 18171 1 6
ta003 13477 0 108487 25249 12956 57311 3 6
ta003 13477 0 108687 25197 12956 25107 1 6
ta003 13477 0 108920 26194 13000 28571 1 6
ta003 13477 0 107818 25028 13000 51469 2 6
ta003 13477 0 108523 25704 12956 22898 1 6
ta004 15573 0 116667 25528 15374 10747 0 6
ta004 15573 0 116991 25878 15391 92766 4 6
ta004 15573 0 116876 25728 15374 8690 0 6
ta004 15573 0 115649 24961 15374 6207 0 6
ta004 15573 0 117554 24699 15374 95010 4 6
ta004 15573 0 115980 24029 15374 67578 3 6
ta004 15573 0 114980 25422 15381 26368 1 6
ta004 15573 0 117163 25779 15391 34031 1 6
ta004 15573 0 115129 25607 15374 93273 4 6
ta004 15573 0 116725 25204 15369 2014 0 6
ta005 13643 0 110386 22722 13472 212 0 6
ta005 13643 0 110931 21568 13472 1792 0 6
ta005 13643 0 103109 21091 13472 1252 0 6
ta005 13643 0 111411 21258 13472 892 0 6
ta005 13643 0 109667 23017 13472 1029 0 6
ta005 13643 0 109118 22218 13472 572 0 6
ta005 13643 0 111015 22891 13472 4529 0 6
ta005 13643 0 104576 20739 13472 3158 0 6
ta005 13643 0 109990 22622 13472 2187 0 6
ta005 13643 0 110400 22864 13472 2132 0 6
ta006 13150 0 120861 27614 13058 7135 0 6
ta006 13150 0 120840 27861 13058 43356 2 6
ta006 13150 0 120521 27313 13058 4216 0 6
ta006 13150 0 120709 27956 13058 3632 0 6
ta006 13150 0 117348 26724 13058 7396 0 6
ta006 13150 0 121011 27450 13058 26426 1 6
ta006 13150 0 121493 27424 13058 60896 3 6
ta006 13150 0 121782 27649 13058 10728 0 6
ta006 13150 0 119583 26713 13058 29468 1 6
ta006 13150 0 120155 27311 13058 4968 0 6
ta007 13659 0 129109 29101 13495 22945 1 6
ta007 13659 0 129288 29545 13495 55537 2 6
ta007 13659 0 130477 24084 13540 7120 0 6
ta007 13659 0 129834 29419 13495 21170 0 6
ta007 13659 0 128308 28888 13495 21298 1 6
ta007 13659 0 126486 28193 13495 43950 2 6
ta007 13659 0 126827 28773 13495 24198 1 6
ta007 13659 0 131209 30164 13495 49652 2 6
ta007 13659 0 133277 24301 13540 6848 0 6
ta007 13659 0 128761 28798 13495 34329 1 6
ta008 14022 0 111357 23607 13882 29519 1 6
ta008 14022 0 115611 24675 13882 3479 0 6
ta008 14022 0 114259 24194 13882 19853 1 6
ta008 14022 0 115067 24222 13882 7979 0 6
ta008 14022 0 114203 23805 13882 2316 0 6
ta008 14022 0 116542 25265 13882 12858 0 6
ta008 14022 0 114240 24409 13882 11375 0 6
ta008 14022 0 115186 24287 13882 900 0 6
ta008 14022 0 114256 23943 13882 13739 0 6
ta008 14022 0 113365 23784 13882 3085 0 6
ta009 14414 0 121558 25421 14047 37995 1 6
ta009 14414 0 120005 24858 14047 2618 0 6
ta009 14414 0 120846 24604 14047 3639 0 6
ta009 14414 0 120599 24947 14047 51559 2 6
ta009 14414 0 120919 25047 14047 1251 0 6
ta009 14414 0 116965 24560 14047 5094 0 6
ta009 14414 0 120833 24968 14047 3974 0 6
ta009 14414 0 121069 25260 14047 1768 0 6
ta009 14414 0 121076 24890 14047 7629 0 6
ta009 14414 0 120412 25435 14047 5913 0 6
ta010 12971 0 116988 23248 12907 17412 0 6
ta010 12971 0 116463 22801 12907 3185 0 6
ta010 12971 0 117014 23237 12907 10506 0 6
ta010 12971 0 116301 22702 12894 100947 5 6
ta010 12971 0 116981 22491 12904 68975 3 6
ta010 12971 0 116068 22990 12904 26795 1 6
ta010 12971 0 116320 22735 12904 43315 2 6
ta010 12971 0 115902 23756 12902 87278 4 6
ta010 12971 0 116177 23270 12907 112055 5 6
ta010 12971 0 115972 22782 12907 53475 2 6
ta011 20967 0 73485 18479 20545 55418 9 12
ta011 20967 0 75426 18285 20496 62991 9 12
ta011 20967 0 74549 17950 20496 65951 10 12
ta011 20967 0 72700 17578 20530 17352 2 12
ta011 20967 0 75081 18254 20496 69871 11 12
ta011 20967 0 74954 18207 20545 38892 6 12
ta011 20967 0 74662 18480 20530 23255 3 12
ta011 20967 0 75585 18174 20496 57011 9 12
ta011 20967 0 74685 18434 20496 20131 3 12
ta011 20967 0 73775 17831 20530 2055 0 12
ta012 22591 1 70816 17582 22316 116 0 12
ta012 22591 0 70243 17384 22310 66838 11 12
ta012 22591 0 70891 17881 22316 2318 0 12
ta012 22591 0 70460 18214 22309 12516 2 12
ta012 22591 0 70131 16701 22316 676 0 12
ta012 22591 0 70043 17109 22311 63345 10 12
ta012 22591 0 70783 17096 22309 67238 11 12
ta012 22591 0 69453 17026 22311 20116 3 12
ta012 22591 0 69866 17258 22316 2457 0 12
ta012 22591 0 67940 16488 22311 62076 10 12
ta013 19833 0 68990 16388 19493 957 0 12
ta013 19833 0 69621 16664 19493 997 0 12
ta013 19833 0 68173 16126 19493 1507 0 12
ta013 19833 0 69387 16582 19493 2487 0 12
ta013 19833 0 68226 16550 19493 1339 0 12
ta013 19833 0 68837 15871 19493 551 0 12
ta013 19833 0 67354 16427 19493 4977 0 12
ta013 19833 0 69097 16266 19493 2918 0 12
ta013 19833 0 68857 16423 19493 5178 0 12
ta013 19833 0 69303 16795 19493 7206 1 12
ta014 18792 0 70251 18189 18454 55244 9 12
ta014 18792 0 70103 17832 18422 15004 2 12
ta014 18792 0 69189 17094 18422 13698 2 12
ta014 18792 0 68696 17967 18401 58456 10 12
ta014 18792 0 68773 17879 18393 41510 7 12
ta014 18792 0 70112 17643 18422 39204 6 12
ta014 18792 0 70457 18405 18383 19797 3 12
ta014 18792 0 70035 17755 18360 66478 11 12
ta014 18792 0 69532 17813 18428 20494 3 12
ta014 18792 0 70009 17495 18435 38664 6 12
ta015 18766 0 72649 19394 18240 21088 3 12
ta015 18766 0 72717 19623 18240 3210 0 12
ta015 18766 0 72389 19671 18240 13389 2 12
ta015 18766 0 72030 19313 18240 5553 0 12
ta015 18766 0 71747 19477 18240 3369 0 12
ta015 18766 0 72533 19848 18240 25409 4 12
ta015 18766 0 72574 19054 18240 15524 2 12
ta015 18766 0 72917 19229 18240 5638 0 12
ta015 18766 0 72652 19687 18240 11238 1 12
ta015 18766 0 72779 19370 18240 6396 1 12
ta016 19465 1 69369 17493 18762 8150 1 12
ta016 19465 0 68550 17892 18756 8056 1 12
ta016 19465 0 68592 17826 18581 38635 6 12
ta016 19465 0 69594 17553 18696 9235 1 12
ta016 19465 0 68595 17634 18595 59789 10 12
ta016 19465 0 68416 17764 18576 7919 1 12
ta016 19465 0 69272 17729 18595 1989 0 12
ta016 19465 0 68869 17958 18576 25971 4 12
ta016 19465 0 67545 17019 18576 24413 4 12
ta016 19465 0 69245 17692 18576 18700 3 12
ta017 18531 1 75042 18836 18042 6526 1 12
ta017 18531 0 76121 18490 18042 59657 9 12
ta017 18531 0 76635 18653 18042 35726 5 12
ta017 18531 0 75509 18526 18042 31426 4 12
ta017 18531 0 76116 19125 18042 61106 9 12
ta017 18531 0 76463 18566 18042 56274 8 12
ta017 18531 0 74247 18820 18042 19294 3 12
ta017 18531 0 75196 17998 18051 16037 2 12
ta017 18531 0 75638 18811 18042 59474 9 12
ta017 18531 0 76231 19014 18042 44686 7 12
ta018 20362 1 66983 16115 19917 6850 1 12
ta018 20362 0 67038 16338 19836 4110 0 12
ta018 20362 0 66374 16391 19836 56030 10 12
ta018 20362 0 67735 16626 19880 26111 4 12
ta018 20362 0 67003 16069 19843 26159 4 12
ta018 20362 0 66102 16317 19836 48970 8 12
ta018 20362 0 67036 15976 19917 7090 1 12
ta018 20362 0 66668 15854 19864 3997 0 12
ta018 20362 0 66168 15683 19864 3696 0 12
ta018 20362 0 65905 15594 19864 4797 0 12
ta019 20436 0 80272 18410 20106 11852 1 12
ta019 20436 0 78402 18803 20106 52551 8 12
ta019 20436 0 80578 18772 20106 2271 0 12
ta019 20436 0 80486 18791 20106 8146 1 12
ta019 20436 0 80821 18736 20106 3468 0 12
ta019 20436 0 80445 18659 20106 1989 0 12
ta019 20436 0 78062 18258 20106 3829 0 12
ta019 20436 0 77761 18018 20106 1786 0 12
ta019 20436 0 78421 18760 20106 34654 5 12
ta019 20436 0 80438 18322 20106 1060 0 12
ta020 21584 0 65000 15683 20872 38076 6 12
ta020 21584 0 64395 15057 20872 4317 0 12
ta020 21584 1 64018 14857 20872 11950 2 12
ta020 21584 0 63991 15188 20872 10806 2 12
ta020 21584 0 64111 15218 20872 2666 0 12
ta020 21584 0 64771 15379 20872 17879 3 12
ta020 21584 0 63196 14763 20872 3886 0 12
ta020 21584 0 64361 15100 20872 2703 0 12
ta020 21584 0 64654 14615 20872 8738 1 12
ta020 21584 0 63459 14882 20872 6377 1 12
ta021 33812 0 40643 10835 33239 14631 8 24
ta021 33812 1 40028 10855 33239 15664 9 24
ta021 33812 0 40620 10549 33264 33895 20 24
ta021 33812 0 40132 10372 33264 7915 4 24
ta021 33812 1 40360 10548 33283 5196 3 24
ta021 33812 0 40824 10670 33264 12275 7 24
ta021 33812 0 40699 10699 33264 10795 6 24
ta021 33812 0 40732 10523 33264 3941 2 24
ta021 33812 0 40454 10594 33264 17854 10 24
ta021 33812 0 40702 10520 33211 31877 18 24
ta022 31691 1 41441 11389 30967 10435 6 24
ta022 31691 1 41368 11509 30854 14469 8 24
ta022 31691 0 41452 11484 30879 24635 14 24
ta022 31691 1 41131 10887 30759 15415 8 24
ta022 31691 0 41081 11205 30838 35693 20 24
ta022 31691 0 41049 11017 31042 30186 17 24
ta022 31691 0 41153 11369 30692 39436 23 24
ta022 31691 0 41343 11523 30918 25835 15 24
ta022 31691 0 41062 11732 30645 37974 22 24
ta022 31691 0 41605 11391 30990 9953 5 24
ta023 34318 1 39209 10893 33037 7200 4 24
ta023 34318 1 39251 11051 33037 8046 4 24
ta023 34318 0 39190 11136 33037 9560 5 24
ta023 34318 1 39076 10536 33036 30478 18 24
ta023 34318 1 39073 11119 33037 1034 0 24
ta023 34318 0 38954 10726 33037 7411 4 24
ta023 34318 0 38933 10563 33026 16464 10 24
ta023 34318 0 38698 10798 33037 10252 6 24
ta023 34318 0 38980 10445 33037 14418 8 24
ta023 34318 0 38636 10794 33037 26018 16 24
ta024 31738 1 38921 10766 31029 186 0 24
ta024 31738 0 38295 10809 31029 998 0 24
ta024 31738 0 38843 10609 31029 12298 7 24
ta024 31738 1 38983 10617 31029 6740 4 24
ta024 31738 1 38993 10355 31029 5210 3 24
ta024 31738 0 38925 10870 31029 9118 5 24
ta024 31738 0 37482 9763 30961 17351 11 24
ta024 31738 0 39172 10487 31029 5667 3 24
ta024 31738 0 38958 10492 31029 1716 1 24
ta024 31738 0 39096 10704 31029 886 0 24
ta025 34693 1 37865 10012 34134 6516 4 24
ta025 34693 1 37438 9584 34132 19151 12 24
ta025 34693 0 37012 9372 34111 9849 6 24
ta025 34693 0 37350 9481 33882 17340 11 24
ta025 34693 1 37750 9536 34005 23413 14 24
ta025 34693 0 38026 9663 34039 28422 17 24
ta025 34693 0 37816 9355 34070 14969 9 24
ta025 34693 1 37431 9613 33880 23211 14 24
ta025 34693 0 37419 9975 33849 11513 7 24
ta025 34693 0 37309 9366 33957 35786 23 24
ta026 32616 1 41024 11191 32035 24435 14 24
ta026 32616 0 41504 10713 31975 33986 19 24
ta026 32616 0 40873 11566 32004 31619 18 24
ta026 32616 0 41931 11488 31927 28944 16 24
ta026 32616 0 41515 10912 32035 35094 20 24
ta026 32616 0 41322 11182 31985 25675 14 24
ta026 32616 0 40712 10629 32035 15777 9 24
ta026 32616 0 41919 11120 32035 2383 1 24
ta026 32616 0 41640 11575 32035 21335 12 24
ta026 32616 0 41879 10982 31985 6659 3 24
ta027 33249 0 39504 11477 32277 18558 11 24
ta027 33249 1 41992 11793 32256 25513 14 24
ta027 33249 0 41219 11391 32305 16337 9 24
ta027 33249 0 42012 11722 32209 18229 10 24
ta027 33249 0 42243 10817 32361 5298 3 24
ta027 33249 0 40224 10573 32361 28147 16 24
ta027 33249 0 40782 10766 32324 5230 3 24
ta027 33249 0 42025 10983 32322 14449 8 24
ta027 33249 0 41220 11041 32345 16171 9 24
ta027 33249 0 41758 10805 32361 8229 4 24
ta028 32871 0 39606 10721 31782 18110 10 24
ta028 32871 1 39340 11070 31782 12694 7 24
ta028 32871 0 39196 10518 31782 16129 9 24
ta028 32871 0 39301 10427 31821 3100 1 24
ta028 32871 1 39248 10411 31821 646 0 24
ta028 32871 0 38419 10525 31935 2707 1 24
ta028 32871 0 39460 10746 31819 37985 23 24
ta028 32871 0 37291 10168 31849 6517 4 24
ta028 32871 0 39324 10347 31821 476 0 24
ta028 32871 0 39445 10753 31782 6829 4 24
ta029 33857 1 40193 11093 32912 19235 11 24
ta029 33857 1 40131 11534 32939 16038 9 24
ta029 33857 0 40017 11217 32912 18394 10 24
ta029 33857 0 39132 10498 32943 25204 15 24
ta029 33857 0 38942 10570 32947 24163 14 24
ta029 33857 0 39654 10595 32912 33312 20 24
ta029 33857 0 40571 11190 32980 36389 21 24
ta029 33857 0 40435 10859 32938 20488 12 24
ta029 33857 0 39617 10994 32912 35534 21 24
ta029 33857 0 40497 11209 32940 38537 22 24
ta030 32467 1 42513 11352 31659 32087 18 24
ta030 32467 1 42291 11410 31648 39648 22 24
ta030 32467 0 42772 11693 31718 21160 12 24
ta030 32467 0 42637 11508 31669 10177 5 24
ta030 32467 0 41805 11629 31725 32578 18 24
ta030 32467 1 42370 11426 31690 30651 17 24
ta030 32467 0 43045 11563 31501 24273 13 24
ta030 32467 0 42436 11794 31690 11360 6 24
ta030 32467 0 42713 11932 31661 29992 16 24
ta030 32467 0 42856 12053 31510 41237 23 24
ta031 65134 4 68428 10177 64918 68050 14 15
ta031 65134 6 69777 9468 64965 49546 10 15
ta031 65134 2 67564 10690 64960 25888 5 15
ta031 65134 2 68228 10192 64935 64896 14 15
ta031 65134 5 69498 10603 64941 43280 9 15
ta031 65134 2 69917 9589 64957 60878 13 15
ta031 65134 3 69568 9537 65009 55531 11 15
ta031 65134 2 69585 9883 64996 49616 10 15
ta031 65134 2 68613 10028 64966 39246 8 15
ta031 65134 3 68714 10529 64999 51380 11 15
ta032 68180 4 81654 10576 68067 44 0 15
ta032 68180 5 80605 11453 68067 44 0 15
ta032 68180 2 81453 11873 68064 69663 12 15
ta032 68180 4 80120 12296 68064 44077 8 15
ta032 68180 2 81301 12932 68064 21330 3 15
ta032 68180 3 80335 11932 68037 60469 11 15
ta032 68180 2 81370 10991 68067 44 0 15
ta032 68180 2 81329 12160 68067 44 0 15
ta032 68180 2 80339 12538 68010 44034 8 15
ta032 68180 2 81845 11540 68065 17270 3 15
ta033 63350 3 72918 9812 63237 65605 13 15
ta033 63350 4 72322 10973 63271 47047 9 15
ta033 63350 2 73391 10362 63234 72392 14 15
ta033 63350 4 72385 10272 63307 60383 12 15
ta033 63350 3 72667 9667 63323 67896 14 15
ta033 63350 2 73370 10385 63321 57362 11 15
ta033 63350 2 73286 10223 63303 45140 9 15
ta033 63350 2 73336 10150 63305 24646 5 15
ta033 63350 2 72362 9700 63284 64900 13 15
ta033 63350 2 73604 9754 63307 54793 11 15
ta034 68612 6 70155 10966 68424 69299 14 15
ta034 68612 2 71038 11011 68500 51797 11 15
ta034 68612 4 71258 10948 68419 32643 6 15
ta034 68612 2 70591 10391 68422 13337 2 15
ta034 68612 2 71151 11107 68388 65832 13 15
ta034 68612 4 71000 10898 68449 66850 14 15
ta034 68612 3 69466 10175 68419 19062 4 15
ta034 68612 2 71208 10941 68437 37029 7 15
ta034 68612 3 70053 9982 68419 32787 7 15
ta034 68612 2 71037 11182 68457 52903 11 15
ta035 69573 4 66842 10147 69252 29045 6 15
ta035 69573 3 67855 10960 69234 60049 13 15
ta035 69573 2 66287 9350 69260 34446 7 15
ta035 69573 2 66723 10212 69230 25688 5 15
ta035 69573 2 68318 10618 69299 23289 5 15
ta035 69573 2 67586 10237 69299 44984 10 15
ta035 69573 2 67150 10459 69211 43907 9 15
ta035 69573 2 67855 10486 69252 33388 7 15
ta035 69573 2 67257 10675 69203 57900 12 15
ta035 69573 3 66969 10234 69221 56039 12 15
ta036 67030 4 70473 11444 66929 61925 13 15
ta036 67030 4 70876 10579 66971 55824 11 15
ta036 67030 4 71244 9973 66987 54 0 15
ta036 67030 4 71079 10835 66958 11596 2 15
ta036 67030 4 71093 10529 66955 41928 8 15
ta036 67030 2 70819 10963 66881 58555 12 15
ta036 67030 2 71052 9960 66987 54 0 15
ta036 67030 3 71216 9492 66987 54 0 15
ta036 67030 2 70693 11590 66872 51798 10 15
ta036 67030 2 70362 10267 66969 59396 12 15
ta037 66434 5 69165 10212 66252 59979 12 15
ta037 66434 3 68227 11403 66170 22291 4 15
ta037 66434 4 71458 11614 66292 48446 10 15
ta037 66434 2 68435 9938 66218 61028 13 15
ta037 66434 4 69040 11255 66079 62279 13 15
ta037 66434 2 71064 11077 66204 67109 14 15
ta037 66434 3 67465 10655 66208 20109 4 15
ta037 66434 2 67477 11133 66216 62997 14 15
ta037 66434 3 66395 10854 66289 63796 14 15
ta037 66434 2 67877 10705 66252 63449 14 15
ta038 64499 7 71261 9129 64319 27780 5 15
ta038 64499 4 71300 10149 64253 67087 14 15
ta038 64499 4 71395 10841 64294 34888 7 15
ta038 64499 5 70487 10127 64319 46747 9 15
ta038 64499 5 71850 10012 64294 40999 8 15
ta038 64499 5 71696 10574 64294 66327 13 15
ta038 64499 4 70831 11093 64252 35227 7 15
ta038 64499 2 70667 9896 64294 65183 13 15
ta038 64499 3 71576 9713 64335 45 0 15
ta038 64499 2 71199 10666 64300 36097 7 15
ta039 63324 4 69204 9854 63120 61792 13 15
ta039 63324 4 67754 10586 63209 46713 10 15
ta039 63324 5 69334 9978 63118 52197 11 15
ta039 63324 2 69289 11241 63184 62128 13 15
ta039 63324 3 70304 10500 63154 69893 14 15
ta039 63324 2 69495 10753 63168 45346 9 15
ta039 63324 3 69382 10485 63154 55211 11 15
ta039 63324 2 69586 10341 63167 61290 13 15
ta039 63324 5 69940 10477 63105 57164 12 15
ta039 63324 5 70179 10174 63142 69715 14 15
ta040 69206 4 77936 11457 68773 68493 13 15
ta040 69206 6 78447 11224 68786 55046 10 15
ta040 69206 2 78760 11498 68761 70291 13 15
ta040 69206 2 77784 11281 68805 52671 10 15
ta040 69206 4 78814 10941 68875 44999 8 15
ta040 69206 2 76608 11588 68774 59841 11 15
ta040 69206 2 78177 10837 68849 32645 6 15
ta040 69206 2 78096 10867 68837 20496 3 15
ta040 69206 2 78237 11966 68775 61698 11 15
ta040 69206 3 78308 12306 68849 75590 14 15
ta041 88312 10 43267 8715 87265 29841 20 30
ta041 88312 7 42814 8830 87705 36534 25 30
ta041 88312 4 42969 8213 87201 41192 28 30
ta041 88312 4 43802 7917 87652 36941 25 30
ta041 88312 4 43143 7991 87236 41041 28 30
ta041 88312 4 42740 8148 87532 33970 23 30
ta041 88312 4 43174 8718 87593 35533 24 30
ta041 88312 4 44076 8413 87465 32531 22 30
ta041 88312 4 43158 8130 87463 28548 19 30
ta041 88312 4 42798 8021 87525 35300 24 30
ta042 84223 7 43886 8799 83671 26531 18 30
ta042 84223 10 44172 8664 83563 19393 13 30
ta042 84223 4 42197 8102 83682 25791 18 30
ta042 84223 4 44404 8753 83527 35985 24 30
ta042 84223 4 42048 8663 83524 37615 26 30
ta042 84223 4 43741 8070 83643 26143 18 30
ta042 84223 4 43855 8848 83814 32434 21 30
ta042 84223 4 41609 8179 83306 20199 14 30
ta042 84223 4 42950 8898 83752 37144 25 30
ta042 84223 4 42169 8602 83157 37189 26 30
ta043 80653 8 41674 7305 80508 34 0 30
ta043 80653 7 41641 6760 80494 8542 6 30
ta043 80653 4 41633 7129 80494 31327 22 30
ta043 80653 6 42360 6580 80495 33458 23 30
ta043 80653 6 41208 7793 79969 39932 29 30
ta043 80653 4 41706 6867 80508 34 0 30
ta043 80653 4 41895 7848 80482 12195 8 30
ta043 80653 4 41684 8033 80494 5586 3 30
ta043 80653 4 42208 6872 80508 34 0 30
ta043 80653 4 41868 8563 80299 22779 16 30
ta044 87085 6 42436 6929 86971 29342 20 30
ta044 87085 8 41942 6800 86951 17810 12 30
ta044 87085 5 42734 7130 86971 18855 13 30
ta044 87085 7 41979 6498 86966 25610 18 30
ta044 87085 6 42221 6880 86989 60 0 30
ta044 87085 4 42755 7536 86902 37145 25 30
ta044 87085 4 41825 6608 86890 2799 1 30
ta044 87085 4 41831 8349 86796 29833 21 30
ta044 87085 4 41440 7215 86803 9345 6 30
ta044 87085 4 42242 8076 86920 22743 16 30
ta045 87523 6 42419 8829 86544 34982 24 30
ta045 87523 6 41776 8975 86729 31347 22 30
ta045 87523 4 42562 9176 86204 41674 29 30
ta045 87523 4 42718 8297 86521 28749 20 30
ta045 87523 5 42761 8970 86202 19815 13 30
ta045 87523 4 42989 9081 86398 40145 27 30
ta045 87523 4 43242 9174 86507 39099 27 30
ta045 87523 4 42286 8829 86365 27996 19 30
ta045 87523 4 42919 8760 86467 40188 28 30
ta045 87523 4 41901 9270 86541 39792 28 30
ta046 87175 7 41488 7760 86359 36930 26 30
ta046 87175 4 42386 8096 86559 34838 24 30
ta046 87175 4 40769 7797 86776 36557 26 30
ta046 87175 4 41669 7689 86370 33577 24 30
ta046 87175 4 41956 8158 86595 10840 7 30
ta046 87175 9 40815 7640 86699 31389 23 30
ta046 87175 7 41046 8022 86389 39995 29 30
ta046 87175 5 40738 7249 86668 40335 29 30
ta046 87175 6 41967 7662 86579 35310 25 30
ta046 87175 5 41910 8093 86553 22639 16 30
ta047 90131 6 35150 7207 88950 35125 29 30
ta047 90131 4 34512 7535 88793 26684 23 30
ta047 90131 9 34720 6923 89153 32090 27 30
ta047 90131 4 34623 6950 88863 30495 26 30
ta047 90131 4 34824 7500 89277 16241 13 30
ta047 90131 4 34470 7014 88866 34123 29 30
ta047 90131 4 34809 7934 88887 30346 26 30
ta047 90131 4 34955 7369 89138 15107 12 30
ta047 90131 4 34751 7133 89090 28842 24 30
ta047 90131 4 34122 6984 88778 24675 21 30
ta048 87463 6 39436 6906 87053 15317 11 30
ta048 87463 8 39660 7053 86990 25127 19 30
ta048 87463 4 39643 6932 86934 24673 18 30
ta048 87463 6 39149 7289 86805 22987 17 30
ta048 87463 6 39527 6929 87069 22993 17 30
ta048 87463 5 39316 7445 86928 13445 10 30
ta048 87463 4 39154 7861 87012 37256 28 30
ta048 87463 4 39163 7232 86917 21424 16 30
ta048 87463 4 39635 7317 87016 18580 14 30
ta048 87463 4 38607 7177 86681 12635 9 30
ta049 86180 9 37497 7074 85350 14143 11 30
ta049 86180 9 37107 6882 85527 16424 13 30
ta049 86180 4 37988 7477 85481 31843 25 30
ta049 86180 4 36903 7242 85288 32197 26 30
ta049 86180 4 37932 7416 85479 26643 21 30
ta049 86180 4 38213 6831 85548 38194 29 30
ta049 86180 4 37521 7430 85476 37299 29 30
ta049 86180 4 37612 6424 85586 31781 25 30
ta049 86180 4 37649 6830 85646 17236 13 30
ta049 86180 4 37558 7425 85618 15932 12 30
ta050 88839 7 36234 7119 88200 28793 23 30
ta050 88839 6 35573 6490 88142 22693 18 30
ta050 88839 8 35330 6477 88308 34077 28 30
ta050 88839 4 35919 7122 88016 33698 28 30
ta050 88839 4 36421 7054 88207 33875 27 30
ta050 88839 7 36250 7176 88243 16082 13 30
ta050 88839 6 36514 7515 88035 34978 28 30
ta050 88839 4 35596 6830 88225 24456 20 30
ta050 88839 4 36041 7214 87978 34317 28 30
ta050 88839 5 36275 7496 87998 31786 26 30
ta051 126260 12 23572 5086 125435 18641 47 60
ta051 126260 13 23825 5075 125282 7876 19 60
ta051 126260 8 24316 5224 125588 13296 32 60
ta051 126260 8 24109 5201 125603 5191 12 60
ta051 126260 8 24210 5230 125193 20244 50 60
ta051 126260 8 23992 4827 125099 23254 58 60
ta051 126260 8 24462 5246 125347 18736 45 60
ta051 126260 8 24130 4659 125308 11591 28 60
ta051 126260 8 24262 5101 125246 20321 50 60
ta051 126260 8 24339 5446 125372 13028 32 60
ta052 120935 13 24634 5723 119335 20899 50 60
ta052 120935 8 25928 5496 119335 22186 50 60
ta052 120935 8 24770 5398 119502 21448 52 60
ta052 120935 8 24793 5514 119259 22116 53 60
ta052 120935 8 24798 5467 118648 24232 58 60
ta052 120935 8 25530 6455 118904 21393 49 60
ta052 120935 11 24934 5744 119611 23545 56 60
ta052 120935 8 25167 5616 119780 23274 55 60
ta052 120935 8 24996 5816 119154 24995 59 60
ta052 120935 8 25908 5917 119402 18985 43 60
ta053 117927 13 22988 4814 116857 13380 35 60
ta053 117927 13 22978 5003 116866 18219 47 60
ta053 117927 8 23418 5110 116756 14979 38 60
ta053 117927 8 23745 5122 116348 20527 51 60
ta053 117927 8 23152 4488 117030 20607 53 60
ta053 117927 8 23258 5169 116517 22071 56 60
ta053 117927 8 23392 5099 116805 23207 59 60
ta053 117927 8 23214 4834 116321 14448 37 60
ta053 117927 8 23139 5043 117019 6357 16 60
ta053 117927 7 22872 4706 116238 22433 58 60
ta054 121442 12 23247 5139 120513 17449 45 60
ta054 121442 12 22787 4946 120681 2537 6 60
ta054 121442 11 23457 4811 120561 23339 59 60
ta054 121442 8 22981 5062 120567 1286 3 60
ta054 121442 10 23470 4799 120601 818 2 60
ta054 121442 9 23614 5284 120757 14902 37 60
ta054 121442 9 23359 5212 120640 13538 35 60
ta054 121442 7 22818 4936 120703 4918 12 60
ta054 121442 8 23479 5177 120521 17931 45 60
ta054 121442 8 23070 5583 120563 692 1 60
ta055 120028 13 23303 5023 117952 23299 59 60
ta055 120028 9 23750 5424 118200 7380 18 60
ta055 120028 12 23805 5506 117823 13781 34 60
ta055 120028 8 23426 5287 117922 7300 18 60
ta055 120028 11 23372 5146 117589 7685 20 60
ta055 120028 8 23285 5407 117490 17877 46 60
ta055 120028 10 23312 5022 117887 10730 27 60
ta055 120028 8 23077 5192 117741 5067 13 60
ta055 120028 8 22793 5198 118040 17335 45 60
ta055 120028 9 23175 4906 117601 13875 36 60
ta056 122373 12 22441 4685 120807 19038 51 60
ta056 122373 12 22203 5058 120240 19692 53 60
ta056 122373 9 22226 4831 120475 22130 59 60
ta056 122373 9 21891 4932 120757 21596 59 60
ta056 122373 8 22264 5115 120818 12884 34 60
ta056 122373 8 22155 5009 120991 4079 11 60
ta056 122373 8 22340 4811 120320 21192 56 60
ta056 122373 8 22349 4909 120975 16093 43 60
ta056 122373 8 22067 5114 120689 19181 52 60
ta056 122373 8 22336 4618 120892 9435 25 60
ta057 124887 14 24403 5231 123189 23298 57 60
ta057 124887 13 25105 5116 123592 2635 6 60
ta057 124887 8 25240 5315 123646 10837 26 60
ta057 124887 10 24408 5480 123287 22819 56 60
ta057 124887 8 24791 5107 122128 24513 59 60
ta057 124887 9 25194 5286 123245 6648 15 60
ta057 124887 8 25125 5656 123290 4775 11 60
ta057 124887 8 24729 5471 123431 17686 43 60
ta057 124887 8 25164 5443 123262 22432 53 60
ta057 124887 8 24616 5103 123487 23323 56 60
ta058 123607 13 23514 5408 121357 22862 58 60
ta058 123607 13 23209 4533 121378 18246 47 60
ta058 123607 8 23066 5390 121844 10262 26 60
ta058 123607 8 23425 4814 121741 15946 40 60
ta058 123607 8 23385 5185 121322 15489 39 60
ta058 123607 8 23489 5155 121395 9489 24 60
ta058 123607 8 23445 5360 121879 7833 20 60
ta058 123607 8 23626 5474 121798 12715 32 60
ta058 123607 8 23146 5300 121585 22597 58 60
ta058 123607 8 23126 5298 121856 17896 46 60
ta059 122493 13 24158 5272 121761 16491 40 60
ta059 122493 9 23882 4604 121689 17434 43 60
ta059 122493 13 23913 4702 121771 20791 52 60
ta059 122493 10 24022 4672 121757 22547 56 60
ta059 122493 9 23845 4816 121741 20109 50 60
ta059 122493 8 23642 5158 121681 13828 34 60
ta059 122493 8 23886 5183 121636 21690 54 60
ta059 122493 8 23960 5228 121339 7149 17 60
ta059 122493 8 24283 4952 121700 8006 19 60
ta059 122493 8 23606 5397 121548 14385 36 60
ta060 125141 11 23464 5058 123981 23189 59 60
ta060 125141 12 23152 5199 124296 7144 18 60
ta060 125141 8 23096 5178 124384 4088 10 60
ta060 125141 8 23095 5169 124172 21323 55 60
ta060 125141 9 22931 4796 124038 20899 54 60
ta060 125141 9 23196 5252 124312 15239 39 60
ta060 125141 8 23137 5271 123856 10927 27 60
ta060 125141 9 23256 4969 123955 19146 49 60
ta060 125141 8 23163 4932 124502 6841 17 60
ta060 125141 9 23373 5497 124266 21895 56 60
ta061 253202 23 42185 3907 252996 128 0 30
ta061 253202 21 42295 3788 252996 128 0 30
ta061 253202 25 41495 4394 252996 128 0 30
ta061 253202 24 41739 3674 252996 128 0 30
ta061 253202 24 41603 4079 252996 128 0 30
ta061 253202 19 42416 4154 252982 15917 11 30
ta061 253202 20 42119 4167 252996 128 0 30
ta061 253202 21 41485 4959 252979 19948 14 30
ta061 253202 20 41925 3945 252979 1349 0 30
ta061 253202 20 41698 3790 252996 128 0 30
ta062 242093 23 50331 6505 242015 99 0 30
ta062 242093 23 50345 5671 241988 17691 10 30
ta062 242093 22 49836 5951 242015 99 0 30
ta062 242093 21 49799 5807 242015 99 0 30
ta062 242093 18 50225 6417 242015 99 0 30
ta062 242093 19 51550 5474 242004 8677 5 30
ta062 242093 19 50712 5675 242015 99 0 30
ta062 242093 19 51154 5488 242015 99 0 30
ta062 242093 19 50373 5391 241988 31714 18 30
ta062 242093 19 50378 5684 242015 99 0 30
ta063 237886 24 47040 4262 237848 18 0 30
ta063 237886 23 46719 4064 237848 18 0 30
ta063 237886 19 46912 3993 237848 18 0 30
ta063 237886 21 46698 4172 237848 18 0 30
ta063 237886 21 46493 4717 237848 18 0 30
ta063 237886 21 47125 4203 237848 18 0 30
ta063 237886 18 47251 4433 237848 18 0 30
ta063 237886 18 47262 4458 237848 18 0 30
ta063 237886 19 47039 4181 237848 18 0 30
ta063 237886 19 46964 4443 237848 18 0 30
ta064 227756 23 42438 4574 227648 82 0 30
ta064 227756 25 43241 5172 227648 82 0 30
ta064 227756 20 42611 4267 227648 82 0 30
ta064 227756 22 42958 4269 227648 82 0 30
ta064 227756 20 42912 5238 227603 417 0 30
ta064 227756 20 42812 4117 227648 82 0 30
ta064 227756 20 43283 4357 227648 82 0 30
ta064 227756 20 43067 4804 227648 82 0 30
ta064 227756 21 43028 4426 227648 82 0 30
ta064 227756 21 42966 4994 227648 82 0 30
ta065 240826 28 46461 5656 240677 56 0 30
ta065 240826 21 45529 5919 240677 56 0 30
ta065 240826 21 46348 5137 240677 56 0 30
ta065 240826 30 45780 5247 240677 56 0 30
ta065 240826 21 46850 5113 240677 56 0 30
ta065 240826 30 46249 5490 240650 43283 28 30
ta065 240826 20 45706 5805 240677 56 0 30
ta065 240826 34 45948 5621 240677 56 0 30
ta065 240826 34 46215 5639 240677 56 0 30
ta065 240826 34 46400 5559 240665 814 0 30
ta066 232405 24 49560 5482 232206 201 0 30
ta066 232405 25 49129 7288 232206 201 0 30
ta066 232405 19 48925 6348 232206 201 0 30
ta066 232405 22 49144 5630 232206 201 0 30
ta066 232405 22 50227 6805 232206 201 0 30
ta066 232405 21 48498 6515 232206 201 0 30
ta066 232405 19 48742 5998 232206 201 0 30
ta066 232405 20 48586 5429 232206 201 0 30
ta066 232405 20 50810 6504 232199 11397 7 30
ta066 232405 19 49551 5995 232206 201 0 30
ta067 240876 23 41764 3540 240853 93 0 30
ta067 240876 24 42461 3272 240834 34893 24 30
ta067 240876 20 42041 4602 240819 3296 2 30
ta067 240876 20 42168 4415 240836 36497 26 30
ta067 240876 21 42343 3577 240828 13896 9 30
ta067 240876 20 42282 4009 240853 93 0 30
ta067 240876 19 42152 3218 240853 93 0 30
ta067 240876 19 42220 3799 240853 93 0 30
ta067 240876 20 41947 3788 240841 24376 17 30
ta067 240876 19 42536 3809 240853 93 0 30
ta068 231184 22 54511 5694 230956 46700 25 30
ta068 231184 19 54546 5228 230971 134 0 30
ta068 231184 19 54650 5463 230971 134 0 30
ta068 231184 19 54192 5396 230971 134 0 30
ta068 231184 20 54287 4931 230971 134 0 30
ta068 231184 23 52945 5528 230971 134 0 30
ta068 231184 21 53624 5634 230924 36588 20 30
ta068 231184 21 53657 5617 230942 446 0 30
ta068 231184 20 54153 5311 230971 134 0 30
ta068 231184 20 54578 5106 230962 2190 1 30
ta069 248254 24 59256 6918 247889 20898 10 30
ta069 248254 25 58301 6902 247871 40998 21 30
ta069 248254 20 58629 6927 247890 109 0 30
ta069 248254 22 57927 6716 247885 56987 29 30
ta069 248254 21 58509 7000 247818 36498 18 30
ta069 248254 20 59268 6599 247871 12537 6 30
ta069 248254 20 58987 7464 247836 1714 0 30
ta069 248254 19 58437 6843 247834 35008 17 30
ta069 248254 19 58529 6434 247890 109 0 30
ta069 248254 20 59496 6984 247885 8398 4 30
ta070 244275 25 43742 5508 244017 29319 20 30
ta070 244275 25 43217 4618 243990 3974 2 30
ta070 244275 20 43115 4954 243976 26919 18 30
ta070 244275 23 42918 4925 243993 15296 10 30
ta070 244275 20 43725 5455 244013 18619 12 30
ta070 244275 22 43234 4822 243999 35474 24 30
ta070 244275 20 43704 4680 244011 27394 18 30
ta070 244275 21 43145 5331 244043 19874 13 30
ta070 244275 20 43716 4923 244046 195 0 30
ta070 244275 20 43159 4435 243929 4828 3 30
ta071 300361 36 26848 3637 299748 119 0 60
ta071 300361 39 27015 3209 299748 119 0 60
ta071 300361 33 26880 3723 299748 119 0 60
ta071 300361 36 26712 4029 299697 1789 4 60
ta071 300361 33 27015 4020 299731 696 1 60
ta071 300361 33 26551 3987 299748 119 0 60
ta071 300361 35 26967 3042 299748 119 0 60
ta071 300361 33 26817 3435 299748 119 0 60
ta071 300361 33 26944 3140 299748 119 0 60
ta071 300361 33 27048 3632 299724 3081 6 60
ta072 274637 34 26259 4065 274161 7138 15 60
ta072 274637 34 26888 3007 274305 22391 49 60
ta072 274637 31 26484 3650 274401 192 0 60
ta072 274637 31 26424 3627 274305 21099 47 60
ta072 274637 32 26481 3669 274401 192 0 60
ta072 274637 31 25968 3829 274401 192 0 60
ta072 274637 30 26751 3632 274401 192 0 60
ta072 274637 30 26707 3873 274401 192 0 60
ta072 274637 31 26329 3516 274401 192 0 60
ta072 274637 31 26958 3438 274359 491 1 60
ta073 289139 36 25501 3940 288194 19705 46 60
ta073 289139 34 25457 3310 288238 193 0 60
ta073 289139 34 25774 3503 288238 193 0 60
ta073 289139 33 25749 3881 288238 193 0 60
ta073 289139 34 25310 4002 288231 21887 51 60
ta073 289139 33 25515 3480 288237 10992 26 60
ta073 289139 33 25834 4269 288238 193 0 60
ta073 289139 32 25422 3446 288238 193 0 60
ta073 289139 33 25616 4115 288238 193 0 60
ta073 289139 34 25352 2918 288238 193 0 60
ta074 302056 36 23853 3416 301599 108 0 60
ta074 302056 32 23622 3052 301599 108 0 60
ta074 302056 31 24120 3383 301599 108 0 60
ta074 302056 31 23722 2561 301599 108 0 60
ta074 302056 34 23463 2760 301599 108 0 60
ta074 302056 31 23542 3760 301599 108 0 60
ta074 302056 33 23678 2912 301599 108 0 60
ta074 302056 32 24240 3161 301599 108 0 60
ta074 302056 32 24008 3459 301520 23138 57 60
ta074 302056 30 24018 3263 301599 108 0 60
ta075 284256 36 26897 3582 283902 21189 47 60
ta075 284256 37 26321 3686 283904 15293 34 60
ta075 284256 34 25226 3579 283905 205 0 60
ta075 284256 34 26302 3228 283905 205 0 60
ta075 284256 34 26521 3894 283841 4698 10 60
ta075 284256 34 26356 3799 283773 15121 34 60
ta075 284256 34 26975 3802 283905 205 0 60
ta075 284256 32 26133 3472 283811 16497 38 60
ta075 284256 32 26310 3392 283811 24092 55 60
ta075 284256 34 26423 3425 283905 205 0 60
ta076 271602 38 26010 4555 270732 217 0 60
ta076 271602 33 26444 4198 270438 13680 30 60
ta076 271602 35 26309 4227 270731 3206 7 60
ta076 271602 34 26441 4435 270732 217 0 60
ta076 271602 33 26107 4902 270732 217 0 60
ta076 271602 33 26377 4524 270732 217 0 60
ta076 271602 33 26392 4289 270732 217 0 60
ta076 271602 32 26143 4994 270732 217 0 60
ta076 271602 32 26207 4327 270732 217 0 60
ta076 271602 33 26441 4587 270732 217 0 60
ta077 280756 38 22374 3351 279843 2480 6 60
ta077 280756 37 22382 3627 279818 3370 9 60
ta077 280756 34 22387 3511 280197 378 1 60
ta077 280756 34 22438 3486 280028 21079 56 60
ta077 280756 34 22416 3736 279466 21896 58 60
ta077 280756 34 22346 3390 279613 3864 10 60
ta077 280756 34 22510 3225 280191 1729 4 60
ta077 280756 33 22476 3240 279830 19683 52 60
ta077 280756 33 22167 3330 280001 17872 48 60
ta077 280756 34 22224 3869 279867 6176 16 60
ta078 291032 36 28230 4024 290743 148 0 60
ta078 291032 37 27557 3488 290743 148 0 60
ta078 291032 33 27817 3836 290556 18196 39 60
ta078 291032 32 28032 3549 290732 581 1 60
ta078 291032 32 27143 4262 290743 148 0 60
ta078 291032 31 27586 4120 290743 148 0 60
ta078 291032 31 27200 3502 290693 27182 59 60
ta078 291032 31 27744 3907 290617 16366 35 60
ta078 291032 32 27533 3279 290743 148 0 60
ta078 291032 33 27473 3875 290743 148 0 60
ta079 303529 37 28868 4069 302938 231 0 60
ta079 303529 36 30418 4301 302938 231 0 60
ta079 303529 32 29308 4467 302892 24998 50 60
ta079 303529 32 28659 4081 302809 14987 31 60
ta079 303529 32 29754 4227 302938 231 0 60
ta079 303529 32 30124 4200 302938 231 0 60
ta079 303529 32 30443 4353 302938 231 0 60
ta079 303529 32 31324 3919 302798 27993 53 60
ta079 303529 32 28658 4134 302899 14997 31 60
ta079 303529 30 29458 4638 302881 18502 37 60
ta080 291997 37 33218 4897 291415 213 0 60
ta080 291997 33 33502 4791 291379 18594 33 60
ta080 291997 33 34025 4669 291356 26238 46 60
ta080 291997 33 33842 4900 291406 28197 50 60
ta080 291997 33 33141 4816 291415 213 0 60
ta080 291997 33 33068 4925 291369 13411 24 60
ta080 291997 35 33668 5005 291357 15197 27 60
ta080 291997 34 33566 5062 291356 4997 9 60
ta080 291997 33 33443 4379 291338 30784 55 60
ta080 291997 31 33000 4217 291415 213 0 60
ta081 368077 68 13630 2506 366368 217 1 120
ta081 368077 66 13677 2457 365564 3846 32 120
ta081 368077 64 12456 2419 366284 2383 22 120
ta081 368077 64 13378 2414 366368 217 1 120
ta081 368077 65 13482 2292 365894 12492 111 120
ta081 368077 64 13282 2572 366103 4389 37 120
ta081 368077 64 12860 2292 366261 11297 107 120
ta081 368077 63 13447 2491 365828 755 6 120
ta081 368077 63 13250 2764 366055 644 5 120
ta081 368077 64 13347 2424 366094 993 8 120
ta082 372488 65 15033 2453 371458 190 1 120
ta082 372488 62 14866 2608 371458 190 1 120
ta082 372488 63 14782 2812 371228 13487 109 120
ta082 372488 62 14938 2808 371364 8394 67 120
ta082 372488 64 15462 2487 371347 11485 89 120
ta082 372488 62 15111 2504 371375 13989 110 120
ta082 372488 60 15151 2876 370957 5653 44 120
ta082 372488 63 14993 2568 371458 190 1 120
ta082 372488 61 13701 2482 371458 190 1 120
ta082 372488 62 15359 2297 371406 9181 71 120
ta083 374460 65 16425 2903 372290 6198 44 120
ta083 374460 63 16788 2900 372350 1958 13 120
ta083 374460 61 16585 3255 372573 252 1 120
ta083 374460 60 16348 2804 372573 252 1 120
ta083 374460 61 16444 3015 372501 1290 8 120
ta083 374460 61 15788 2854 372481 8268 62 120
ta083 374460 59 16450 2672 372286 9582 66 120
ta083 374460 61 16811 2777 372090 835 5 120
ta083 374460 61 15161 3276 372498 1321 8 120
ta083 374460 59 15599 2385 372172 11172 83 120
ta084 376118 63 13430 2127 373386 1060 9 120
ta084 376118 62 13681 2822 373499 260 2 120
ta084 376118 61 13818 2691 373321 2519 22 120
ta084 376118 61 13784 2533 373410 7390 64 120
ta084 376118 61 13514 2719 373499 260 2 120
ta084 376118 58 13708 2521 373499 260 2 120
ta084 376118 57 13543 2286 373449 1567 13 120
ta084 376118 61 13650 2517 373406 1484 14 120
ta084 376118 57 13816 2930 373499 260 2 120
ta084 376118 61 13588 2909 373393 3685 32 120
ta085 370795 66 14132 2507 368053 3588 29 120
ta085 370795 63 14392 2515 368178 366 2 120
ta085 370795 63 14063 2433 368013 9059 76 120
ta085 370795 63 13993 2484 367855 1244 10 120
ta085 370795 60 14105 2604 368178 366 2 120
ta085 370795 63 13680 2290 367807 1637 13 120
ta085 370795 63 13422 1993 368178 366 2 120
ta085 370795 63 14245 2621 368178 366 2 120
ta085 370795 63 14181 1858 367322 5600 48 120
ta085 370795 57 14167 2676 366986 5683 47 120
ta086 377505 66 14690 2656 372111 471 3 120
ta086 377505 64 15207 2373 372111 471 3 120
ta086 377505 62 14783 3310 372111 471 3 120
ta086 377505 61 15454 2736 372094 2262 17 120
ta086 377505 62 14271 2838 372111 471 3 120
ta086 377505 61 14806 2790 372111 471 3 120
ta086 377505 61 14709 2802 372013 1084 8 120
ta086 377505 61 14772 2327 372111 471 3 120
ta086 377505 62 14571 3020 372111 471 3 120
ta086 377505 62 14697 2960 372111 471 3 120
ta087 375360 65 14674 2043 373013 245 2 120
ta087 375360 61 14764 2717 372688 11773 96 120
ta087 375360 61 14955 2941 372742 2178 18 120
ta087 375360 61 14667 2217 372298 10726 86 120
ta087 375360 61 14843 2747 372174 3426 27 120
ta087 375360 59 15061 2911 373013 245 1 120
ta087 375360 61 15327 2583 372134 4852 37 120
ta087 375360 58 14431 2728 373013 245 1 120
ta087 375360 58 14652 2854 372964 3726 30 120
ta087 375360 61 15099 2312 373013 245 2 120
ta088 386686 67 13183 2140 384555 198 1 120
ta088 386686 64 13496 2367 384555 198 1 120
ta088 386686 64 13716 2418 384477 8089 69 120
ta088 386686 64 13132 2503 384515 776 6 120
ta088 386686 64 13512 1868 384310 10071 89 120
ta088 386686 63 13673 2010 384555 198 1 120
ta088 386686 65 13566 2012 384555 198 1 120
ta088 386686 61 13098 2056 384555 198 1 120
ta088 386686 65 13338 2641 384053 1683 15 120
ta088 386686 62 13117 2233 384404 6486 60 120
ta089 376874 65 12779 2126 373755 259 2 120
ta089 376874 63 12996 2660 373755 259 2 120
ta089 376874 62 12641 2677 373755 259 2 120
ta089 376874 62 13186 2642 373755 259 2 120
ta089 376874 62 12690 2569 373753 3120 29 120
ta089 376874 62 12718 2085 373755 259 2 120
ta089 376874 62 13503 2842 373755 259 2 120
ta089 376874 62 12861 2605 373755 259 2 120
ta089 376874 59 12827 2391 373755 259 2 120
ta089 376874 59 12934 2370 373755 259 2 120
ta090 381056 64 11868 1744 379040 11295 114 120
ta090 381056 66 12231 2270 379089 185 1 120
ta090 381056 65 12494 2552 379089 185 1 120
ta090 381056 67 12051 2443 379089 185 1 120
ta090 381056 65 12250 2429 378914 10281 101 120
ta090 381056 61 12282 2763 379089 185 1 120
ta090 381056 61 12244 2300 379089 185 1 120
ta090 381056 61 12015 2312 379089 185 1 120
ta090 381056 64 12071 2039 379089 185 1 120
ta090 381056 64 12139 2474 379089 185 1 120
ta091 1043371 253 11851 1063 1042041 397 4 120
ta091 1043371 239 11853 1032 1042041 397 4 120
ta091 1043371 236 11884 758 1041975 5994 60 120
ta091 1043371 249 11873 902 1042041 397 4 120
ta091 1043371 249 11875 1528 1041571 2399 24 120
ta091 1043371 249 11803 593 1042041 397 4 120
ta091 1043371 260 11988 1287 1042041 397 4 120
ta091 1043371 235 11936 1606 1041710 1393 14 120
ta091 1043371 249 11834 1548 1041902 4202 42 120
ta091 1043371 280 11951 1886 1042041 397 4 120
ta092 1028957 246 14248 1423 1027994 2583 22 120
ta092 1028957 244 14672 2132 1028023 396 3 120
ta092 1028957 244 14912 1469 1027993 8396 69 120
ta092 1028957 222 15137 1465 1028023 396 3 120
ta092 1028957 243 14695 1924 1028023 396 3 120
ta092 1028957 243 14382 1058 1028023 396 3 120
ta092 1028957 244 15042 1605 1028023 396 3 120
ta092 1028957 243 14955 2035 1028023 396 3 120
ta092 1028957 217 14393 1920 1028023 396 3 120
ta092 1028957 243 15305 1800 1028023 396 3 120
ta093 1044579 246 13076 1080 1043560 342 3 120
ta093 1044579 244 12364 1399 1043520 4091 40 120
ta093 1044579 245 12606 1251 1043560 342 3 120
ta093 1044579 244 12154 1380 1043560 342 3 120
ta093 1044579 243 12373 2046 1043560 342 3 120
ta093 1044579 243 13080 2058 1043560 342 3 120
ta093 1044579 242 12612 1933 1043560 342 3 120
ta093 1044579 244 12877 1665 1043560 342 3 120
ta093 1044579 243 12741 1619 1043560 342 3 120
ta093 1044579 241 12286 1809 1043560 342 3 120
ta094 1026323 236 22111 3003 1024206 1179 6 120
ta094 1026323 231 21758 3326 1024206 1179 6 120
ta094 1026323 236 21936 3144 1024206 1179 6 120
ta094 1026323 231 21629 3540 1024011 1770 9 120
ta094 1026323 235 22721 3011 1024206 1179 6 120
ta094 1026323 231 22142 3163 1024206 1179 6 120
ta094 1026323 234 22710 3272 1024206 1179 6 120
ta094 1026323 235 22275 3199 1024206 1179 6 120
ta094 1026323 233 22738 2936 1024206 1179 6 120
ta094 1026323 232 22165 3287 1024206 1179 6 120
ta095 1029470 255 12350 1326 1028056 1327 13 120
ta095 1029470 250 12680 2055 1028144 568 5 120
ta095 1029470 251 12577 1721 1028144 568 5 120
ta095 1029470 245 12306 1274 1028144 568 6 120
ta095 1029470 251 12514 2054 1028144 568 5 120
ta095 1029470 247 12215 650 1027964 3780 37 120
ta095 1029470 251 12523 1600 1028102 1198 12 120
ta095 1029470 244 12964 2194 1028144 568 6 120
ta095 1029470 253 12603 1564 1028144 568 6 120
ta095 1029470 244 12538 1687 1028144 568 6 120
ta096 999971 246 13087 1515 998389 5182 48 120
ta096 999971 243 12795 983 998523 398 4 120
ta096 999971 243 13277 2003 998523 398 4 120
ta096 999971 250 12851 1159 998523 398 4 120
ta096 999971 243 13148 2646 998523 398 4 120
ta096 999971 243 12605 1217 998269 10982 104 120
ta096 999971 248 13557 1905 998523 398 4 120
ta096 999971 247 12616 1684 998523 398 4 120
ta096 999971 245 12520 1159 998523 398 4 120
ta096 999971 245 12935 1685 998456 1397 13 120
ta097 1042653 248 20143 2780 1041474 398 2 120
ta097 1042653 235 19542 2358 1041474 398 2 120
ta097 1042653 245 19686 2493 1041474 398 2 120
ta097 1042653 233 19012 1691 1041474 398 2 120
ta097 1042653 245 19879 2234 1041474 398 2 120
ta097 1042653 246 19495 2935 1041474 398 2 120
ta097 1042653 244 18800 1798 1041474 398 2 120
ta097 1042653 230 18670 1842 1041474 398 2 120
ta097 1042653 246 19697 2388 1041474 398 2 120
ta097 1042653 246 20351 2254 1041474 398 2 120
ta098 1035936 246 13506 1419 1034699 398 3 120
ta098 1035936 233 12951 2417 1034699 398 3 120
ta098 1035936 243 13436 1928 1034699 398 3 120
ta098 1035936 243 12813 1312 1034699 398 3 120
ta098 1035936 229 12936 1900 1034699 398 3 120
ta098 1035936 230 12670 1254 1034699 398 3 120
ta098 1035936 243 13810 2073 1034699 398 3 120
ta098 1035936 243 12776 1448 1034620 3902 39 120
ta098 1035936 243 13434 1655 1034470 1714 17 120
ta098 1035936 229 12959 1458 1034699 398 3 120
ta099 1015776 252 13341 1790 1014964 209 2 120
ta099 1015776 250 13335 1071 1014964 209 2 120
ta099 1015776 234 13188 1011 1014964 209 2 120
ta099 1015776 249 13484 1182 1014964 209 2 120
ta099 1015776 249 13588 1871 1014921 4322 38 120
ta099 1015776 249 13450 1137 1014962 1142 10 120
ta099 1015776 231 13529 1898 1014964 209 2 120
ta099 1015776 250 13529 1685 1014964 209 2 120
ta099 1015776 231 13212 1206 1014964 209 2 120
ta099 1015776 250 13574 1491 1014809 2954 26 120
ta100 1021903 239 17139 1623 1020867 792 5 120
ta100 1021903 250 16124 2135 1020766 2185 15 120
ta100 1021903 233 17235 2145 1020879 420 3 120
ta100 1021903 248 16460 1757 1020879 420 3 120
ta100 1021903 248 16180 1861 1020879 420 3 120
ta100 1021903 248 16574 2283 1020879 420 3 120
ta100 1021903 233 17142 1696 1020879 420 3 120
ta100 1021903 233 17710 1695 1020879 420 3 120
ta100 1021903 248 16659 1900 1020879 420 3 120
ta100 1021903 248 16383 2529 1020879 420 3 120
ta101 1231636 423 10319 2150 1226704 371 6 240
ta101 1231636 438 10196 1685 1226704 371 6 240
ta101 1231636 438 10100 1509 1226704 371 6 240
ta101 1231636 438 10983 1641 1226538 3396 64 240
ta101 1231636 438 9715 1384 1225822 4078 93 240
ta101 1231636 439 10020 1414 1224745 7685 181 240
ta101 1231636 423 9898 1545 1225655 5991 136 240
ta101 1231636 423 9803 1949 1226704 371 6 240
ta101 1231636 436 9709 2149 1226704 371 6 240
ta101 1231636 423 9448 1615 1226704 371 6 240
ta102 1234084 457 6829 1127 1229883 683 27 240
ta102 1234084 439 6330 937 1229883 683 26 240
ta102 1234084 442 6755 1303 1229883 683 26 240
ta102 1234084 455 6614 868 1229883 683 26 240
ta102 1234084 455 6844 1510 1229883 683 26 240
ta102 1234084 458 6706 1185 1229883 683 26 240
ta102 1234084 439 6325 919 1229883 683 26 240
ta102 1234084 455 6343 689 1229883 683 26 240
ta102 1234084 439 6391 846 1229883 683 26 240
ta102 1234084 455 6828 1324 1229883 683 26 240
ta103 1257278 423 8706 1180 1251974 972 25 240
ta103 1257278 420 8196 1149 1251974 972 24 240
ta103 1257278 421 8186 1509 1251974 972 24 240
ta103 1257278 422 8133 859 1251974 972 25 240
ta103 1257278 421 8850 1076 1251974 972 25 240
ta103 1257278 421 8570 1189 1251974 972 24 240
ta103 1257278 423 8325 1175 1251974 972 24 240
ta103 1257278 420 8080 924 1251974 972 24 240
ta103 1257278 422 8087 1520 1251974 972 25 240
ta103 1257278 420 8529 1490 1251974 972 24 240
ta104 1227732 437 7139 919 1223722 748 28 240
ta104 1227732 440 7331 1206 1223722 748 28 240
ta104 1227732 434 7107 1050 1223707 3035 107 240
ta104 1227732 442 6795 520 1223689 5653 200 240
ta104 1227732 434 6684 557 1223722 748 28 240
ta104 1227732 434 7011 1343 1223722 748 28 240
ta104 1227732 439 7410 1384 1223722 748 28 240
ta104 1227732 440 7136 1247 1223722 748 28 240
ta104 1227732 439 6887 1150 1223701 5543 197 240
ta104 1227732 434 6541 819 1223722 748 28 240
ta105 1219361 436 8999 1005 1212700 1394 32 240
ta105 1219361 437 9336 1194 1212700 1394 32 240
ta105 1219361 436 9279 960 1212525 2152 51 240
ta105 1219361 427 8953 1563 1212700 1394 33 240
ta105 1219361 425 9075 1008 1212700 1394 33 240
ta105 1219361 424 9274 1205 1212700 1394 33 240
ta105 1219361 435 8792 1038 1212700 1394 33 240
ta105 1219361 438 9192 1341 1212700 1394 33 240
ta105 1219361 424 8720 1573 1212700 1394 33 240
ta105 1219361 437 8916 1108 1212700 1394 33 240
ta106 1220161 451 7370 799 1216819 850 23 240
ta106 1220161 453 7686 946 1216819 850 23 240
ta106 1220161 435 7717 936 1216819 850 23 240
ta106 1220161 435 7953 1360 1216819 850 23 240
ta106 1220161 461 7932 1462 1216819 850 23 240
ta106 1220161 437 7361 1441 1216819 850 23 240
ta106 1220161 476 7880 879 1216819 850 23 240
ta106 1220161 451 8121 1055 1216819 850 23 240
ta106 1220161 451 7592 1205 1216819 850 23 240
ta106 1220161 451 7542 977 1216819 850 23 240
ta107 1237427 450 7539 1134 1233824 456 15 240
ta107 1237427 441 7349 1209 1233824 456 15 240
ta107 1237427 440 7370 1137 1233824 456 15 240
ta107 1237427 439 7321 1686 1233824 456 15 240
ta107 1237427 432 7424 1537 1233824 456 15 240
ta107 1237427 409 7132 1134 1233824 456 15 240
ta107 1237427 439 7136 1069 1233791 2395 79 240
ta107 1237427 408 7218 852 1233824 456 15 240
ta107 1237427 440 7715 709 1233824 456 15 240
ta107 1237427 440 7302 1283 1233824 456 15 240
ta108 1234760 446 7974 1273 1230412 899 25 240
ta108 1234760 445 8303 1417 1230412 899 25 240
ta108 1234760 450 7572 918 1230412 899 25 240
ta108 1234760 445 7948 1471 1230412 899 25 240
ta108 1234760 450 7609 1003 1230157 6668 211 240
ta108 1234760 445 7777 1087 1230412 899 25 240
ta108 1234760 450 8124 1080 1230405 3198 93 240
ta108 1234760 445 7836 861 1230412 899 25 240
ta108 1234760 450 7810 1074 1230412 899 25 240
ta108 1234760 450 8123 1123 1230412 899 25 240
ta109 1222689 458 7394 947 1217381 789 24 240
ta109 1222689 457 7577 1240 1217381 789 24 240
ta109 1222689 446 7388 823 1217381 789 24 240
ta109 1222689 457 8063 1116 1217381 789 24 240
ta109 1222689 457 7338 793 1217381 789 24 240
ta109 1222689 443 7509 937 1217147 1590 48 240
ta109 1222689 457 8111 831 1217381 789 24 240
ta109 1222689 443 7802 1026 1217381 789 24 240
ta109 1222689 459 7347 1123 1217381 789 24 240
ta109 1222689 443 7402 741 1217151 2156 69 240
ta110 1235567 434 7624 1294 1232113 655 24 240
ta110 1235567 427 7406 1020 1232113 655 24 240
ta110 1235567 429 7216 1054 1232113 655 24 240
ta110 1235567 428 7289 911 1232058 3130 109 240
ta110 1235567 431 7027 947 1232113 655 24 240
ta110 1235567 431 7495 1310 1232113 655 24 240
ta110 1235567 428 7526 1099 1232113 655 24 240
ta110 1235567 431 7302 971 1232113 655 24 240
ta110 1235567 427 6902 797 1232113 655 24 240
ta110 1235567 431 7405 1394 1232113 655 24 240
ta111 6562851 6167 2438 352 6556216 1744 419 600
ta111 6562851 6171 2544 447 6556216 1744 421 600
ta111 6562851 6200 2736 459 6556216 1744 418 600
ta111 6562851 6165 2506 183 6556216 1744 421 600
ta111 6562851 6147 2616 426 6556216 1744 419 600
ta111 6562851 6211 2492 406 6556216 1744 419 600
ta111 6562851 6164 2512 172 6556216 1744 421 600
ta111 6562851 6136 2535 229 6556216 1744 418 600
ta111 6562851 6169 2501 304 6556216 1744 421 600
ta111 6562851 6196 2516 201 6556216 1744 419 600
ta112 6680646 5905 3409 341 6671603 1982 366 600
ta112 6680646 5909 3270 255 6671603 1982 365 600
ta112 6680646 5844 3366 599 6671603 1982 369 600
ta112 6680646 5860 3235 416 6671603 1982 368 600
ta112 6680646 5907 3477 837 6671603 1982 367 600
ta112 6680646 5818 3102 619 6671603 1982 368 600
ta112 6680646 5910 3358 521 6671603 1982 367 600
ta112 6680646 5819 3339 606 6671603 1982 368 600
ta112 6680646 5818 3100 568 6671603 1982 368 600
ta112 6680646 5904 3281 264 6671603 1982 364 600
ta113 6632778 6016 2489 158 6626145 2132 514 600
ta113 6632778 6098 2491 158 6626145 2132 513 600
ta113 6632778 6038 2495 158 6626145 2132 512 600
ta113 6632778 6014 2488 158 6626145 2132 514 600
ta113 6632778 6097 2495 158 6626145 2132 513 600
ta113 6632778 6094 2493 158 6626145 2132 513 600
ta113 6632778 6096 2489 158 6626145 2132 514 600
ta113 6632778 6019 2492 158 6626145 2132 514 600
ta113 6632778 6092 2482 158 6626145 2132 515 600
ta113 6632778 6018 2486 158 6626145 2132 515 600
ta114 6634413 6004 2617 296 6624632 1915 447 600
ta114 6634413 6003 2589 194 6624632 1915 444 600
ta114 6634413 5994 2699 298 6624632 1915 445 600
ta114 6634413 5984 2675 258 6624632 1915 446 600
ta114 6634413 5997 2589 204 6624632 1915 444 600
ta114 6634413 5984 2587 249 6624632 1915 447 600
ta114 6634413 5998 2613 218 6624632 1915 445 600
ta114 6634413 5983 2712 360 6624632 1915 445 600
ta114 6634413 5981 2634 308 6624632 1915 446 600
ta114 6634413 5994 2800 310 6624632 1915 446 600
ta115 6614569 5815 2814 236 6601132 2482 530 600
ta115 6614569 5797 2815 236 6601132 2482 530 600
ta115 6614569 5787 2808 236 6601132 2482 531 600
ta115 6614569 5795 2820 236 6601132 2482 529 600
ta115 6614569 5799 2816 236 6601132 2482 530 600
ta115 6614569 5784 2814 236 6601132 2482 530 600
ta115 6614569 5787 2809 236 6601132 2482 531 600
ta115 6614569 5794 2815 236 6601132 2482 530 600
ta115 6614569 5801 2808 236 6601132 2482 532 600
ta115 6614569 5797 2801 236 6601132 2482 533 600
ta116 6606300 5957 3327 217 6600228 1372 239 600
ta116 6606300 5986 3519 211 6600228 1372 240 600
ta116 6606300 5953 3311 369 6600228 1372 239 600
ta116 6606300 5986 3400 436 6600228 1372 239 600
ta116 6606300 5992 3148 378 6600228 1372 239 600
ta116 6606300 5990 3771 818 6600228 1372 240 600
ta116 6606300 5953 3376 157 6600228 1372 239 600
ta116 6606300 5986 3256 274 6600228 1372 240 600
ta116 6606300 6000 3418 481 6600228 1372 239 600
ta116 6606300 5988 3415 219 6600228 1372 239 600
ta117 6576738 6200 2571 383 6567133 1821 450 600
ta117 6576738 6209 2636 350 6567133 1821 447 600
ta117 6576738 6147 2445 314 6567133 1821 450 600
ta117 6576738 6211 2442 225 6567133 1821 451 600
ta117 6576738 6204 2479 268 6567133 1821 448 600
ta117 6576738 6205 2451 212 6567133 1821 448 600
ta117 6576738 6166 2440 207 6567133 1821 450 600
ta117 6576738 6183 2441 199 6567133 1821 449 600
ta117 6576738 6205 2451 200 6567133 1821 448 600
ta117 6576738 6144 2436 206 6567133 1821 450 600
ta118 6629449 5960 2820 211 6621454 1817 395 600
ta118 6629449 5977 2922 414 6621454 1817 392 600
ta118 6629449 6012 2828 485 6621454 1817 393 600
ta118 6629449 6011 2864 455 6621454 1817 392 600
ta118 6629449 6016 2812 198 6621454 1817 393 600
ta118 6629449 5959 2804 218 6621454 1817 396 600
ta118 6629449 5961 3025 656 6621454 1817 395 600
ta118 6629449 5960 2790 350 6621454 1817 394 600
ta118 6629449 6012 2922 551 6621454 1817 393 600
ta118 6629449 6009 2979 678 6621454 1817 396 600
ta119 6569309 6110 2500 243 6562133 1434 353 600
ta119 6569309 6113 2465 209 6562133 1434 354 600
ta119 6569309 6071 2582 377 6562133 1434 355 600
ta119 6569309 6073 2488 205 6562133 1434 353 600
ta119 6569309 6119 2500 223 6562133 1434 353 600
ta119 6569309 6076 2679 341 6562133 1434 353 600
ta119 6569309 6116 2828 830 6562133 1434 353 600
ta119 6569309 6076 2558 358 6562133 1434 354 600
ta119 6569309 6076 2545 304 6562133 1434 354 600
ta119 6569309 6110 2652 491 6562133 1434 354 600
ta120 6618726 5978 2728 192 6610276 2333 515 600
ta120 6618726 6061 2748 192 6610276 2333 511 600
ta120 6618726 6016 2729 192 6610276 2333 515 600
ta120 6618726 6059 2749 192 6610276 2333 511 600
ta120 6618726 5999 2731 192 6610276 2333 514 600
ta120 6618726 5978 2727 192 6610276 2333 515 600
ta120 6618726 5984 2728 192 6610276 2333 515 600
ta120 6618726 6059 2745 192 6610276 2333 512 600
ta120 6618726 6057 2741 192 6610276 2333 513 600
ta120 6618726 6066 2753 192 6610276 2333 511 600
