# Hostname: ocasrv. Config used: --obj f --timefactor 60 --dv01 3 --mrsils --verbose
ta001 14058 0 193019 0 14033 530 0
ta001 14058 0 194071 0 14033 623 0
ta001 14058 0 191135 0 14033 745 0
ta001 14058 0 192645 0 14033 743 0
ta001 14058 0 193498 0 14033 821 0
ta001 14058 0 193536 0 14033 1089 0
ta001 14058 0 193073 0 14033 2652 0
ta001 14058 0 194055 0 14033 2576 0
ta001 14058 0 193696 0 14033 698 0
ta001 14058 0 194138 0 14033 160 0
ta002 15420 0 193538 0 15151 281 0
ta002 15420 0 192146 0 15151 292 0
ta002 15420 0 193576 0 15151 22 0
ta002 15420 0 194263 0 15151 5 0
ta002 15420 0 193375 0 15151 214 0
ta002 15420 0 194713 0 15151 333 0
ta002 15420 0 193508 0 15151 155 0
ta002 15420 0 194180 0 15151 32 0
ta002 15420 0 192883 0 15151 1472 0
ta002 15420 0 190914 0 15151 795 0
ta003 13477 0 191749 0 13301 93 0
ta003 13477 0 193729 0 13301 487 0
ta003 13477 0 190380 0 13301 1318 0
ta003 13477 0 192048 0 13301 231 0
ta003 13477 0 192083 0 13301 814 0
ta003 13477 0 194707 0 13301 1051 0
ta003 13477 0 193075 0 13301 1070 0
ta003 13477 0 192883 0 13301 1584 0
ta003 13477 0 194751 0 13301 1620 0
ta003 13477 0 192601 0 13301 231 0
ta004 15573 0 194796 0 15447 901 0
ta004 15573 0 194936 0 15447 450 0
ta004 15573 0 194661 0 15447 92 0
ta004 15573 0 194777 0 15447 810 0
ta004 15573 0 194650 0 15447 986 0
ta004 15573 0 192999 0 15447 385 0
ta004 15573 0 193955 0 15447 41 0
ta004 15573 0 194956 0 15447 73 0
ta004 15573 0 194347 0 15447 214 0
ta004 15573 0 194695 0 15447 120 0
ta005 13643 0 195218 0 13529 10 0
ta005 13643 0 195118 0 13529 11 0
ta005 13643 0 194815 0 13529 9 0
ta005 13643 0 195404 0 13529 58 0
ta005 13643 0 195127 0 13529 11 0
ta005 13643 0 195395 0 13529 32 0
ta005 13643 0 194986 0 13529 64 0
ta005 13643 0 196000 0 13529 36 0
ta005 13643 0 195626 0 13529 28 0
ta005 13643 0 195423 0 13529 14 0
ta006 13150 0 191837 0 13123 273 0
ta006 13150 0 191946 0 13123 48 0
ta006 13150 0 189548 0 13123 98 0
ta006 13150 0 191880 0 13123 59 0
ta006 13150 0 191539 0 13123 49 0
ta006 13150 0 191369 0 13123 78 0
ta006 13150 0 191545 0 13123 3 0
ta006 13150 0 191822 0 13123 374 0
ta006 13150 0 192147 0 13123 205 0
ta006 13150 0 191282 0 13123 79 0
ta007 13659 0 194491 0 13557 68 0
ta007 13659 0 192081 0 13557 411 0
ta007 13659 0 195424 0 13557 565 0
ta007 13659 0 193003 0 13557 356 0
ta007 13659 0 195998 0 13557 330 0
ta007 13659 0 193682 0 13557 1092 0
ta007 13659 0 196111 0 13557 470 0
ta007 13659 0 195672 0 13557 1066 0
ta007 13659 0 196112 0 13557 244 0
ta007 13659 0 189086 0 13557 106 0
ta008 14022 0 193747 0 13948 617 0
ta008 14022 0 194185 0 13948 1299 0
ta008 14022 0 193983 0 13948 97 0
ta008 14022 0 196302 0 13948 496 0
ta008 14022 0 196597 0 13948 63 0
ta008 14022 0 194046 0 13948 891 0
ta008 14022 0 191950 0 13948 203 0
ta008 14022 0 193953 0 13948 81 0
ta008 14022 0 197046 0 13948 201 0
ta008 14022 0 193185 0 13948 277 0
ta009 14414 0 192280 0 14295 241 0
ta009 14414 0 194764 0 14295 566 0
ta009 14414 0 195170 0 14295 76 0
ta009 14414 0 193893 0 14295 514 0
ta009 14414 0 194962 0 14295 81 0
ta009 14414 0 194549 0 14295 301 0
ta009 14414 0 195523 0 14295 314 0
ta009 14414 0 193176 0 14295 281 0
ta009 14414 0 193996 0 14295 265 0
ta009 14414 0 193584 0 14295 506 0
ta010 12971 0 193440 0 12943 1 0
ta010 12971 0 195164 0 12943 1 0
ta010 12971 0 189628 0 12943 1 0
ta010 12971 0 193535 0 12943 1 0
ta010 12971 0 195010 0 12943 1 0
ta010 12971 0 194192 0 12943 1 0
ta010 12971 0 194179 0 12943 1 0
ta010 12971 0 194456 0 12943 1 0
ta010 12971 0 194255 0 12943 1 0
ta010 12971 0 195215 0 12943 1 0
ta011 20967 0 210809 0 20911 176 0
ta011 20967 0 210338 0 20911 305 0
ta011 20967 0 211376 0 20911 90 0
ta011 20967 0 210512 0 20911 172 0
ta011 20967 0 211309 0 20911 781 0
ta011 20967 0 210590 0 20911 1964 0
ta011 20967 0 211386 0 20911 2335 0
ta011 20967 0 210729 0 20911 109 0
ta011 20967 0 210744 0 20911 479 0
ta011 20967 0 209136 0 20911 632 0
ta012 22591 0 212201 0 22440 101 0
ta012 22591 0 208718 0 22440 145 0
ta012 22591 0 211578 0 22440 33 0
ta012 22591 0 211395 0 22440 143 0
ta012 22591 0 211655 0 22440 36 0
ta012 22591 0 212174 0 22440 92 0
ta012 22591 0 211886 0 22440 30 0
ta012 22591 0 211168 0 22440 36 0
ta012 22591 0 212280 0 22440 190 0
ta012 22591 0 211782 0 22440 128 0
ta013 19833 0 210885 0 19833 0 0
ta013 19833 1 210119 0 19833 0 0
ta013 19833 0 210732 0 19833 0 0
ta013 19833 0 210228 0 19833 0 0
ta013 19833 0 210253 0 19833 0 0
ta013 19833 0 207120 0 19833 0 0
ta013 19833 0 209002 0 19833 0 0
ta013 19833 0 210134 0 19833 0 0
ta013 19833 0 210030 0 19833 0 0
ta013 19833 0 207893 0 19833 0 0
ta014 18792 0 210016 0 18710 21390 1
ta014 18792 0 208612 0 18710 800 0
ta014 18792 0 211163 0 18710 3100 0
ta014 18792 0 211701 0 18710 8321 0
ta014 18792 0 211685 0 18710 2595 0
ta014 18792 0 209921 0 18710 561 0
ta014 18792 0 209232 0 18710 8411 0
ta014 18792 0 211108 0 18710 2308 0
ta014 18792 0 209945 0 18710 1130 0
ta014 18792 0 211021 0 18710 738 0
ta015 18766 0 208987 0 18641 178 0
ta015 18766 0 209342 0 18641 282 0
ta015 18766 0 211513 0 18641 7 0
ta015 18766 0 209473 0 18641 207 0
ta015 18766 0 208347 0 18641 34 0
ta015 18766 0 210692 0 18641 21 0
ta015 18766 0 211583 0 18641 63 0
ta015 18766 0 211545 0 18641 103 0
ta015 18766 0 210823 0 18641 22 0
ta015 18766 0 210300 0 18641 704 0
ta016 19465 0 208141 0 19245 21698 1
ta016 19465 0 207551 0 19245 19 0
ta016 19465 0 205262 0 19245 5410 0
ta016 19465 0 208117 0 19245 9398 0
ta016 19465 0 210417 0 19245 3551 0
ta016 19465 0 207541 0 19245 82 0
ta016 19465 0 208014 0 19245 30127 1
ta016 19465 0 207677 0 19245 4095 0
ta016 19465 0 209420 0 19245 1516 0
ta016 19465 0 210416 0 19245 244 0
ta017 18531 0 210034 0 18363 313 0
ta017 18531 0 210255 0 18363 235 0
ta017 18531 0 210392 0 18363 319 0
ta017 18531 0 210168 0 18363 337 0
ta017 18531 0 210117 0 18363 66 0
ta017 18531 0 209837 0 18363 14 0
ta017 18531 0 209500 0 18363 20 0
ta017 18531 0 210527 0 18363 48 0
ta017 18531 0 208300 0 18363 261 0
ta017 18531 0 210383 0 18363 205 0
ta018 20362 0 209723 0 20241 619 0
ta018 20362 0 207385 0 20241 352 0
ta018 20362 0 209723 0 20241 275 0
ta018 20362 0 210209 0 20241 472 0
ta018 20362 0 209956 0 20241 295 0
ta018 20362 0 210289 0 20241 1206 0
ta018 20362 0 210143 0 20241 1817 0
ta018 20362 0 210422 0 20241 882 0
ta018 20362 0 207530 0 20241 928 0
ta018 20362 0 208706 0 20241 154 0
ta019 20436 0 206896 0 20330 45 0
ta019 20436 0 208738 0 20330 154 0
ta019 20436 0 208362 0 20330 207 0
ta019 20436 0 208881 0 20330 801 0
ta019 20436 0 206527 0 20330 96 0
ta019 20436 0 209141 0 20330 603 0
ta019 20436 0 206893 0 20330 108 0
ta019 20436 0 208932 0 20330 43 0
ta019 20436 0 208981 0 20330 285 0
ta019 20436 0 209508 0 20330 455 0
ta020 21584 0 211815 0 21320 133 0
ta020 21584 0 211734 0 21320 174 0
ta020 21584 0 211347 0 21320 220 0
ta020 21584 0 211044 0 21320 543 0
ta020 21584 0 211767 0 21320 174 0
ta020 21584 0 210954 0 21320 1165 0
ta020 21584 0 211389 0 21320 472 0
ta020 21584 0 210761 0 21320 555 0
ta020 21584 0 211760 0 21320 94 0
ta020 21584 0 211398 0 21320 214 0
ta021 33812 0 187063 0 33623 106 0
ta021 33812 0 186351 0 33623 194 0
ta021 33812 0 186097 0 33623 3 0
ta021 33812 0 186973 0 33623 210 0
ta021 33812 1 186461 0 33623 74 0
ta021 33812 0 187128 0 33623 407 0
ta021 33812 1 185901 0 33623 117 0
ta021 33812 0 186813 0 33623 33 0
ta021 33812 1 185891 0 33623 21 0
ta021 33812 0 186144 0 33623 76 0
ta022 31691 0 188037 0 31587 149 0
ta022 31691 0 187531 0 31587 77 0
ta022 31691 0 189073 0 31587 156 0
ta022 31691 1 188276 0 31587 800 0
ta022 31691 0 189112 0 31587 64 0
ta022 31691 0 187680 0 31587 486 0
ta022 31691 0 189102 0 31587 255 0
ta022 31691 0 189274 0 31587 111 0
ta022 31691 0 188468 0 31587 990 0
ta022 31691 0 186255 0 31587 297 0
ta023 34318 0 189857 0 33920 143 0
ta023 34318 0 190081 0 33920 68 0
ta023 34318 1 189400 0 33920 11 0
ta023 34318 0 189935 0 33920 32 0
ta023 34318 1 189441 0 33920 125 0
ta023 34318 0 189064 0 33920 77 0
ta023 34318 0 189790 0 33920 104 0
ta023 34318 1 189201 0 33920 164 0
ta023 34318 0 189300 0 33920 270 0
ta023 34318 0 190130 0 33920 217 0
ta024 31738 0 186398 0 31661 380 0
ta024 31738 0 186936 0 31661 213 0
ta024 31738 0 187306 0 31661 769 0
ta024 31738 0 186928 0 31661 4 0
ta024 31738 1 187160 0 31661 782 0
ta024 31738 0 187028 0 31661 472 0
ta024 31738 1 187199 0 31661 274 0
ta024 31738 0 186942 0 31661 485 0
ta024 31738 1 187264 0 31661 114 0
ta024 31738 0 183534 0 31661 900 0
ta025 34693 0 187121 0 34557 3798 0
ta025 34693 0 190494 0 34557 1030 0
ta025 34693 1 187977 0 34557 113 0
ta025 34693 0 190138 0 34557 1083 0
ta025 34693 0 186934 0 34557 249 0
ta025 34693 0 189816 0 34557 1260 0
ta025 34693 0 187280 0 34557 1504 0
ta025 34693 0 183785 0 34557 244 0
ta025 34693 0 188070 0 34557 601 0
ta025 34693 0 189965 0 34557 6745 0
ta026 32616 0 190297 0 32564 17 0
ta026 32616 0 189166 0 32564 75 0
ta026 32616 0 189194 0 32564 60 0
ta026 32616 0 189067 0 32564 23 0
ta026 32616 1 190119 0 32564 4 0
ta026 32616 1 190183 0 32564 135 0
ta026 32616 1 189559 0 32564 47 0
ta026 32616 0 189338 0 32564 38 0
ta026 32616 0 189382 0 32564 9 0
ta026 32616 0 190174 0 32564 32 0
ta027 33249 0 188140 0 32922 602 0
ta027 33249 0 186526 0 32922 315 0
ta027 33249 1 188997 0 32922 407 0
ta027 33249 0 188977 0 32922 181 0
ta027 33249 0 188485 0 32922 422 0
ta027 33249 0 186518 0 32922 139 0
ta027 33249 0 188712 0 32922 240 0
ta027 33249 0 189159 0 32922 168 0
ta027 33249 0 189179 0 32922 350 0
ta027 33249 0 188293 0 32922 460 0
ta028 32871 0 186500 0 32412 1920 0
ta028 32871 0 187837 0 32412 582 0
ta028 32871 0 186503 0 32412 280 0
ta028 32871 0 188379 0 32412 3198 0
ta028 32871 1 186875 0 32412 108 0
ta028 32871 0 188380 0 32412 655 0
ta028 32871 1 186651 0 32412 8110 1
ta028 32871 0 188310 0 32412 28 0
ta028 32871 1 186942 0 32412 7008 0
ta028 32871 0 188094 0 32412 23 0
ta029 33857 0 188263 0 33600 909 0
ta029 33857 0 189850 0 33600 1900 0
ta029 33857 0 189835 0 33600 224 0
ta029 33857 0 188851 0 33600 247 0
ta029 33857 0 188106 0 33600 988 0
ta029 33857 1 188329 0 33600 59 0
ta029 33857 0 189315 0 33600 648 0
ta029 33857 0 189630 0 33600 1983 0
ta029 33857 1 187853 0 33600 425 0
ta029 33857 0 187991 0 33600 8 0
ta030 32467 0 187272 0 32262 109 0
ta030 32467 1 186104 0 32262 13 0
ta030 32467 0 187282 0 32262 36 0
ta030 32467 1 189311 0 32262 410 0
ta030 32467 0 187229 0 32262 12 0
ta030 32467 1 189003 0 32262 13 0
ta030 32467 0 187336 0 32262 5 0
ta030 32467 0 189311 0 32262 12 0
ta030 32467 0 189303 0 32262 644 0
ta030 32467 0 189457 0 32262 17 0
ta031 65134 2 41622 0 64802 9882 3
ta031 65134 2 41483 0 64858 4174 1
ta031 65134 4 41537 0 64838 22020 7
ta031 65134 3 41613 0 64861 9851 3
ta031 65134 3 41258 0 64857 23993 8
ta031 65134 3 41543 0 64919 19736 7
ta031 65134 3 41354 0 64918 13434 4
ta031 65134 3 41576 0 64817 5934 2
ta031 65134 2 41601 0 64841 6401 2
ta031 65134 3 40928 0 64872 18598 6
ta032 68180 2 41503 0 68176 1892 0
ta032 68180 2 41548 0 68176 674 0
ta032 68180 2 41675 0 68097 12603 4
ta032 68180 2 41682 0 68176 2756 0
ta032 68180 2 41690 0 68167 4170 1
ta032 68180 7 41432 0 68097 33499 12
ta032 68180 3 41652 0 68176 4753 1
ta032 68180 6 41494 0 68097 41192 14
ta032 68180 5 41491 0 68097 217 0
ta032 68180 3 41231 0 68097 3081 1
ta033 63350 2 41628 0 63269 7913 2
ta033 63350 2 41699 0 63298 8394 3
ta033 63350 2 41582 0 63239 33363 12
ta033 63350 2 41676 0 63298 3308 1
ta033 63350 2 41516 0 63253 3627 1
ta033 63350 2 41696 0 63254 9276 3
ta033 63350 4 41520 0 63298 2374 0
ta033 63350 5 41689 0 63298 6729 2
ta033 63350 3 41765 0 63298 2233 0
ta033 63350 5 41614 0 63253 2813 0
ta034 68612 2 41321 0 68478 5807 2
ta034 68612 2 40765 0 68449 1829 0
ta034 68612 5 41359 0 68449 9259 3
ta034 68612 2 40761 0 68500 742 0
ta034 68612 3 41456 0 68457 1819 0
ta034 68612 3 41483 0 68459 6423 2
ta034 68612 2 41109 0 68427 15317 5
ta034 68612 3 41456 0 68449 10941 3
ta034 68612 2 41451 0 68449 1934 0
ta034 68612 3 41362 0 68458 15938 5
ta035 69573 2 41075 0 69408 16735 6
ta035 69573 2 41084 0 69408 14828 5
ta035 69573 4 41281 0 69408 30245 11
ta035 69573 5 41405 0 69408 9899 3
ta035 69573 2 41083 0 69408 8347 3
ta035 69573 4 41451 0 69408 1635 0
ta035 69573 2 40758 0 69408 2450 0
ta035 69573 3 40880 0 69408 2026 0
ta035 69573 2 41076 0 69408 21070 7
ta035 69573 3 41445 0 69408 11663 4
ta036 67030 2 41784 0 66970 6452 2
ta036 67030 2 41796 0 66970 2705 0
ta036 67030 6 41693 0 66982 4418 1
ta036 67030 2 41697 0 66970 10082 3
ta036 67030 5 41549 0 66970 4073 1
ta036 67030 2 41669 0 66970 20029 7
ta036 67030 3 41516 0 66970 5029 1
ta036 67030 2 41768 0 66970 8670 3
ta036 67030 2 41715 0 66970 3731 1
ta036 67030 3 41663 0 66970 4587 1
ta037 66434 2 41106 0 66343 532 0
ta037 66434 4 41327 0 66297 14511 5
ta037 66434 2 41318 0 66343 4567 1
ta037 66434 2 41185 0 66332 29300 10
ta037 66434 2 41204 0 66343 772 0
ta037 66434 4 41319 0 66343 2181 0
ta037 66434 2 41166 0 66343 2016 0
ta037 66434 3 40612 0 66274 5738 2
ta037 66434 3 41337 0 66343 863 0
ta037 66434 2 41251 0 66294 21610 7
ta038 64499 2 41707 0 64445 314 0
ta038 64499 2 41813 0 64365 38454 13
ta038 64499 2 41783 0 64383 8302 2
ta038 64499 2 41724 0 64365 27916 10
ta038 64499 3 41697 0 64445 1990 0
ta038 64499 3 41765 0 64365 4571 1
ta038 64499 5 41742 0 64383 19333 6
ta038 64499 3 41829 0 64365 32232 11
ta038 64499 5 41742 0 64359 18393 6
ta038 64499 5 41748 0 64371 41322 14
ta039 63324 2 41121 0 63122 28288 10
ta039 63324 2 41065 0 63103 19001 6
ta039 63324 2 41150 0 63103 30656 11
ta039 63324 3 41156 0 63103 40869 14
ta039 63324 4 41338 0 63103 3883 1
ta039 63324 3 41119 0 63103 9344 3
ta039 63324 5 41461 0 63103 6450 2
ta039 63324 3 40321 0 63103 7155 2
ta039 63324 4 41307 0 63103 2679 0
ta039 63324 3 41075 0 63106 14361 5
ta040 69206 2 41712 0 68915 729 0
ta040 69206 2 41817 0 68915 1488 0
ta040 69206 2 41681 0 68915 815 0
ta040 69206 3 41741 0 68915 873 0
ta040 69206 3 41693 0 68915 1532 0
ta040 69206 3 41645 0 68915 1383 0
ta040 69206 7 41661 0 68940 4523 1
ta040 69206 7 41633 0 68915 2566 0
ta040 69206 3 41730 0 68915 6242 2
ta040 69206 3 41843 0 68915 2699 0
ta041 88312 4 40787 0 87560 2252 1
ta041 88312 5 40740 0 87455 7053 5
ta041 88312 9 40666 0 87816 4640 3
ta041 88312 4 40793 0 87526 36461 26
ta041 88312 4 40771 0 87450 23661 17
ta041 88312 7 40735 0 87793 3369 2
ta041 88312 4 40743 0 87459 36527 26
ta041 88312 4 40747 0 87738 14129 10
ta041 88312 5 40682 0 87524 9759 7
ta041 88312 5 40822 0 87382 20073 14
ta042 84223 4 40605 0 83372 5449 4
ta042 84223 5 40635 0 83234 30647 22
ta042 84223 7 40711 0 83517 5451 4
ta042 84223 4 40623 0 83282 8113 5
ta042 84223 4 40595 0 83377 4144 3
ta042 84223 8 40858 0 83249 40784 29
ta042 84223 6 40905 0 83141 24041 17
ta042 84223 5 40907 0 83282 10496 7
ta042 84223 5 40667 0 83375 36898 27
ta042 84223 5 40584 0 83127 22268 16
ta043 80653 4 40573 0 80653 0 0
ta043 80653 5 40833 0 80653 0 0
ta043 80653 9 40837 0 80258 33083 24
ta043 80653 4 40471 0 80653 0 0
ta043 80653 4 40561 0 80648 25630 19
ta043 80653 7 40426 0 80648 11769 8
ta043 80653 4 40552 0 80648 33316 24
ta043 80653 4 40782 0 80648 14795 10
ta043 80653 5 40607 0 80648 36930 27
ta043 80653 5 40421 0 80653 0 0
ta044 87085 4 40774 0 86804 24333 17
ta044 87085 4 40628 0 86873 20872 15
ta044 87085 4 40575 0 86804 25182 18
ta044 87085 5 40859 0 86804 29998 21
ta044 87085 5 40652 0 86902 12666 9
ta044 87085 5 40893 0 86873 32533 23
ta044 87085 9 40698 0 86826 31138 22
ta044 87085 7 40712 0 87022 22883 16
ta044 87085 4 40751 0 86826 11187 8
ta044 87085 5 40638 0 86873 9996 7
ta045 87523 4 40454 0 86888 24818 18
ta045 87523 4 40501 0 86703 11688 8
ta045 87523 4 40489 0 87206 5297 3
ta045 87523 5 40552 0 86978 6244 4
ta045 87523 7 40420 0 86744 38889 28
ta045 87523 5 40501 0 86677 8267 6
ta045 87523 5 40569 0 86820 5433 3
ta045 87523 7 40508 0 86609 23805 17
ta045 87523 5 40608 0 86881 4103 2
ta045 87523 5 40436 0 86858 4749 3
ta046 87175 4 40818 0 86915 32500 23
ta046 87175 4 40765 0 86866 5238 3
ta046 87175 4 40949 0 86709 2220 1
ta046 87175 8 40722 0 86797 2075 1
ta046 87175 4 40833 0 86707 20149 14
ta046 87175 8 40746 0 86866 1413 1
ta046 87175 6 40729 0 86866 17519 12
ta046 87175 5 40536 0 86947 1743 1
ta046 87175 5 40656 0 86866 4541 3
ta046 87175 5 40831 0 86866 570 0
ta047 90131 4 40870 0 89543 1387 1
ta047 90131 4 40788 0 89129 38697 28
ta047 90131 8 40638 0 89148 21331 15
ta047 90131 8 40613 0 89346 9168 6
ta047 90131 4 40857 0 89282 30377 22
ta047 90131 7 40543 0 89125 19041 14
ta047 90131 4 40834 0 89208 1900 1
ta047 90131 7 40638 0 89103 28191 20
ta047 90131 5 40557 0 89060 32543 23
ta047 90131 4 40753 0 89142 5120 3
ta048 87463 4 40633 0 87253 5988 4
ta048 87463 4 40730 0 87274 127 0
ta048 87463 4 40480 0 87274 53 0
ta048 87463 4 40704 0 87274 23 0
ta048 87463 8 40850 0 87274 59 0
ta048 87463 8 40814 0 87274 363 0
ta048 87463 6 40849 0 87315 4525 3
ta048 87463 5 40680 0 87274 5 0
ta048 87463 5 40722 0 87253 6998 5
ta048 87463 4 40680 0 87274 94 0
ta049 86180 4 40849 0 85822 1252 0
ta049 86180 4 40979 0 85734 3748 2
ta049 86180 5 40765 0 85884 2802 2
ta049 86180 5 40799 0 85789 2660 1
ta049 86180 5 41012 0 85822 1597 1
ta049 86180 8 40758 0 85822 309 0
ta049 86180 5 41026 0 85822 391 0
ta049 86180 7 40431 0 85822 1967 1
ta049 86180 5 40907 0 85822 2807 2
ta049 86180 5 40786 0 85822 204 0
ta050 88839 4 40725 0 88166 11068 8
ta050 88839 4 40754 0 88116 6307 4
ta050 88839 9 40638 0 88303 691 0
ta050 88839 8 40580 0 88116 31427 23
ta050 88839 6 40741 0 88116 8559 6
ta050 88839 5 40717 0 87998 6955 5
ta050 88839 5 40667 0 88283 1436 1
ta050 88839 4 40622 0 87998 218 0
ta050 88839 5 40566 0 88116 2412 1
ta050 88839 5 40649 0 87998 3695 2
ta051 126260 8 33999 0 125932 28085 49
ta051 126260 8 34020 0 125850 23342 41
ta051 126260 8 34027 0 125885 683 1
ta051 126260 12 33894 0 125885 2174 3
ta051 126260 12 33828 0 125850 9484 16
ta051 126260 9 33977 0 125885 2246 3
ta051 126260 8 33964 0 125885 10336 18
ta051 126260 8 33988 0 125885 29745 52
ta051 126260 9 34013 0 126028 8408 14
ta051 126260 9 34016 0 125885 7922 14
ta052 120935 8 33936 0 119416 6308 11
ta052 120935 8 33957 0 120105 1436 2
ta052 120935 13 33704 0 120089 22244 39
ta052 120935 9 33959 0 120057 4877 8
ta052 120935 12 33692 0 120116 1276 2
ta052 120935 11 33695 0 119995 28107 50
ta052 120935 9 33964 0 120039 661 1
ta052 120935 9 33709 0 120018 8419 14
ta052 120935 8 33643 0 119838 28019 50
ta052 120935 9 33936 0 120044 21811 38
ta053 117927 8 33960 0 116792 4206 7
ta053 117927 8 33999 0 116716 8555 15
ta053 117927 9 34007 0 117227 12624 22
ta053 117927 13 33769 0 116811 5359 9
ta053 117927 12 33753 0 116974 21528 38
ta053 117927 9 33989 0 116925 22756 40
ta053 117927 12 33664 0 117208 15743 28
ta053 117927 9 33746 0 117286 9925 17
ta053 117927 8 33765 0 116459 19832 35
ta053 117927 9 33970 0 117396 11809 20
ta054 121442 8 33844 0 121161 1145 2
ta054 121442 8 33831 0 121264 44 0
ta054 121442 8 33758 0 121161 1695 3
ta054 121442 14 33610 0 121252 4909 8
ta054 121442 8 33840 0 121252 5547 9
ta054 121442 11 33505 0 121252 2147 3
ta054 121442 8 33736 0 121209 10595 18
ta054 121442 10 33612 0 121209 21790 38
ta054 121442 9 33411 0 121252 928 1
ta054 121442 9 33623 0 121252 20312 36
ta055 120028 8 33980 0 118818 386 0
ta055 120028 9 33894 0 118752 13668 24
ta055 120028 13 34058 0 118579 17179 30
ta055 120028 11 33974 0 118523 33916 59
ta055 120028 9 33834 0 118453 2365 4
ta055 120028 10 33980 0 118623 24220 42
ta055 120028 9 33904 0 118415 31457 55
ta055 120028 9 34065 0 118818 5613 9
ta055 120028 9 33901 0 118626 23950 42
ta055 120028 9 34042 0 118752 19372 34
ta056 122373 8 33529 0 120905 1444 2
ta056 122373 9 33536 0 120964 2871 5
ta056 122373 8 33552 0 121185 10430 18
ta056 122373 8 33545 0 121078 5568 9
ta056 122373 9 33543 0 120947 3545 6
ta056 122373 9 33487 0 120978 2299 4
ta056 122373 8 33532 0 121174 3425 6
ta056 122373 8 33527 0 121012 10215 18
ta056 122373 9 33526 0 121185 22281 39
ta056 122373 9 33575 0 121060 21411 38
ta057 124887 8 33626 0 123593 7236 12
ta057 124887 8 33636 0 123256 12107 21
ta057 124887 9 33637 0 123462 22008 39
ta057 124887 9 33592 0 123439 2522 4
ta057 124887 12 33577 0 123593 32448 57
ta057 124887 12 33541 0 123484 26966 48
ta057 124887 9 33612 0 123615 18485 32
ta057 124887 9 33623 0 123621 13539 24
ta057 124887 9 33684 0 123703 5151 9
ta057 124887 9 33570 0 123488 11466 20
ta058 123607 8 33451 0 122632 16556 29
ta058 123607 9 33455 0 123149 6325 11
ta058 123607 12 33404 0 122939 4225 7
ta058 123607 9 33390 0 122858 25665 46
ta058 123607 9 33293 0 123002 1515 2
ta058 123607 10 33189 0 122804 1131 1
ta058 123607 8 33373 0 122739 32656 58
ta058 123607 8 33386 0 122851 6652 11
ta058 123607 9 33455 0 123157 28805 51
ta058 123607 9 33450 0 122856 838 1
ta059 122493 8 33301 0 122221 12846 23
ta059 122493 9 33345 0 122000 2764 4
ta059 122493 13 33296 0 122112 19517 35
ta059 122493 9 33054 0 122221 581 1
ta059 122493 11 33278 0 122221 868 1
ta059 122493 9 33240 0 122000 10309 18
ta059 122493 9 33296 0 122144 1414 2
ta059 122493 9 33216 0 122000 9905 17
ta059 122493 9 33337 0 122221 332 0
ta059 122493 9 33301 0 122112 22969 41
ta060 125141 8 33339 0 124701 2394 4
ta060 125141 9 33434 0 124322 21866 39
ta060 125141 9 33398 0 124404 31081 55
ta060 125141 9 33437 0 124744 14124 25
ta060 125141 14 33312 0 124884 1875 3
ta060 125141 11 33318 0 124588 18146 32
ta060 125141 9 33258 0 124352 24737 44
ta060 125141 9 33495 0 124542 9854 17
ta060 125141 9 33475 0 124446 3963 7
ta060 125141 9 33317 0 124666 7165 12
ta061 253202 21 11511 0 253202 0 0
ta061 253202 21 11505 0 253202 0 0
ta061 253202 21 11515 0 253202 0 0
ta061 253202 21 11510 0 253202 0 0
ta061 253202 21 11524 0 253202 0 0
ta061 253202 25 11515 0 253202 0 0
ta061 253202 21 11527 0 253202 0 0
ta061 253202 23 11510 0 253202 0 0
ta061 253202 22 11543 0 253202 0 0
ta061 253202 21 11498 0 253202 0 0
ta062 242093 20 11508 0 242013 10987 28
ta062 242093 20 11357 0 241969 9100 23
ta062 242093 24 11641 0 241983 2815 7
ta062 242093 22 11620 0 241983 7154 18
ta062 242093 20 11536 0 241987 11426 29
ta062 242093 20 11550 0 241983 6499 16
ta062 242093 21 11638 0 241995 11078 28
ta062 242093 21 11636 0 241931 10247 26
ta062 242093 20 11548 0 241983 6190 16
ta062 242093 20 11606 0 241983 7019 18
ta063 237886 19 11565 0 237886 0 0
ta063 237886 20 11602 0 237886 0 0
ta063 237886 20 11588 0 237886 0 0
ta063 237886 24 11590 0 237886 0 0
ta063 237886 20 11383 0 237886 0 0
ta063 237886 21 11590 0 237886 0 0
ta063 237886 21 11584 0 237886 0 0
ta063 237886 21 11539 0 237886 0 0
ta063 237886 19 11593 0 237886 0 0
ta063 237886 21 11568 0 237886 0 0
ta064 227756 21 11527 0 227744 4899 12
ta064 227756 21 11495 0 227744 4799 12
ta064 227756 22 11482 0 227731 3566 9
ta064 227756 26 11560 0 227723 10803 28
ta064 227756 22 11502 0 227744 7808 20
ta064 227756 22 11528 0 227744 681 1
ta064 227756 22 11563 0 227723 2423 6
ta064 227756 22 11334 0 227732 7840 20
ta064 227756 21 11527 0 227744 3157 8
ta064 227756 22 11489 0 227744 1705 4
ta065 240826 20 11473 0 240811 5008 13
ta065 240826 21 11548 0 240817 3463 8
ta065 240826 21 11475 0 240815 8933 23
ta065 240826 21 11488 0 240815 2621 6
ta065 240826 21 11501 0 240815 3717 9
ta065 240826 21 11512 0 240707 8846 23
ta065 240826 24 11520 0 240815 1325 3
ta065 240826 21 11474 0 240765 7243 18
ta065 240826 20 11511 0 240723 11098 28
ta065 240826 21 11485 0 240807 8785 22
ta066 232405 20 11708 0 232390 2475 6
ta066 232405 21 11704 0 232398 10585 27
ta066 232405 21 11699 0 232390 903 2
ta066 232405 25 11636 0 232398 2385 6
ta066 232405 21 11682 0 232398 7900 20
ta066 232405 23 11617 0 232398 2478 6
ta066 232405 20 11643 0 232390 191 0
ta066 232405 20 11644 0 232387 4153 10
ta066 232405 21 11701 0 232398 3963 10
ta066 232405 22 11631 0 232390 615 1
ta067 240876 20 11706 0 240775 11464 29
ta067 240876 21 11753 0 240745 10299 26
ta067 240876 21 11754 0 240780 4440 11
ta067 240876 21 11723 0 240780 9766 25
ta067 240876 21 11748 0 240798 7742 19
ta067 240876 21 11720 0 240752 3877 9
ta067 240876 25 11699 0 240663 2696 6
ta067 240876 23 11747 0 240718 10585 27
ta067 240876 20 11726 0 240787 10131 25
ta067 240876 21 11745 0 240806 11114 28
ta068 231184 20 11679 0 231100 2786 7
ta068 231184 20 11686 0 231100 8868 22
ta068 231184 24 11687 0 231100 999 2
ta068 231184 20 11699 0 231150 10743 27
ta068 231184 21 11703 0 231100 8949 22
ta068 231184 21 11680 0 231100 4170 10
ta068 231184 19 11693 0 231160 1862 4
ta068 231184 21 11701 0 231100 602 1
ta068 231184 19 11686 0 231119 11487 29
ta068 231184 21 11645 0 231102 10994 28
ta069 248254 20 11635 0 248138 1495 3
ta069 248254 20 11668 0 248118 8222 21
ta069 248254 20 11670 0 248118 6311 16
ta069 248254 21 11658 0 248138 1067 2
ta069 248254 23 11714 0 248138 1505 3
ta069 248254 22 11720 0 248118 538 1
ta069 248254 22 11644 0 248138 864 2
ta069 248254 21 11655 0 248118 2651 6
ta069 248254 21 11675 0 248138 1767 4
ta069 248254 21 11692 0 248118 6232 15
ta070 244275 20 11682 0 243919 11526 29
ta070 244275 21 11625 0 243951 9425 24
ta070 244275 21 11633 0 243939 11273 29
ta070 244275 21 11639 0 243978 10317 26
ta070 244275 25 11726 0 243940 7252 18
ta070 244275 23 11722 0 243951 11194 28
ta070 244275 21 11634 0 244011 5476 14
ta070 244275 23 11727 0 244005 9462 24
ta070 244275 21 11635 0 243940 10262 26
ta070 244275 22 11718 0 243901 6622 17
ta071 300361 35 10956 0 300089 6878 37
ta071 300361 36 10948 0 300114 1028 5
ta071 300361 36 10937 0 300047 3780 20
ta071 300361 37 10944 0 300063 9093 49
ta071 300361 36 10960 0 300049 4562 24
ta071 300361 36 10928 0 300048 6473 35
ta071 300361 33 10935 0 300047 5018 27
ta071 300361 36 10952 0 300057 10074 55
ta071 300361 36 10951 0 300063 8518 46
ta071 300361 36 10937 0 300048 9054 49
ta072 274637 33 10875 0 274622 1 0
ta072 274637 33 10929 0 274622 1 0
ta072 274637 34 10911 0 274622 1 0
ta072 274637 34 10954 0 274622 1 0
ta072 274637 34 10871 0 274622 1 0
ta072 274637 34 10959 0 274622 1 0
ta072 274637 31 10899 0 274622 1 0
ta072 274637 34 10895 0 274622 1 0
ta072 274637 34 10970 0 274622 1 0
ta072 274637 34 10888 0 274315 10719 59
ta073 289139 35 10822 0 289006 508 2
ta073 289139 36 10824 0 289006 715 3
ta073 289139 36 10887 0 289006 202 1
ta073 289139 36 10827 0 289006 1087 5
ta073 289139 39 10814 0 289006 4186 23
ta073 289139 36 10898 0 289006 1030 5
ta073 289139 36 10875 0 289006 3421 18
ta073 289139 36 10807 0 289006 205 1
ta073 289139 34 10848 0 289006 2710 14
ta073 289139 36 10901 0 289006 1695 9
ta074 302056 32 10851 0 301949 8082 44
ta074 302056 33 10893 0 301972 1092 6
ta074 302056 33 10935 0 301949 1953 10
ta074 302056 33 10901 0 301972 291 1
ta074 302056 35 10874 0 301972 52 0
ta074 302056 33 10930 0 301972 947 5
ta074 302056 31 10873 0 301972 262 1
ta074 302056 31 10868 0 301949 3382 18
ta074 302056 33 10932 0 301972 970 5
ta074 302056 34 10838 0 301972 406 2
ta075 284256 35 10862 0 284222 4975 27
ta075 284256 36 10866 0 284222 623 3
ta075 284256 39 10862 0 284169 10265 56
ta075 284256 36 10831 0 284222 4120 22
ta075 284256 36 10829 0 284222 1822 10
ta075 284256 34 10865 0 284214 4643 25
ta075 284256 33 10863 0 284222 7566 41
ta075 284256 36 10848 0 284222 3078 17
ta075 284256 36 10860 0 284222 1036 5
ta075 284256 36 10842 0 284230 1570 8
ta076 271602 35 10892 0 271408 6657 36
ta076 271602 35 10893 0 271479 6285 34
ta076 271602 35 10899 0 271343 10812 59
ta076 271602 39 10941 0 271191 10820 59
ta076 271602 36 10893 0 271595 116 0
ta076 271602 36 10918 0 271536 8879 48
ta076 271602 34 10933 0 271157 8032 44
ta076 271602 36 10926 0 271157 3717 20
ta076 271602 36 10824 0 271298 10508 58
ta076 271602 34 10908 0 271311 10820 59
ta077 280756 35 10849 0 279932 4923 27
ta077 280756 36 10861 0 279813 10397 57
ta077 280756 36 10892 0 279742 10652 58
ta077 280756 36 10866 0 279716 8538 47
ta077 280756 39 10828 0 279881 3904 21
ta077 280756 35 10833 0 279786 9794 54
ta077 280756 36 10863 0 279853 6263 34
ta077 280756 36 10897 0 279848 907 4
ta077 280756 34 10822 0 279790 8856 49
ta077 280756 36 10880 0 279683 8665 47
ta078 291032 33 10903 0 291032 0 0
ta078 291032 34 10914 0 290902 9958 54
ta078 291032 40 10910 0 290681 9170 50
ta078 291032 34 10872 0 290762 4755 26
ta078 291032 34 10866 0 290942 10735 59
ta078 291032 38 10919 0 290787 4315 23
ta078 291032 35 10907 0 290666 5568 30
ta078 291032 38 10874 0 290799 1774 9
ta078 291032 34 10916 0 290961 3996 21
ta078 291032 35 10880 0 290968 419 2
ta079 303529 34 10878 0 303278 1492 8
ta079 303529 34 10911 0 303307 9837 54
ta079 303529 34 10914 0 303340 233 1
ta079 303529 35 10929 0 303288 9727 53
ta079 303529 34 10886 0 303312 6565 36
ta079 303529 35 10903 0 303298 9361 51
ta079 303529 36 10896 0 303159 7919 43
ta079 303529 34 10850 0 303271 1676 9
ta079 303529 32 10895 0 303285 1110 6
ta079 303529 35 10926 0 303271 260 1
ta080 291997 35 10910 0 291882 5532 30
ta080 291997 35 10820 0 291605 8348 46
ta080 291997 35 10901 0 291841 4924 27
ta080 291997 35 10892 0 291747 645 3
ta080 291997 35 10913 0 291806 6018 33
ta080 291997 35 10804 0 291605 9036 50
ta080 291997 35 10914 0 291625 6121 33
ta080 291997 40 10780 0 291806 3354 18
ta080 291997 38 10833 0 291806 5882 32
ta080 291997 34 10812 0 291634 9950 55
ta081 368077 68 8753 0 367437 4889 67
ta081 368077 69 8740 0 367654 5874 80
ta081 368077 67 8712 0 367424 1028 14
ta081 368077 69 8731 0 367491 6274 86
ta081 368077 69 8765 0 367374 1770 24
ta081 368077 66 8714 0 367407 5902 81
ta081 368077 70 8716 0 367731 1788 24
ta081 368077 66 8715 0 367407 5877 80
ta081 368077 70 8723 0 367560 1233 16
ta081 368077 69 8710 0 367407 5468 75
ta082 372488 66 8757 0 372023 4134 56
ta082 372488 64 8738 0 372023 1658 22
ta082 372488 67 8760 0 372176 2747 37
ta082 372488 66 8739 0 372023 1005 13
ta082 372488 67 8765 0 372023 1946 26
ta082 372488 67 8721 0 372023 4206 57
ta082 372488 64 8739 0 372023 1351 18
ta082 372488 67 8760 0 372175 4231 57
ta082 372488 64 8724 0 372023 908 12
ta082 372488 67 8762 0 372023 1497 20
ta083 374460 64 8742 0 372932 3410 46
ta083 374460 67 8732 0 372988 2436 33
ta083 374460 65 8740 0 373097 7923 108
ta083 374460 65 8746 0 372452 8301 113
ta083 374460 66 8733 0 372953 3112 42
ta083 374460 64 8731 0 372656 5851 80
ta083 374460 65 8756 0 373124 5398 74
ta083 374460 64 8730 0 372740 3693 50
ta083 374460 64 8719 0 373297 1452 19
ta083 374460 65 8709 0 372194 5439 74
ta084 376118 65 8739 0 374772 7640 104
ta084 376118 66 8736 0 375447 3181 43
ta084 376118 69 8713 0 375216 4831 66
ta084 376118 66 8743 0 375529 7297 100
ta084 376118 68 8724 0 375387 4121 56
ta084 376118 66 8751 0 375238 8728 119
ta084 376118 64 8726 0 375648 7411 101
ta084 376118 68 8726 0 375831 5361 73
ta084 376118 64 8711 0 375388 4638 63
ta084 376118 65 8743 0 375800 1347 18
ta085 370795 68 8802 0 369763 1001 13
ta085 370795 67 8765 0 369346 8267 113
ta085 370795 67 8719 0 369387 2574 35
ta085 370795 68 8797 0 369333 4270 58
ta085 370795 65 8715 0 369674 3350 46
ta085 370795 68 8773 0 369582 3918 53
ta085 370795 64 8729 0 369630 4833 66
ta085 370795 64 8726 0 369519 5620 77
ta085 370795 68 8804 0 369345 1952 26
ta085 370795 69 8769 0 369477 8723 119
ta086 377505 66 8767 0 373874 8607 117
ta086 377505 68 8780 0 374037 5939 81
ta086 377505 67 8770 0 373383 6053 82
ta086 377505 66 8764 0 373922 7527 103
ta086 377505 66 8780 0 373249 6460 88
ta086 377505 63 8779 0 374131 6988 95
ta086 377505 63 8749 0 374029 3249 44
ta086 377505 63 8779 0 373714 6236 85
ta086 377505 67 8763 0 373408 8477 116
ta086 377505 67 8770 0 374059 1353 18
ta087 375360 62 8731 0 374891 3935 54
ta087 375360 62 8714 0 374891 7696 105
ta087 375360 62 8729 0 374891 8002 110
ta087 375360 68 8789 0 374687 3814 52
ta087 375360 66 8763 0 374891 426 5
ta087 375360 66 8796 0 374814 5120 69
ta087 375360 69 8753 0 374891 4188 57
ta087 375360 66 8773 0 374760 5816 79
ta087 375360 66 8742 0 374748 8031 110
ta087 375360 66 8789 0 374891 1638 22
ta088 386686 69 8779 0 385713 7491 102
ta088 386686 69 8750 0 385610 7769 106
ta088 386686 66 8750 0 385679 8306 113
ta088 386686 69 8766 0 386069 2537 34
ta088 386686 66 8753 0 386420 4197 57
ta088 386686 69 8778 0 386148 2527 34
ta088 386686 66 8720 0 386416 1672 22
ta088 386686 69 8779 0 385777 8207 112
ta088 386686 69 8735 0 385774 4369 59
ta088 386686 69 8775 0 385909 7323 100
ta089 376874 66 8740 0 376344 3195 44
ta089 376874 66 8747 0 375948 4861 66
ta089 376874 66 8760 0 376268 3792 52
ta089 376874 66 8762 0 376217 2474 34
ta089 376874 63 8734 0 376097 3780 52
ta089 376874 66 8711 0 375945 8434 116
ta089 376874 66 8743 0 376166 8315 114
ta089 376874 66 8734 0 376060 3309 45
ta089 376874 66 8749 0 376436 6792 93
ta089 376874 63 8730 0 376350 6674 91
ta090 381056 66 8765 0 379734 6665 91
ta090 381056 69 8784 0 379853 4524 61
ta090 381056 66 8767 0 379962 5009 68
ta090 381056 69 8763 0 379922 7938 108
ta090 381056 65 8768 0 379841 8274 113
ta090 381056 69 8789 0 379933 4306 58
ta090 381056 69 8793 0 380252 7328 99
ta090 381056 69 8741 0 379507 8328 114
ta090 381056 66 8767 0 379587 7877 107
ta090 381056 69 8791 0 379978 7635 104
ta091 1043371 262 2826 0 1042464 2599 110
ta091 1043371 263 2826 0 1042550 1699 72
ta091 1043371 263 2821 0 1042517 1794 76
ta091 1043371 261 2823 0 1042594 2026 85
ta091 1043371 262 2823 0 1042413 1630 68
ta091 1043371 263 2823 0 1042586 2773 117
ta091 1043371 265 2819 0 1042518 1488 62
ta091 1043371 263 2823 0 1042543 2266 96
ta091 1043371 261 2826 0 1042518 2321 98
ta091 1043371 262 2828 0 1042422 866 36
ta092 1028957 240 2834 0 1028879 685 28
ta092 1028957 240 2835 0 1028775 808 34
ta092 1028957 261 2839 0 1028879 2790 117
ta092 1028957 260 2834 0 1028879 1351 57
ta092 1028957 240 2839 0 1028879 1767 74
ta092 1028957 260 2838 0 1028879 593 24
ta092 1028957 261 2841 0 1028879 2550 107
ta092 1028957 261 2840 0 1028880 2 0
ta092 1028957 261 2842 0 1028879 227 9
ta092 1028957 261 2839 0 1028879 1604 67
ta093 1044579 255 2853 0 1043759 2045 86
ta093 1044579 255 2846 0 1043841 2619 110
ta093 1044579 265 2843 0 1043467 2837 119
ta093 1044579 254 2854 0 1043097 2840 119
ta093 1044579 255 2852 0 1043763 2500 105
ta093 1044579 269 2845 0 1043731 1360 57
ta093 1044579 264 2844 0 1043881 2311 97
ta093 1044579 265 2850 0 1043595 2729 114
ta093 1044579 264 2849 0 1043657 2381 100
ta093 1044579 263 2848 0 1043653 903 38
ta094 1026323 249 2864 0 1023459 2428 101
ta094 1026323 251 2842 0 1024521 2385 100
ta094 1026323 251 2836 0 1023673 2577 109
ta094 1026323 249 2866 0 1023607 2523 105
ta094 1026323 251 2836 0 1023982 2618 110
ta094 1026323 252 2840 0 1024084 2683 113
ta094 1026323 249 2869 0 1024138 2812 117
ta094 1026323 250 2862 0 1024200 2828 118
ta094 1026323 251 2842 0 1024026 2218 93
ta094 1026323 249 2866 0 1024136 1610 67
ta095 1029470 257 2865 0 1028778 2663 111
ta095 1029470 257 2864 0 1029179 2442 102
ta095 1029470 269 2855 0 1029283 2639 110
ta095 1029470 257 2864 0 1029137 2439 102
ta095 1029470 269 2857 0 1028554 2825 118
ta095 1029470 268 2853 0 1029044 2789 117
ta095 1029470 257 2869 0 1028453 2539 106
ta095 1029470 268 2852 0 1028866 2476 104
ta095 1029470 270 2856 0 1028657 2813 118
ta095 1029470 269 2858 0 1028966 2369 99
ta096 999971 264 2838 0 999490 1969 83
ta096 999971 266 2864 0 999568 2807 117
ta096 999971 266 2860 0 999651 2777 116
ta096 999971 258 2835 0 999611 1639 69
ta096 999971 263 2833 0 999374 2256 95
ta096 999971 266 2833 0 999497 2719 115
ta096 999971 266 2865 0 999252 2148 90
ta096 999971 258 2830 0 999425 2370 100
ta096 999971 266 2865 0 999525 2070 86
ta096 999971 266 2863 0 999550 1778 74
ta097 1042653 241 2853 0 1042583 2 0
ta097 1042653 241 2854 0 1042570 384 16
ta097 1042653 241 2845 0 1042570 916 38
ta097 1042653 264 2847 0 1042570 659 27
ta097 1042653 263 2862 0 1042570 1433 60
ta097 1042653 264 2852 0 1042570 913 38
ta097 1042653 264 2856 0 1042570 1478 62
ta097 1042653 264 2862 0 1042570 1932 80
ta097 1042653 264 2861 0 1042580 1164 48
ta097 1042653 264 2865 0 1042583 2 0
ta098 1035936 245 2842 0 1035915 1 0
ta098 1035936 259 2866 0 1035905 2639 110
ta098 1035936 259 2866 0 1035915 1 0
ta098 1035936 245 2844 0 1035900 1277 53
ta098 1035936 245 2839 0 1035900 2739 115
ta098 1035936 260 2861 0 1035915 1 0
ta098 1035936 261 2840 0 1035915 1 0
ta098 1035936 260 2859 0 1035915 1 0
ta098 1035936 259 2863 0 1035900 2602 109
ta098 1035936 279 2844 0 1035915 1 0
ta099 1015776 262 2851 0 1015610 1067 44
ta099 1015776 262 2859 0 1015613 1478 62
ta099 1015776 265 2848 0 1015274 2528 106
ta099 1015776 262 2861 0 1015613 1524 63
ta099 1015776 262 2861 0 1015610 2607 109
ta099 1015776 262 2857 0 1015610 2047 85
ta099 1015776 265 2848 0 1015610 1216 51
ta099 1015776 265 2850 0 1015583 2776 116
ta099 1015776 264 2847 0 1015613 1757 74
ta099 1015776 265 2848 0 1015610 303 12
ta100 1021903 259 2866 0 1021660 2308 96
ta100 1021903 259 2866 0 1021775 1331 55
ta100 1021903 261 2848 0 1021659 1969 82
ta100 1021903 261 2844 0 1021697 2681 113
ta100 1021903 261 2847 0 1021699 2180 91
ta100 1021903 263 2845 0 1021659 2785 117
ta100 1021903 259 2864 0 1021659 1779 74
ta100 1021903 259 2867 0 1021731 2448 102
ta100 1021903 259 2860 0 1021698 2134 89
ta100 1021903 261 2848 0 1021547 2677 112
ta101 1231636 453 2247 0 1224273 2075 221
ta101 1231636 456 2252 0 1223697 2103 224
ta101 1231636 453 2245 0 1224638 2242 239
ta101 1231636 453 2242 0 1222673 2016 215
ta101 1231636 453 2244 0 1223288 1922 205
ta101 1231636 456 2255 0 1224890 2128 226
ta101 1231636 456 2253 0 1225014 1786 190
ta101 1231636 455 2254 0 1225559 1858 197
ta101 1231636 457 2256 0 1224314 1992 211
ta101 1231636 453 2246 0 1224103 2141 228
ta102 1234084 441 2248 0 1232336 1685 179
ta102 1234084 487 2260 0 1232217 2013 213
ta102 1234084 487 2255 0 1232992 1881 200
ta102 1234084 487 2252 0 1232259 1858 197
ta102 1234084 470 2260 0 1233423 2185 232
ta102 1234084 487 2266 0 1232813 2130 225
ta102 1234084 487 2256 0 1232972 1199 127
ta102 1234084 487 2258 0 1232316 1996 211
ta102 1234084 441 2249 0 1233029 1981 211
ta102 1234084 487 2257 0 1232165 2241 238
ta103 1257278 440 2246 0 1254782 1502 160
ta103 1257278 443 2253 0 1254246 2009 214
ta103 1257278 439 2240 0 1254455 1695 181
ta103 1257278 443 2254 0 1254335 1395 148
ta103 1257278 440 2248 0 1254952 618 65
ta103 1257278 439 2248 0 1254666 1483 158
ta103 1257278 443 2254 0 1254231 1618 172
ta103 1257278 443 2255 0 1254838 2217 235
ta103 1257278 443 2255 0 1254369 2128 226
ta103 1257278 439 2246 0 1254631 1847 197
ta104 1227732 452 2261 0 1226934 2137 226
ta104 1227732 478 2262 0 1226851 2006 212
ta104 1227732 476 2263 0 1227058 1546 163
ta104 1227732 476 2261 0 1226822 2202 233
ta104 1227732 451 2261 0 1227392 2038 216
ta104 1227732 452 2258 0 1227088 750 79
ta104 1227732 477 2256 0 1226870 1203 127
ta104 1227732 453 2264 0 1227190 2104 223
ta104 1227732 475 2266 0 1227084 2166 229
ta104 1227732 475 2263 0 1227310 1629 172
ta105 1219361 446 2250 0 1216219 2224 237
ta105 1219361 459 2259 0 1215900 1176 124
ta105 1219361 460 2256 0 1216097 2136 227
ta105 1219361 460 2257 0 1215789 2120 225
ta105 1219361 467 2251 0 1216506 1540 164
ta105 1219361 478 2254 0 1216362 1930 205
ta105 1219361 446 2253 0 1215734 2253 240
ta105 1219361 459 2252 0 1216105 2227 237
ta105 1219361 446 2253 0 1216753 2192 233
ta105 1219361 460 2259 0 1215820 2028 215
ta106 1220161 476 2260 0 1219867 949 100
ta106 1220161 476 2265 0 1219819 416 44
ta106 1220161 456 2248 0 1219799 740 78
ta106 1220161 476 2256 0 1219663 1257 133
ta106 1220161 476 2262 0 1219911 2024 214
ta106 1220161 456 2245 0 1219671 1874 200
ta106 1220161 477 2265 0 1219743 2245 237
ta106 1220161 456 2244 0 1219818 2058 220
ta106 1220161 485 2245 0 1219772 1343 143
ta106 1220161 499 2248 0 1219896 1282 136
ta107 1237427 458 2246 0 1237198 1355 144
ta107 1237427 445 2242 0 1236983 1576 168
ta107 1237427 458 2253 0 1237246 1082 115
ta107 1237427 459 2254 0 1237233 1651 175
ta107 1237427 445 2245 0 1237222 257 27
ta107 1237427 445 2245 0 1236983 2229 238
ta107 1237427 460 2254 0 1237262 1906 202
ta107 1237427 457 2253 0 1237358 1 0
ta107 1237427 458 2252 0 1237222 946 100
ta107 1237427 445 2242 0 1237195 476 51
ta108 1234760 477 2258 0 1233765 316 33
ta108 1234760 477 2258 0 1234102 709 75
ta108 1234760 478 2256 0 1233862 1912 203
ta108 1234760 474 2251 0 1233700 2098 223
ta108 1234760 474 2248 0 1233476 1861 198
ta108 1234760 477 2258 0 1233809 959 101
ta108 1234760 474 2252 0 1233621 1618 172
ta108 1234760 474 2246 0 1233539 1875 200
ta108 1234760 478 2259 0 1233636 1729 183
ta108 1234760 474 2251 0 1233947 1566 166
ta109 1222689 477 2261 0 1222525 1759 186
ta109 1222689 483 2264 0 1222464 2084 220
ta109 1222689 479 2266 0 1222475 2100 222
ta109 1222689 482 2263 0 1222420 1972 209
ta109 1222689 484 2265 0 1222511 810 85
ta109 1222689 478 2265 0 1222393 1260 133
ta109 1222689 483 2267 0 1222531 2229 235
ta109 1222689 477 2266 0 1222381 978 103
ta109 1222689 483 2266 0 1222543 2265 239
ta109 1222689 478 2266 0 1222397 1289 136
ta110 1235567 454 2241 0 1235142 1667 178
ta110 1235567 452 2258 0 1235359 2114 224
ta110 1235567 454 2241 0 1235369 430 46
ta110 1235567 453 2258 0 1235369 680 72
ta110 1235567 453 2255 0 1235369 301 32
ta110 1235567 453 2258 0 1235061 1812 192
ta110 1235567 454 2237 0 1235257 2045 219
ta110 1235567 454 2241 0 1235369 921 98
ta110 1235567 453 2258 0 1235117 1842 195
ta110 1235567 454 2244 0 1235004 966 103
ta111 6562851 6373 350 0 6562803 1 0
ta111 6562851 6355 350 0 6562803 1 0
ta111 6562851 6357 350 0 6562803 1 0
ta111 6562851 6355 350 0 6562779 343 580
ta111 6562851 6354 350 0 6562803 1 0
ta111 6562851 6355 350 0 6562746 258 436
ta111 6562851 6370 351 0 6562722 211 357
ta111 6562851 6374 351 0 6562803 1 0
ta111 6562851 6375 351 0 6562803 1 0
ta111 6562851 6374 351 0 6562803 1 0
ta112 6680646 6125 350 0 6678185 229 388
ta112 6680646 6116 350 0 6677623 26 44
ta112 6680646 6137 351 0 6678257 347 586
ta112 6680646 6164 352 0 6678256 146 246
ta112 6680646 6162 352 0 6677701 231 389
ta112 6680646 6115 351 0 6678046 223 377
ta112 6680646 6164 353 0 6678174 239 402
ta112 6680646 6163 352 0 6678149 166 280
ta112 6680646 6168 353 0 6678137 262 441
ta112 6680646 6117 351 0 6677969 266 450
ta113 6632778 6360 351 0 6632778 0 0
ta113 6632778 6390 352 0 6632562 346 583
ta113 6632778 6362 351 0 6632448 117 198
ta113 6632778 6356 351 0 6632778 0 0
ta113 6632778 6359 351 0 6632748 154 261
ta113 6632778 6389 352 0 6632778 0 0
ta113 6632778 6387 352 0 6632778 0 0
ta113 6632778 6388 352 0 6632778 0 0
ta113 6632778 6391 352 0 6632763 299 505
ta113 6632778 6359 351 0 6632778 0 0
ta114 6634413 6220 352 0 6633878 216 364
ta114 6634413 6300 351 0 6633985 268 451
ta114 6634413 6240 351 0 6634003 23 38
ta114 6634413 6129 351 0 6633980 256 433
ta114 6634413 6236 351 0 6633917 170 288
ta114 6634413 6294 352 0 6633914 176 296
ta114 6634413 6294 352 0 6633838 105 177
ta114 6634413 6296 352 0 6633833 336 568
ta114 6634413 6241 353 0 6633843 89 148
ta114 6634413 6295 353 0 6633858 242 408
ta115 6614569 6234 348 0 6611081 238 406
ta115 6614569 6229 349 0 6610931 315 536
ta115 6614569 6149 349 0 6611339 162 276
ta115 6614569 6227 352 0 6611363 153 258
ta115 6614569 6146 349 0 6610564 197 335
ta115 6614569 6202 351 0 6610299 348 589
ta115 6614569 6219 352 0 6610718 196 330
ta115 6614569 6227 349 0 6611504 147 250
ta115 6614569 6225 352 0 6610788 203 342
ta115 6614569 6273 352 0 6611198 198 334
ta116 6606300 6218 350 0 6606107 14 23
ta116 6606300 6218 350 0 6606153 10 16
ta116 6606300 6260 351 0 6606107 230 388
ta116 6606300 6220 350 0 6606130 267 453
ta116 6606300 6223 350 0 6606107 331 562
ta116 6606300 6260 351 0 6606143 5 8
ta116 6606300 6261 351 0 6606107 332 562
ta116 6606300 6263 351 0 6606107 240 407
ta116 6606300 6259 351 0 6606107 277 469
ta116 6606300 6234 352 0 6606107 127 214
ta117 6576738 6441 351 0 6576737 1 0
ta117 6576738 6441 350 0 6576657 128 216
ta117 6576738 6441 351 0 6576737 1 0
ta117 6576738 6440 351 0 6576737 1 0
ta117 6576738 6354 350 0 6576737 1 0
ta117 6576738 6385 350 0 6576734 234 397
ta117 6576738 6387 350 0 6576737 1 0
ta117 6576738 6358 350 0 6576737 1 0
ta117 6576738 6439 352 0 6576737 1 0
ta117 6576738 6395 352 0 6576737 1 0
ta118 6629449 6209 350 0 6629360 68 115
ta118 6629449 6274 353 0 6629245 234 393
ta118 6629449 6278 353 0 6629308 304 511
ta118 6629449 6245 351 0 6629371 302 511
ta118 6629449 6275 353 0 6629352 285 479
ta118 6629449 6207 351 0 6629295 341 577
ta118 6629449 6255 352 0 6629261 204 343
ta118 6629449 6232 351 0 6629371 307 520
ta118 6629449 6279 352 0 6629440 16 26
ta118 6629449 6276 354 0 6628915 301 504
ta119 6569309 6330 349 0 6569277 175 297
ta119 6569309 6332 349 0 6569309 0 0
ta119 6569309 6375 350 0 6569309 0 0
ta119 6569309 6374 351 0 6569126 335 567
ta119 6569309 6335 349 0 6569277 119 202
ta119 6569309 6374 351 0 6569309 0 0
ta119 6569309 6370 351 0 6569309 0 0
ta119 6569309 6331 349 0 6569282 309 524
ta119 6569309 6376 351 0 6569285 302 511
ta119 6569309 6345 351 0 6569309 0 0
ta120 6618726 6401 351 0 6616815 218 367
ta120 6618726 6410 351 0 6615243 233 394
ta120 6618726 6335 351 0 6616471 297 502
ta120 6618726 6402 351 0 6615973 193 324
ta120 6618726 6333 350 0 6615629 88 149
ta120 6618726 6332 349 0 6616962 343 585
ta120 6618726 6404 352 0 6617653 36 60
ta120 6618726 6335 350 0 6616876 338 575
ta120 6618726 6332 351 0 6617241 320 542
ta120 6618726 6404 351 0 6617350 153 259
